Table 1
,,,,,,,,,,,,,
,,Adidas Sales Database,,,,,,,,,,,
,,,,,,,,,,,,,
,,,,,,,,,,,,,
,Retailer,Retailer ID,Invoice Date,Region,State,City,Product,Price per Unit,Units Sold,Total Sales,Operating Profit,Operating Margin,Sales Method
,Foot Locker,1185732,1/1/20,Northeast,New York,New York,Men's Street Footwear,$50.00 ,"1,200","$600,000 ","$300,000 ",50%,In-store
,Foot Locker,1185732,1/2/20,Northeast,New York,New York,Men's Athletic Footwear,$50.00 ,"1,000","$500,000 ","$150,000 ",30%,In-store
,Foot Locker,1185732,1/3/20,Northeast,New York,New York,Women's Street Footwear,$40.00 ,"1,000","$400,000 ","$140,000 ",35%,In-store
,Foot Locker,1185732,1/4/20,Northeast,New York,New York,Women's Athletic Footwear,$45.00 ,850,"$382,500 ","$133,875 ",35%,In-store
,Foot Locker,1185732,1/5/20,Northeast,New York,New York,Men's Apparel,$60.00 ,900,"$540,000 ","$162,000 ",30%,In-store
,Foot Locker,1185732,1/6/20,Northeast,New York,New York,Women's Apparel,$50.00 ,"1,000","$500,000 ","$125,000 ",25%,In-store
,Foot Locker,1185732,1/7/20,Northeast,New York,New York,Men's Street Footwear,$50.00 ,"1,250","$625,000 ","$312,500 ",50%,In-store
,Foot Locker,1185732,1/8/20,Northeast,New York,New York,Men's Athletic Footwear,$50.00 ,900,"$450,000 ","$135,000 ",30%,Outlet
,Foot Locker,1185732,1/21/20,Northeast,New York,New York,Women's Street Footwear,$40.00 ,950,"$380,000 ","$133,000 ",35%,Outlet
,Foot Locker,1185732,1/22/20,Northeast,New York,New York,Women's Athletic Footwear,$45.00 ,825,"$371,250 ","$129,938 ",35%,Outlet
,Foot Locker,1185732,1/23/20,Northeast,New York,New York,Men's Apparel,$60.00 ,900,"$540,000 ","$162,000 ",30%,Outlet
,Foot Locker,1185732,1/24/20,Northeast,New York,New York,Women's Apparel,$50.00 ,"1,000","$500,000 ","$125,000 ",25%,Outlet
,Foot Locker,1185732,1/25/20,Northeast,New York,New York,Men's Street Footwear,$50.00 ,"1,220","$610,000 ","$305,000 ",50%,Outlet
,Foot Locker,1185732,1/26/20,Northeast,New York,New York,Men's Athletic Footwear,$50.00 ,925,"$462,500 ","$138,750 ",30%,Outlet
,Foot Locker,1185732,1/27/20,Northeast,New York,New York,Women's Street Footwear,$40.00 ,950,"$380,000 ","$133,000 ",35%,Outlet
,Foot Locker,1185732,1/28/20,Northeast,New York,New York,Women's Athletic Footwear,$45.00 ,800,"$360,000 ","$126,000 ",35%,Outlet
,Foot Locker,1185732,1/29/20,Northeast,New York,New York,Men's Apparel,$60.00 ,850,"$510,000 ","$153,000 ",30%,Outlet
,Foot Locker,1185732,1/30/20,Northeast,New York,New York,Women's Apparel,$50.00 ,950,"$475,000 ","$118,750 ",25%,Outlet
,Foot Locker,1185732,1/31/20,Northeast,New York,New York,Men's Street Footwear,$50.00 ,"1,200","$600,000 ","$300,000 ",50%,Outlet
,Foot Locker,1185732,2/1/20,Northeast,New York,New York,Men's Athletic Footwear,$50.00 ,900,"$450,000 ","$135,000 ",30%,Outlet
,Foot Locker,1185732,2/2/20,Northeast,New York,New York,Women's Street Footwear,$40.00 ,900,"$360,000 ","$126,000 ",35%,Outlet
,Foot Locker,1185732,2/3/20,Northeast,New York,New York,Women's Athletic Footwear,$45.00 ,825,"$371,250 ","$129,938 ",35%,Outlet
,Foot Locker,1185732,2/4/20,Northeast,New York,New York,Men's Apparel,$60.00 ,825,"$495,000 ","$148,500 ",30%,Outlet
,Foot Locker,1185732,2/5/20,Northeast,New York,New York,Women's Apparel,$50.00 ,950,"$475,000 ","$118,750 ",25%,Outlet
,Foot Locker,1185732,2/6/20,Northeast,New York,New York,Men's Street Footwear,$60.00 ,"1,220","$732,000 ","$366,000 ",50%,Outlet
,Foot Locker,1185732,2/7/20,Northeast,New York,New York,Men's Athletic Footwear,$55.00 ,925,"$508,750 ","$152,625 ",30%,Outlet
,Foot Locker,1185732,2/8/20,Northeast,New York,New York,Women's Street Footwear,$50.00 ,900,"$450,000 ","$157,500 ",35%,Outlet
,Foot Locker,1185732,2/9/20,Northeast,New York,New York,Women's Athletic Footwear,$50.00 ,850,"$425,000 ","$148,750 ",35%,Outlet
,Foot Locker,1185732,2/10/20,Northeast,New York,New York,Men's Apparel,$60.00 ,875,"$525,000 ","$157,500 ",30%,Outlet
,Foot Locker,1185732,3/3/20,Northeast,New York,New York,Women's Apparel,$65.00 ,"1,000","$650,000 ","$162,500 ",25%,Outlet
,Foot Locker,1185732,3/4/20,Northeast,New York,New York,Men's Street Footwear,$60.00 ,"1,250","$750,000 ","$375,000 ",50%,Outlet
,Foot Locker,1185732,3/5/20,Northeast,New York,New York,Men's Athletic Footwear,$55.00 ,"1,000","$550,000 ","$165,000 ",30%,Outlet
,Foot Locker,1185732,3/6/20,Northeast,New York,New York,Women's Street Footwear,$50.00 ,925,"$462,500 ","$161,875 ",35%,Outlet
,Foot Locker,1185732,3/7/20,Northeast,New York,New York,Women's Athletic Footwear,$50.00 ,900,"$450,000 ","$157,500 ",35%,Outlet
,Foot Locker,1185732,3/8/20,Northeast,New York,New York,Men's Apparel,$60.00 ,900,"$540,000 ","$162,000 ",30%,Outlet
,Foot Locker,1185732,3/9/20,Northeast,New York,New York,Women's Apparel,$65.00 ,"1,050","$682,500 ","$170,625 ",25%,Outlet
,Foot Locker,1185732,3/10/20,Northeast,New York,New York,Men's Street Footwear,$60.00 ,"1,275","$765,000 ","$382,500 ",50%,Outlet
,Foot Locker,1185732,3/11/20,Northeast,New York,New York,Men's Athletic Footwear,$55.00 ,"1,025","$563,750 ","$169,125 ",30%,Outlet
,Foot Locker,1185732,3/12/20,Northeast,New York,New York,Women's Street Footwear,$50.00 ,950,"$475,000 ","$166,250 ",35%,Outlet
,Foot Locker,1185732,3/13/20,Northeast,New York,New York,Women's Athletic Footwear,$50.00 ,900,"$450,000 ","$157,500 ",35%,Outlet
,Foot Locker,1185732,3/14/20,Northeast,New York,New York,Men's Apparel,$60.00 ,925,"$555,000 ","$166,500 ",30%,Outlet
,Foot Locker,1185732,3/15/20,Northeast,New York,New York,Women's Apparel,$65.00 ,"1,100","$715,000 ","$178,750 ",25%,Outlet
,Foot Locker,1185732,3/16/20,Northeast,New York,New York,Men's Street Footwear,$60.00 ,"1,250","$750,000 ","$375,000 ",50%,Outlet
,Foot Locker,1185732,3/17/20,Northeast,New York,New York,Men's Athletic Footwear,$55.00 ,"1,025","$563,750 ","$169,125 ",30%,Outlet
,Foot Locker,1185732,3/18/20,Northeast,New York,New York,Women's Street Footwear,$50.00 ,950,"$475,000 ","$166,250 ",35%,Outlet
,Foot Locker,1185732,3/31/20,Northeast,New York,New York,Women's Athletic Footwear,$50.00 ,925,"$462,500 ","$161,875 ",35%,Outlet
,Walmart,1185732,4/17/20,Northeast,New York,New York,Men's Apparel,$60.00 ,900,"$540,000 ","$162,000 ",30%,Outlet
,Walmart,1185732,4/18/20,Northeast,New York,New York,Women's Apparel,$65.00 ,"1,075","$698,750 ","$174,688 ",25%,Outlet
,Walmart,1185732,4/19/20,Northeast,New York,New York,Men's Street Footwear,$60.00 ,"1,200","$720,000 ","$360,000 ",50%,Outlet
,Walmart,1185732,4/20/20,Northeast,New York,New York,Men's Athletic Footwear,$55.00 ,"1,000","$550,000 ","$165,000 ",30%,Outlet
,Walmart,1185732,4/21/20,Northeast,New York,New York,Women's Street Footwear,$50.00 ,925,"$462,500 ","$161,875 ",35%,Outlet
,Walmart,1185732,4/22/20,Northeast,New York,New York,Women's Athletic Footwear,$50.00 ,900,"$450,000 ","$157,500 ",35%,Outlet
,Walmart,1185732,4/23/20,Northeast,New York,New York,Men's Apparel,$60.00 ,900,"$540,000 ","$162,000 ",30%,Outlet
,Walmart,1185732,4/24/20,Northeast,New York,New York,Women's Apparel,$65.00 ,"1,000","$650,000 ","$162,500 ",25%,Outlet
,Walmart,1185732,4/25/20,Northeast,New York,New York,Men's Apparel,$65.00 ,875,"$568,750 ","$170,625 ",30%,Outlet
,Walmart,1185732,4/26/20,Northeast,New York,New York,Women's Apparel,$70.00 ,"1,000","$700,000 ","$175,000 ",25%,Outlet
,Walmart,1185732,4/27/20,Northeast,New York,New York,Men's Street Footwear,$65.00 ,"1,150","$747,500 ","$373,750 ",50%,Outlet
,Walmart,1185732,4/28/20,Northeast,New York,New York,Men's Athletic Footwear,$55.00 ,975,"$536,250 ","$160,875 ",30%,Outlet
,Walmart,1185732,4/29/20,Northeast,New York,New York,Women's Street Footwear,$55.00 ,920,"$506,000 ","$177,100 ",35%,Outlet
,Walmart,1185732,4/30/20,Northeast,New York,New York,Women's Athletic Footwear,$55.00 ,900,"$495,000 ","$173,250 ",35%,Outlet
,Walmart,1185732,5/1/20,Northeast,New York,New York,Men's Apparel,$65.00 ,875,"$568,750 ","$170,625 ",30%,Outlet
,Walmart,1185732,5/2/20,Northeast,New York,New York,Women's Apparel,$70.00 ,975,"$682,500 ","$170,625 ",25%,Outlet
,Walmart,1185732,5/3/20,Northeast,New York,New York,Men's Street Footwear,$65.00 ,"1,200","$780,000 ","$390,000 ",50%,Outlet
,Walmart,1185732,5/4/20,Northeast,New York,New York,Men's Athletic Footwear,$55.00 ,"1,000","$550,000 ","$165,000 ",30%,Outlet
,Walmart,1185732,5/5/20,Northeast,New York,New York,Women's Street Footwear,$55.00 ,950,"$522,500 ","$182,875 ",35%,Outlet
,Walmart,1185732,5/6/20,Northeast,New York,New York,Women's Athletic Footwear,$55.00 ,900,"$495,000 ","$173,250 ",35%,Outlet
,Walmart,1185732,5/7/20,Northeast,New York,New York,Men's Apparel,$65.00 ,900,"$585,000 ","$175,500 ",30%,Outlet
,Walmart,1185732,7/18/20,Northeast,New York,New York,Women's Apparel,$70.00 ,"1,000","$700,000 ","$175,000 ",25%,Outlet
,Sports Direct,1197831,7/19/20,Northeast,New York,New York,Men's Street Footwear,$25.00 ,900,"$225,000 ","$78,750 ",35%,Outlet
,Sports Direct,1197831,7/20/20,Northeast,New York,New York,Men's Athletic Footwear,$35.00 ,900,"$315,000 ","$110,250 ",35%,Outlet
,Sports Direct,1197831,7/21/20,Northeast,New York,New York,Women's Street Footwear,$35.00 ,700,"$245,000 ","$85,750 ",35%,Outlet
,Sports Direct,1197831,7/22/20,Northeast,New York,New York,Women's Athletic Footwear,$35.00 ,700,"$245,000 ","$110,250 ",45%,Outlet
,Sports Direct,1197831,7/23/20,South,Texas,Houston,Men's Apparel,$40.00 ,550,"$220,000 ","$66,000 ",30%,Outlet
,Sports Direct,1197831,7/24/20,South,Texas,Houston,Women's Apparel,$35.00 ,700,"$245,000 ","$122,500 ",50%,Outlet
,Sports Direct,1197831,7/25/20,South,Texas,Houston,Men's Street Footwear,$25.00 ,850,"$212,500 ","$74,375 ",35%,Outlet
,Sports Direct,1197831,7/26/20,South,Texas,Houston,Men's Athletic Footwear,$35.00 ,850,"$297,500 ","$104,125 ",35%,Outlet
,Sports Direct,1197831,7/27/20,South,Texas,Houston,Women's Street Footwear,$35.00 ,675,"$236,250 ","$82,688 ",35%,Outlet
,Sports Direct,1197831,7/28/20,South,Texas,Houston,Women's Athletic Footwear,$35.00 ,625,"$218,750 ","$98,438 ",45%,Outlet
,Sports Direct,1197831,7/29/20,South,Texas,Houston,Men's Apparel,$40.00 ,500,"$200,000 ","$60,000 ",30%,Outlet
,Sports Direct,1197831,7/30/20,South,Texas,Houston,Women's Apparel,$35.00 ,700,"$245,000 ","$122,500 ",50%,Outlet
,Sports Direct,1197831,7/31/20,South,Texas,Houston,Men's Street Footwear,$30.00 ,875,"$262,500 ","$91,875 ",35%,Outlet
,Sports Direct,1197831,8/1/20,South,Texas,Houston,Men's Athletic Footwear,$40.00 ,875,"$350,000 ","$122,500 ",35%,Outlet
,Sports Direct,1197831,8/2/20,South,Texas,Houston,Women's Street Footwear,$35.00 ,700,"$245,000 ","$85,750 ",35%,Outlet
,Sports Direct,1197831,8/3/20,South,Texas,Houston,Women's Athletic Footwear,$40.00 ,600,"$240,000 ","$108,000 ",45%,Outlet
,Sports Direct,1197831,8/4/20,South,Texas,Houston,Men's Apparel,$45.00 ,500,"$225,000 ","$67,500 ",30%,Outlet
,Sports Direct,1197831,8/5/20,South,Texas,Houston,Women's Apparel,$40.00 ,650,"$260,000 ","$130,000 ",50%,Outlet
,Sports Direct,1197831,8/6/20,South,Texas,Houston,Men's Street Footwear,$30.00 ,900,"$270,000 ","$94,500 ",35%,Outlet
,Sports Direct,1197831,8/7/20,South,Texas,Houston,Men's Athletic Footwear,$40.00 ,900,"$360,000 ","$126,000 ",35%,Outlet
,Sports Direct,1197831,8/8/20,South,Texas,Houston,Women's Street Footwear,$35.00 ,725,"$253,750 ","$88,813 ",35%,Outlet
,Sports Direct,1197831,8/9/20,South,Texas,Houston,Women's Athletic Footwear,$40.00 ,625,"$250,000 ","$112,500 ",45%,Outlet
,Walmart,1197831,8/10/20,South,Texas,Houston,Men's Apparel,$45.00 ,525,"$236,250 ","$70,875 ",30%,Outlet
,Walmart,1197831,8/11/20,South,Texas,Houston,Women's Apparel,$40.00 ,800,"$320,000 ","$160,000 ",50%,Outlet
,Walmart,1197831,8/12/20,South,Texas,Houston,Men's Street Footwear,$30.00 ,925,"$277,500 ","$97,125 ",35%,Outlet
,Walmart,1197831,8/13/20,South,Texas,Houston,Men's Athletic Footwear,$40.00 ,925,"$370,000 ","$129,500 ",35%,Outlet
,Walmart,1197831,8/14/20,South,Texas,Houston,Women's Street Footwear,$35.00 ,775,"$271,250 ","$94,938 ",35%,Outlet
,Walmart,1197831,8/15/20,South,Texas,Houston,Women's Athletic Footwear,$40.00 ,700,"$280,000 ","$126,000 ",45%,Outlet
,Walmart,1197831,8/16/20,South,Texas,Houston,Men's Apparel,$45.00 ,600,"$270,000 ","$81,000 ",30%,Outlet
,Walmart,1197831,8/17/20,South,Texas,Houston,Women's Apparel,$40.00 ,950,"$380,000 ","$190,000 ",50%,Outlet
,Walmart,1197831,8/18/20,South,Texas,Houston,Men's Street Footwear,$40.00 ,950,"$380,000 ","$133,000 ",35%,Outlet
,Walmart,1197831,8/19/20,South,Texas,Houston,Men's Athletic Footwear,$45.00 ,950,"$427,500 ","$149,625 ",35%,Outlet
,Walmart,1197831,8/20/20,South,Texas,Houston,Women's Street Footwear,$40.00 ,800,"$320,000 ","$112,000 ",35%,Outlet
,Walmart,1197831,8/21/20,South,Texas,Houston,Women's Athletic Footwear,$40.00 ,750,"$300,000 ","$135,000 ",45%,Outlet
,Walmart,1197831,8/22/20,South,Texas,Houston,Men's Apparel,$45.00 ,650,"$292,500 ","$87,750 ",30%,Outlet
,Walmart,1197831,8/23/20,South,Texas,Houston,Women's Apparel,$50.00 ,"1,000","$500,000 ","$250,000 ",50%,Outlet
,Walmart,1197831,8/24/20,South,Texas,Houston,Men's Street Footwear,$40.00 ,950,"$380,000 ","$133,000 ",35%,Outlet
,Walmart,1197831,8/25/20,South,Texas,Houston,Men's Athletic Footwear,$45.00 ,950,"$427,500 ","$149,625 ",35%,Outlet
,Walmart,1197831,8/26/20,South,Texas,Houston,Women's Street Footwear,$40.00 ,"1,100","$440,000 ","$154,000 ",35%,Outlet
,Walmart,1197831,8/27/20,South,Texas,Houston,Women's Athletic Footwear,$40.00 ,700,"$280,000 ","$126,000 ",45%,Outlet
,Walmart,1197831,8/28/20,South,Texas,Houston,Men's Apparel,$45.00 ,700,"$315,000 ","$94,500 ",30%,Outlet
,Walmart,1197831,8/29/20,South,Texas,Houston,Women's Apparel,$50.00 ,975,"$487,500 ","$243,750 ",50%,Outlet
,Walmart,1197831,8/30/20,South,Texas,Houston,Men's Street Footwear,$40.00 ,925,"$370,000 ","$129,500 ",35%,Outlet
,Walmart,1197831,8/31/20,South,Texas,Houston,Men's Athletic Footwear,$45.00 ,925,"$416,250 ","$145,688 ",35%,Outlet
,Walmart,1197831,9/1/20,South,Texas,Houston,Women's Street Footwear,$40.00 ,"1,100","$440,000 ","$154,000 ",35%,Outlet
,Walmart,1197831,9/2/20,South,Texas,Houston,Women's Athletic Footwear,$40.00 ,650,"$260,000 ","$117,000 ",45%,Outlet
,Walmart,1197831,9/3/20,South,Texas,Houston,Men's Apparel,$45.00 ,650,"$292,500 ","$87,750 ",30%,Outlet
,Walmart,1197831,9/4/20,South,Texas,Houston,Women's Apparel,$50.00 ,900,"$450,000 ","$225,000 ",50%,Outlet
,Walmart,1197831,9/5/20,South,Texas,Houston,Men's Street Footwear,$45.00 ,850,"$382,500 ","$133,875 ",35%,Outlet
,Walmart,1197831,9/6/20,South,Texas,Houston,Men's Athletic Footwear,$45.00 ,850,"$382,500 ","$133,875 ",35%,Outlet
,Walmart,1197831,9/7/20,South,Texas,Houston,Women's Street Footwear,$50.00 ,900,"$450,000 ","$157,500 ",35%,Outlet
,Walmart,1197831,9/8/20,South,Texas,Houston,Women's Athletic Footwear,$50.00 ,625,"$312,500 ","$140,625 ",45%,Outlet
,Walmart,1197831,9/9/20,South,Texas,Houston,Men's Apparel,$45.00 ,625,"$281,250 ","$84,375 ",30%,Outlet
,Walmart,1197831,9/10/20,South,Texas,Houston,Women's Apparel,$55.00 ,850,"$467,500 ","$233,750 ",50%,Outlet
,Walmart,1197831,9/11/20,South,Texas,Houston,Men's Street Footwear,$45.00 ,800,"$360,000 ","$126,000 ",35%,Outlet
,Walmart,1197831,9/12/20,South,Texas,Houston,Men's Athletic Footwear,$45.00 ,800,"$360,000 ","$126,000 ",35%,Outlet
,Walmart,1197831,9/13/20,South,Texas,Houston,Women's Street Footwear,$50.00 ,750,"$375,000 ","$131,250 ",35%,Outlet
,Walmart,1197831,9/14/20,South,Texas,Houston,Women's Athletic Footwear,$50.00 ,600,"$300,000 ","$135,000 ",45%,Outlet
,Walmart,1197831,9/15/20,South,Texas,Houston,Men's Apparel,$45.00 ,575,"$258,750 ","$77,625 ",30%,Outlet
,Walmart,1197831,9/16/20,South,Texas,Houston,Women's Apparel,$55.00 ,750,"$412,500 ","$206,250 ",50%,Outlet
,Walmart,1197831,10/20/20,South,Texas,Houston,Men's Street Footwear,$45.00 ,900,"$405,000 ","$141,750 ",35%,Outlet
,Walmart,1197831,10/21/20,South,Texas,Houston,Men's Athletic Footwear,$45.00 ,900,"$405,000 ","$141,750 ",35%,Outlet
,Walmart,1197831,10/22/20,South,Texas,Houston,Women's Street Footwear,$50.00 ,825,"$412,500 ","$144,375 ",35%,Outlet
,Walmart,1197831,10/23/20,South,Texas,Houston,Women's Athletic Footwear,$50.00 ,675,"$337,500 ","$151,875 ",45%,Outlet
,Walmart,1197831,10/24/20,South,Texas,Houston,Men's Apparel,$45.00 ,650,"$292,500 ","$87,750 ",30%,Outlet
,Walmart,1197831,10/25/20,South,Texas,Houston,Women's Apparel,$55.00 ,850,"$467,500 ","$233,750 ",50%,Outlet
,Walmart,1197831,10/26/20,South,Texas,Houston,Men's Street Footwear,$45.00 ,950,"$427,500 ","$149,625 ",35%,Outlet
,Walmart,1197831,10/27/20,South,Texas,Houston,Men's Athletic Footwear,$45.00 ,950,"$427,500 ","$149,625 ",35%,Outlet
,Walmart,1197831,10/28/20,South,Texas,Houston,Women's Street Footwear,$50.00 ,850,"$425,000 ","$148,750 ",35%,Outlet
,Walmart,1197831,10/29/20,South,Texas,Houston,Women's Athletic Footwear,$50.00 ,700,"$350,000 ","$157,500 ",45%,Outlet
,Walmart,1197831,10/30/20,South,Texas,Houston,Men's Apparel,$45.00 ,650,"$292,500 ","$87,750 ",30%,Outlet
,Walmart,1197831,10/31/20,South,Texas,Houston,Women's Apparel,$55.00 ,900,"$495,000 ","$247,500 ",50%,Outlet
,West Gear,1128299,11/1/20,South,Texas,Houston,Men's Street Footwear,$40.00 ,775,"$310,000 ","$108,500 ",35%,Outlet
,West Gear,1128299,11/2/20,South,Texas,Houston,Men's Athletic Footwear,$50.00 ,775,"$387,500 ","$77,500 ",20%,Outlet
,West Gear,1128299,11/3/20,South,Texas,Houston,Women's Street Footwear,$50.00 ,775,"$387,500 ","$135,625 ",35%,Outlet
,West Gear,1128299,11/4/20,South,Texas,Houston,Women's Athletic Footwear,$50.00 ,625,"$312,500 ","$93,750 ",30%,Outlet
,West Gear,1128299,11/5/20,West,California,San Francisco,Men's Apparel,$55.00 ,575,"$316,250 ","$158,125 ",50%,Outlet
,West Gear,1128299,11/6/20,West,California,San Francisco,Women's Apparel,$50.00 ,775,"$387,500 ","$58,125 ",15%,Outlet
,West Gear,1128299,11/7/20,West,California,San Francisco,Men's Street Footwear,$40.00 ,825,"$330,000 ","$115,500 ",35%,Outlet
,West Gear,1128299,11/8/20,West,California,San Francisco,Men's Athletic Footwear,$50.00 ,725,"$362,500 ","$72,500 ",20%,Outlet
,West Gear,1128299,11/9/20,West,California,San Francisco,Women's Street Footwear,$50.00 ,725,"$362,500 ","$126,875 ",35%,Outlet
,West Gear,1128299,11/10/20,West,California,San Francisco,Women's Athletic Footwear,$50.00 ,575,"$287,500 ","$86,250 ",30%,Outlet
,West Gear,1128299,11/11/20,West,California,San Francisco,Men's Apparel,$55.00 ,500,"$275,000 ","$137,500 ",50%,Outlet
,West Gear,1128299,11/12/20,West,California,San Francisco,Women's Apparel,$50.00 ,700,"$350,000 ","$52,500 ",15%,Outlet
,West Gear,1128299,11/13/20,West,California,San Francisco,Men's Street Footwear,$50.00 ,850,"$425,000 ","$148,750 ",35%,Outlet
,West Gear,1128299,11/14/20,West,California,San Francisco,Men's Athletic Footwear,$60.00 ,700,"$420,000 ","$84,000 ",20%,Outlet
,West Gear,1128299,11/15/20,West,California,San Francisco,Women's Street Footwear,$60.00 ,700,"$420,000 ","$147,000 ",35%,Outlet
,West Gear,1128299,12/22/20,West,California,San Francisco,Women's Athletic Footwear,$60.00 ,600,"$360,000 ","$108,000 ",30%,Outlet
,West Gear,1128299,12/23/20,West,California,San Francisco,Men's Apparel,$65.00 ,500,"$325,000 ","$162,500 ",50%,Outlet
,West Gear,1128299,12/24/20,West,California,San Francisco,Women's Apparel,$60.00 ,700,"$420,000 ","$63,000 ",15%,Outlet
,West Gear,1128299,12/25/20,West,California,San Francisco,Men's Street Footwear,$60.00 ,875,"$525,000 ","$183,750 ",35%,Outlet
,West Gear,1128299,12/26/20,West,California,San Francisco,Men's Athletic Footwear,$65.00 ,675,"$438,750 ","$87,750 ",20%,Outlet
,West Gear,1128299,12/27/20,West,California,San Francisco,Women's Street Footwear,$65.00 ,725,"$471,250 ","$164,938 ",35%,Outlet
,West Gear,1128299,12/28/20,West,California,San Francisco,Women's Athletic Footwear,$60.00 ,625,"$375,000 ","$112,500 ",30%,Outlet
,West Gear,1128299,12/29/20,West,California,San Francisco,Men's Apparel,$65.00 ,525,"$341,250 ","$170,625 ",50%,Outlet
,West Gear,1128299,12/30/20,West,California,San Francisco,Women's Apparel,$80.00 ,700,"$560,000 ","$84,000 ",15%,Outlet
,West Gear,1128299,12/31/20,West,California,San Francisco,Men's Street Footwear,$60.00 ,900,"$540,000 ","$216,000 ",40%,Outlet
,West Gear,1128299,1/1/21,West,California,San Francisco,Men's Athletic Footwear,$65.00 ,750,"$487,500 ","$121,875 ",25%,Outlet
,West Gear,1128299,1/2/21,West,California,San Francisco,Women's Street Footwear,$65.00 ,750,"$487,500 ","$195,000 ",40%,Outlet
,West Gear,1128299,1/3/21,West,California,San Francisco,Women's Athletic Footwear,$60.00 ,650,"$390,000 ","$136,500 ",35%,Outlet
,West Gear,1128299,1/4/21,West,California,San Francisco,Men's Apparel,$65.00 ,550,"$357,500 ","$196,625 ",55%,Outlet
,West Gear,1128299,1/5/21,West,California,San Francisco,Women's Apparel,$80.00 ,725,"$580,000 ","$116,000 ",20%,Outlet
,West Gear,1128299,1/6/21,West,California,San Francisco,Men's Street Footwear,$60.00 ,975,"$585,000 ","$234,000 ",40%,Outlet
,West Gear,1128299,1/7/21,West,California,San Francisco,Men's Athletic Footwear,$65.00 ,825,"$536,250 ","$134,063 ",25%,Outlet
,West Gear,1128299,1/8/21,West,California,San Francisco,Women's Street Footwear,$65.00 ,825,"$536,250 ","$214,500 ",40%,Outlet
,West Gear,1128299,1/9/21,West,California,San Francisco,Women's Athletic Footwear,$60.00 ,700,"$420,000 ","$147,000 ",35%,Outlet
,West Gear,1128299,1/10/21,West,California,San Francisco,Men's Apparel,$65.00 ,575,"$373,750 ","$205,563 ",55%,Outlet
,West Gear,1128299,1/11/21,West,California,San Francisco,Women's Apparel,$80.00 ,875,"$700,000 ","$140,000 ",20%,Outlet
,West Gear,1128299,1/12/21,West,California,San Francisco,Men's Street Footwear,$60.00 ,"1,025","$615,000 ","$215,250 ",35%,Outlet
,West Gear,1128299,1/13/21,West,California,San Francisco,Men's Athletic Footwear,$65.00 ,875,"$568,750 ","$113,750 ",20%,Outlet
,West Gear,1128299,1/14/21,West,California,San Francisco,Women's Street Footwear,$65.00 ,825,"$536,250 ","$187,688 ",35%,Outlet
,West Gear,1128299,1/15/21,West,California,San Francisco,Women's Athletic Footwear,$60.00 ,725,"$435,000 ","$130,500 ",30%,Outlet
,West Gear,1128299,1/16/21,West,California,San Francisco,Men's Apparel,$65.00 ,775,"$503,750 ","$251,875 ",50%,Outlet
,West Gear,1128299,1/17/21,West,California,San Francisco,Women's Apparel,$80.00 ,775,"$620,000 ","$93,000 ",15%,Outlet
,West Gear,1128299,1/18/21,West,California,San Francisco,Men's Street Footwear,$65.00 ,975,"$633,750 ","$221,813 ",35%,Outlet
,West Gear,1128299,1/19/21,West,California,San Francisco,Men's Athletic Footwear,$70.00 ,925,"$647,500 ","$129,500 ",20%,Outlet
,West Gear,1128299,1/20/21,West,California,San Francisco,Women's Street Footwear,$65.00 ,800,"$520,000 ","$182,000 ",35%,Outlet
,West Gear,1128299,1/21/21,West,California,San Francisco,Women's Athletic Footwear,$65.00 ,750,"$487,500 ","$146,250 ",30%,Outlet
,West Gear,1128299,1/22/21,West,California,San Francisco,Men's Apparel,$75.00 ,750,"$562,500 ","$281,250 ",50%,Outlet
,West Gear,1128299,1/23/21,West,California,San Francisco,Women's Apparel,$80.00 ,725,"$580,000 ","$87,000 ",15%,Outlet
,West Gear,1128299,1/24/21,West,California,San Francisco,Men's Street Footwear,$55.00 ,925,"$508,750 ","$152,625 ",30%,Outlet
,West Gear,1128299,1/25/21,West,California,San Francisco,Men's Athletic Footwear,$60.00 ,925,"$555,000 ","$83,250 ",15%,Outlet
,West Gear,1128299,1/26/21,West,California,San Francisco,Women's Street Footwear,$55.00 ,775,"$426,250 ","$127,875 ",30%,Outlet
,West Gear,1128299,1/27/21,West,California,San Francisco,Women's Athletic Footwear,$55.00 ,725,"$398,750 ","$99,688 ",25%,Outlet
,West Gear,1128299,1/28/21,West,California,San Francisco,Men's Apparel,$65.00 ,725,"$471,250 ","$212,063 ",45%,Outlet
,West Gear,1128299,1/29/21,West,California,San Francisco,Women's Apparel,$70.00 ,775,"$542,500 ","$54,250 ",10%,Outlet
,West Gear,1128299,1/30/21,West,California,San Francisco,Men's Street Footwear,$55.00 ,875,"$481,250 ","$144,375 ",30%,Outlet
,West Gear,1128299,1/31/21,West,California,San Francisco,Men's Athletic Footwear,$60.00 ,875,"$525,000 ","$78,750 ",15%,Outlet
,West Gear,1128299,2/1/21,West,California,San Francisco,Women's Street Footwear,$55.00 ,700,"$385,000 ","$115,500 ",30%,Outlet
,West Gear,1128299,2/2/21,West,California,San Francisco,Women's Athletic Footwear,$55.00 ,675,"$371,250 ","$92,813 ",25%,Outlet
,West Gear,1128299,2/3/21,West,California,San Francisco,Men's Apparel,$65.00 ,650,"$422,500 ","$190,125 ",45%,Outlet
,West Gear,1128299,2/4/21,West,California,San Francisco,Women's Apparel,$70.00 ,700,"$490,000 ","$49,000 ",10%,Outlet
,West Gear,1128299,2/5/21,West,California,San Francisco,Men's Street Footwear,$55.00 ,875,"$481,250 ","$144,375 ",30%,Outlet
,West Gear,1128299,2/6/21,West,California,San Francisco,Men's Athletic Footwear,$60.00 ,875,"$525,000 ","$78,750 ",15%,Outlet
,West Gear,1128299,2/7/21,West,California,San Francisco,Women's Street Footwear,$55.00 ,725,"$398,750 ","$119,625 ",30%,Outlet
,West Gear,1128299,2/8/21,West,California,San Francisco,Women's Athletic Footwear,$55.00 ,700,"$385,000 ","$96,250 ",25%,Outlet
,West Gear,1128299,2/9/21,West,California,San Francisco,Men's Apparel,$65.00 ,650,"$422,500 ","$190,125 ",45%,Outlet
,West Gear,1128299,2/10/21,West,California,San Francisco,Women's Apparel,$70.00 ,775,"$542,500 ","$54,250 ",10%,Outlet
,West Gear,1128299,2/11/21,West,California,San Francisco,Men's Street Footwear,$55.00 ,975,"$536,250 ","$160,875 ",30%,Outlet
,West Gear,1128299,2/12/21,West,California,San Francisco,Men's Athletic Footwear,$60.00 ,975,"$585,000 ","$87,750 ",15%,Outlet
,West Gear,1128299,2/13/21,West,California,San Francisco,Women's Street Footwear,$55.00 ,775,"$426,250 ","$127,875 ",30%,Outlet
,West Gear,1128299,2/14/21,West,California,San Francisco,Women's Athletic Footwear,$55.00 ,775,"$426,250 ","$106,563 ",25%,Outlet
,West Gear,1128299,2/15/21,West,California,San Francisco,Men's Apparel,$65.00 ,700,"$455,000 ","$204,750 ",45%,Outlet
,West Gear,1128299,2/16/21,West,California,San Francisco,Women's Apparel,$70.00 ,800,"$560,000 ","$56,000 ",10%,Outlet
,Kohl's,1189833,2/17/21,West,California,San Francisco,Men's Street Footwear,$35.00 ,700,"$245,000 ","$98,000 ",40%,Outlet
,Kohl's,1189833,2/18/21,West,California,San Francisco,Men's Athletic Footwear,$45.00 ,700,"$315,000 ","$78,750 ",25%,Outlet
,Kohl's,1189833,3/9/21,West,California,San Francisco,Women's Street Footwear,$45.00 ,700,"$315,000 ","$126,000 ",40%,Outlet
,Kohl's,1189833,3/10/21,West,California,San Francisco,Women's Athletic Footwear,$45.00 ,550,"$247,500 ","$86,625 ",35%,Outlet
,Kohl's,1189833,3/11/21,West,California,Los Angeles,Men's Apparel,$50.00 ,500,"$250,000 ","$137,500 ",55%,Outlet
,Kohl's,1189833,3/12/21,West,California,Los Angeles,Women's Apparel,$45.00 ,700,"$315,000 ","$63,000 ",20%,Outlet
,Kohl's,1189833,3/13/21,West,California,Los Angeles,Men's Street Footwear,$35.00 ,750,"$262,500 ","$105,000 ",40%,Outlet
,Kohl's,1189833,3/14/21,West,California,Los Angeles,Men's Athletic Footwear,$45.00 ,650,"$292,500 ","$73,125 ",25%,Outlet
,Kohl's,1189833,3/15/21,West,California,Los Angeles,Women's Street Footwear,$45.00 ,675,"$303,750 ","$121,500 ",40%,Outlet
,Kohl's,1189833,3/16/21,West,California,Los Angeles,Women's Athletic Footwear,$45.00 ,525,"$236,250 ","$82,688 ",35%,Outlet
,Kohl's,1189833,3/17/21,West,California,Los Angeles,Men's Apparel,$50.00 ,450,"$225,000 ","$123,750 ",55%,Outlet
,Kohl's,1189833,3/18/21,West,California,Los Angeles,Women's Apparel,$45.00 ,650,"$292,500 ","$58,500 ",20%,Outlet
,Kohl's,1189833,3/19/21,West,California,Los Angeles,Men's Street Footwear,$35.00 ,800,"$280,000 ","$112,000 ",40%,Outlet
,Kohl's,1189833,3/20/21,West,California,Los Angeles,Men's Athletic Footwear,$45.00 ,650,"$292,500 ","$73,125 ",25%,Outlet
,Kohl's,1189833,3/21/21,West,California,Los Angeles,Women's Street Footwear,$45.00 ,650,"$292,500 ","$117,000 ",40%,Outlet
,Kohl's,1189833,3/22/21,West,California,Los Angeles,Women's Athletic Footwear,$45.00 ,550,"$247,500 ","$86,625 ",35%,Outlet
,Kohl's,1189833,3/23/21,West,California,Los Angeles,Men's Apparel,$50.00 ,425,"$212,500 ","$116,875 ",55%,Outlet
,Kohl's,1189833,4/6/21,West,California,Los Angeles,Women's Apparel,$45.00 ,625,"$281,250 ","$56,250 ",20%,Outlet
,Kohl's,1189833,4/7/21,West,California,Los Angeles,Men's Street Footwear,$45.00 ,800,"$360,000 ","$144,000 ",40%,Outlet
,Kohl's,1189833,4/8/21,West,California,Los Angeles,Men's Athletic Footwear,$50.00 ,600,"$300,000 ","$75,000 ",25%,Outlet
,Kohl's,1189833,4/9/21,West,California,Los Angeles,Women's Street Footwear,$50.00 ,625,"$312,500 ","$125,000 ",40%,Outlet
,Kohl's,1189833,4/10/21,West,California,Los Angeles,Women's Athletic Footwear,$45.00 ,525,"$236,250 ","$82,688 ",35%,Outlet
,Kohl's,1189833,4/11/21,West,California,Los Angeles,Men's Apparel,$50.00 ,425,"$212,500 ","$116,875 ",55%,Outlet
,Kohl's,1189833,4/12/21,West,California,Los Angeles,Women's Apparel,$65.00 ,600,"$390,000 ","$78,000 ",20%,Outlet
,Kohl's,1189833,4/13/21,West,California,Los Angeles,Men's Street Footwear,$45.00 ,800,"$360,000 ","$144,000 ",40%,Outlet
,Kohl's,1189833,4/14/21,West,California,Los Angeles,Men's Athletic Footwear,$50.00 ,650,"$325,000 ","$81,250 ",25%,Outlet
,Kohl's,1189833,4/15/21,West,California,Los Angeles,Women's Street Footwear,$50.00 ,650,"$325,000 ","$130,000 ",40%,Outlet
,Kohl's,1189833,4/16/21,West,California,Los Angeles,Women's Athletic Footwear,$45.00 ,550,"$247,500 ","$86,625 ",35%,Outlet
,Kohl's,1189833,4/17/21,West,California,Los Angeles,Men's Apparel,$50.00 ,450,"$225,000 ","$123,750 ",55%,Outlet
,Kohl's,1189833,4/18/21,West,California,Los Angeles,Women's Apparel,$65.00 ,625,"$406,250 ","$81,250 ",20%,Outlet
,Kohl's,1189833,4/19/21,West,California,Los Angeles,Men's Street Footwear,$45.00 ,900,"$405,000 ","$162,000 ",40%,Outlet
,Kohl's,1189833,4/20/21,West,California,Los Angeles,Men's Athletic Footwear,$50.00 ,750,"$375,000 ","$93,750 ",25%,Outlet
,Kohl's,1189833,4/21/21,West,California,Los Angeles,Women's Street Footwear,$50.00 ,750,"$375,000 ","$150,000 ",40%,Outlet
,Kohl's,1189833,4/22/21,West,California,Los Angeles,Women's Athletic Footwear,$45.00 ,625,"$281,250 ","$98,438 ",35%,Outlet
,Kohl's,1189833,4/23/21,West,California,Los Angeles,Men's Apparel,$50.00 ,500,"$250,000 ","$137,500 ",55%,Outlet
,Kohl's,1189833,4/24/21,West,California,Los Angeles,Women's Apparel,$65.00 ,800,"$520,000 ","$104,000 ",20%,Outlet
,Kohl's,1189833,4/25/21,West,California,Los Angeles,Men's Street Footwear,$45.00 ,950,"$427,500 ","$171,000 ",40%,Outlet
,Kohl's,1189833,4/26/21,West,California,Los Angeles,Men's Athletic Footwear,$50.00 ,800,"$400,000 ","$100,000 ",25%,Outlet
,Kohl's,1189833,4/27/21,West,California,Los Angeles,Women's Street Footwear,$50.00 ,750,"$375,000 ","$150,000 ",40%,Outlet
,Kohl's,1189833,4/28/21,West,California,Los Angeles,Women's Athletic Footwear,$45.00 ,650,"$292,500 ","$102,375 ",35%,Outlet
,Kohl's,1189833,4/29/21,West,California,Los Angeles,Men's Apparel,$50.00 ,700,"$350,000 ","$192,500 ",55%,Outlet
,Kohl's,1189833,4/30/21,West,California,Los Angeles,Women's Apparel,$65.00 ,700,"$455,000 ","$91,000 ",20%,Outlet
,Kohl's,1189833,5/1/21,West,California,Los Angeles,Men's Street Footwear,$50.00 ,900,"$450,000 ","$180,000 ",40%,Outlet
,Kohl's,1189833,5/2/21,West,California,Los Angeles,Men's Athletic Footwear,$55.00 ,850,"$467,500 ","$116,875 ",25%,Outlet
,Kohl's,1189833,5/3/21,West,California,Los Angeles,Women's Street Footwear,$50.00 ,725,"$362,500 ","$145,000 ",40%,Outlet
,Kohl's,1189833,5/4/21,West,California,Los Angeles,Women's Athletic Footwear,$50.00 ,675,"$337,500 ","$118,125 ",35%,Outlet
,Kohl's,1189833,5/5/21,West,California,Los Angeles,Men's Apparel,$60.00 ,675,"$405,000 ","$222,750 ",55%,Outlet
,Kohl's,1189833,5/6/21,West,California,Los Angeles,Women's Apparel,$65.00 ,650,"$422,500 ","$84,500 ",20%,Outlet
,Kohl's,1189833,5/7/21,West,California,Los Angeles,Men's Street Footwear,$50.00 ,850,"$425,000 ","$170,000 ",40%,Outlet
,Kohl's,1189833,5/8/21,West,California,Los Angeles,Men's Athletic Footwear,$55.00 ,850,"$467,500 ","$116,875 ",25%,Outlet
,Kohl's,1189833,5/9/21,West,California,Los Angeles,Women's Street Footwear,$50.00 ,700,"$350,000 ","$140,000 ",40%,Outlet
,Kohl's,1189833,5/10/21,West,California,Los Angeles,Women's Athletic Footwear,$50.00 ,650,"$325,000 ","$113,750 ",35%,Outlet
,Kohl's,1189833,5/11/21,West,California,Los Angeles,Men's Apparel,$60.00 ,650,"$390,000 ","$214,500 ",55%,Outlet
,Kohl's,1189833,5/12/21,West,California,Los Angeles,Women's Apparel,$65.00 ,700,"$455,000 ","$91,000 ",20%,Outlet
,Kohl's,1189833,5/13/21,West,California,Los Angeles,Men's Street Footwear,$50.00 ,800,"$400,000 ","$160,000 ",40%,Outlet
,Kohl's,1189833,5/14/21,West,California,Los Angeles,Men's Athletic Footwear,$55.00 ,800,"$440,000 ","$110,000 ",25%,Outlet
,Kohl's,1189833,5/15/21,West,California,Los Angeles,Women's Street Footwear,$50.00 ,650,"$325,000 ","$130,000 ",40%,Outlet
,Kohl's,1189833,5/16/21,West,California,Los Angeles,Women's Athletic Footwear,$50.00 ,625,"$312,500 ","$109,375 ",35%,Outlet
,Kohl's,1189833,5/17/21,West,California,Los Angeles,Men's Apparel,$60.00 ,600,"$360,000 ","$198,000 ",55%,Outlet
,Kohl's,1189833,5/18/21,West,California,Los Angeles,Women's Apparel,$65.00 ,650,"$422,500 ","$84,500 ",20%,Outlet
,Kohl's,1189833,5/19/21,West,California,Los Angeles,Men's Street Footwear,$50.00 ,825,"$412,500 ","$165,000 ",40%,Outlet
,Kohl's,1189833,5/20/21,West,California,Los Angeles,Men's Athletic Footwear,$55.00 ,825,"$453,750 ","$113,438 ",25%,Outlet
,Kohl's,1189833,5/21/21,West,California,Los Angeles,Women's Street Footwear,$50.00 ,675,"$337,500 ","$135,000 ",40%,Outlet
,Kohl's,1189833,5/22/21,West,California,Los Angeles,Women's Athletic Footwear,$50.00 ,650,"$325,000 ","$113,750 ",35%,Outlet
,Kohl's,1189833,5/23/21,West,California,Los Angeles,Men's Apparel,$60.00 ,600,"$360,000 ","$198,000 ",55%,Outlet
,Kohl's,1189833,5/24/21,West,California,Los Angeles,Women's Apparel,$65.00 ,700,"$455,000 ","$91,000 ",20%,Outlet
,Kohl's,1189833,5/25/21,West,California,Los Angeles,Men's Street Footwear,$50.00 ,900,"$450,000 ","$180,000 ",40%,Outlet
,Kohl's,1189833,5/26/21,West,California,Los Angeles,Men's Athletic Footwear,$55.00 ,900,"$495,000 ","$123,750 ",25%,Outlet
,Kohl's,1189833,5/27/21,West,California,Los Angeles,Women's Street Footwear,$50.00 ,700,"$350,000 ","$140,000 ",40%,Outlet
,Kohl's,1189833,5/28/21,West,California,Los Angeles,Women's Athletic Footwear,$50.00 ,700,"$350,000 ","$122,500 ",35%,Outlet
,Kohl's,1189833,5/29/21,West,California,Los Angeles,Men's Apparel,$60.00 ,625,"$375,000 ","$206,250 ",55%,Outlet
,Kohl's,1189833,5/30/21,West,California,Los Angeles,Women's Apparel,$65.00 ,725,"$471,250 ","$94,250 ",20%,Outlet
,Foot Locker,1185732,5/31/21,West,California,Los Angeles,Men's Street Footwear,$45.00 ,475,"$213,750 ","$85,500 ",40%,Outlet
,Foot Locker,1185732,6/1/21,West,California,Los Angeles,Men's Athletic Footwear,$45.00 ,275,"$123,750 ","$43,313 ",35%,Outlet
,Foot Locker,1185732,6/2/21,West,California,Los Angeles,Women's Street Footwear,$35.00 ,275,"$96,250 ","$33,688 ",35%,Outlet
,Foot Locker,1185732,6/3/21,West,California,Los Angeles,Women's Athletic Footwear,$40.00 ,125,"$50,000 ","$20,000 ",40%,Outlet
,Foot Locker,1185732,6/4/21,Midwest,Illinois,Chicago,Men's Apparel,$55.00 ,175,"$96,250 ","$33,688 ",35%,Outlet
,Foot Locker,1185732,6/5/21,Midwest,Illinois,Chicago,Women's Apparel,$45.00 ,275,"$123,750 ","$61,875 ",50%,Outlet
,Foot Locker,1185732,6/6/21,Midwest,Illinois,Chicago,Men's Street Footwear,$45.00 ,525,"$236,250 ","$94,500 ",40%,Outlet
,Foot Locker,1185732,6/7/21,Midwest,Illinois,Chicago,Men's Athletic Footwear,$45.00 ,175,"$78,750 ","$27,563 ",35%,Outlet
,Foot Locker,1185732,6/8/21,Midwest,Illinois,Chicago,Women's Street Footwear,$35.00 ,225,"$78,750 ","$27,563 ",35%,Outlet
,Foot Locker,1185732,6/9/21,Midwest,Illinois,Chicago,Women's Athletic Footwear,$40.00 ,100,"$40,000 ","$16,000 ",40%,Outlet
,Foot Locker,1185732,6/10/21,Midwest,Illinois,Chicago,Men's Apparel,$55.00 ,175,"$96,250 ","$33,688 ",35%,Outlet
,Foot Locker,1185732,6/11/21,Midwest,Illinois,Chicago,Women's Apparel,$45.00 ,275,"$123,750 ","$61,875 ",50%,Outlet
,Foot Locker,1185732,6/12/21,Midwest,Illinois,Chicago,Men's Street Footwear,$50.00 ,495,"$247,500 ","$99,000 ",40%,Outlet
,Foot Locker,1185732,6/13/21,Midwest,Illinois,Chicago,Men's Athletic Footwear,$50.00 ,200,"$100,000 ","$35,000 ",35%,Outlet
,Foot Locker,1185732,6/14/21,Midwest,Illinois,Chicago,Women's Street Footwear,$40.00 ,225,"$90,000 ","$31,500 ",35%,Outlet
,Foot Locker,1185732,6/15/21,Midwest,Illinois,Chicago,Women's Athletic Footwear,$45.00 ,75,"$33,750 ","$13,500 ",40%,Outlet
,Foot Locker,1185732,6/16/21,Midwest,Illinois,Chicago,Men's Apparel,$60.00 ,125,"$75,000 ","$26,250 ",35%,Outlet
,Foot Locker,1185732,6/17/21,Midwest,Illinois,Chicago,Women's Apparel,$50.00 ,225,"$112,500 ","$56,250 ",50%,Outlet
,Foot Locker,1185732,6/18/21,Midwest,Illinois,Chicago,Men's Street Footwear,$50.00 ,450,"$225,000 ","$90,000 ",40%,Outlet
,Foot Locker,1185732,6/19/21,Midwest,Illinois,Chicago,Men's Athletic Footwear,$50.00 ,150,"$75,000 ","$26,250 ",35%,Outlet
,Foot Locker,1185732,6/20/21,Midwest,Illinois,Chicago,Women's Street Footwear,$40.00 ,150,"$60,000 ","$21,000 ",35%,Outlet
,Foot Locker,1185732,6/21/21,Midwest,Illinois,Chicago,Women's Athletic Footwear,$45.00 ,75,"$33,750 ","$13,500 ",40%,Outlet
,Foot Locker,1185732,6/22/21,Midwest,Illinois,Chicago,Men's Apparel,$60.00 ,100,"$60,000 ","$21,000 ",35%,Outlet
,Foot Locker,1185732,6/23/21,Midwest,Illinois,Chicago,Women's Apparel,$50.00 ,225,"$112,500 ","$56,250 ",50%,Outlet
,Foot Locker,1185732,6/24/21,Midwest,Illinois,Chicago,Men's Street Footwear,$60.00 ,495,"$297,000 ","$118,800 ",40%,Outlet
,Foot Locker,1185732,6/25/21,Midwest,Illinois,Chicago,Men's Athletic Footwear,$55.00 ,200,"$110,000 ","$38,500 ",35%,Outlet
,Foot Locker,1185732,6/26/21,Midwest,Illinois,Chicago,Women's Street Footwear,$50.00 ,175,"$87,500 ","$30,625 ",35%,Outlet
,Foot Locker,1185732,6/27/21,Midwest,Illinois,Chicago,Women's Athletic Footwear,$50.00 ,100,"$50,000 ","$20,000 ",40%,Outlet
,Foot Locker,1185732,6/28/21,Midwest,Illinois,Chicago,Men's Apparel,$60.00 ,125,"$75,000 ","$26,250 ",35%,Outlet
,Foot Locker,1185732,6/29/21,Midwest,Illinois,Chicago,Women's Apparel,$65.00 ,250,"$162,500 ","$81,250 ",50%,Outlet
,Foot Locker,1185732,6/30/21,Midwest,Illinois,Chicago,Men's Street Footwear,$50.00 ,500,"$250,000 ","$100,000 ",40%,Outlet
,Foot Locker,1185732,7/1/21,Midwest,Illinois,Chicago,Men's Athletic Footwear,$45.00 ,250,"$112,500 ","$39,375 ",35%,Outlet
,Foot Locker,1185732,7/2/21,Midwest,Illinois,Chicago,Women's Street Footwear,$40.00 ,200,"$80,000 ","$28,000 ",35%,Outlet
,Foot Locker,1185732,7/3/21,Midwest,Illinois,Chicago,Women's Athletic Footwear,$40.00 ,175,"$70,000 ","$28,000 ",40%,Outlet
,Foot Locker,1185732,7/4/21,Midwest,Illinois,Chicago,Men's Apparel,$50.00 ,175,"$87,500 ","$30,625 ",35%,Outlet
,Foot Locker,1185732,7/5/21,Midwest,Illinois,Chicago,Women's Apparel,$55.00 ,350,"$192,500 ","$96,250 ",50%,Outlet
,Foot Locker,1185732,7/6/21,Midwest,Illinois,Chicago,Men's Street Footwear,$50.00 ,575,"$287,500 ","$115,000 ",40%,Outlet
,Foot Locker,1185732,7/7/21,Midwest,Illinois,Chicago,Men's Athletic Footwear,$45.00 ,325,"$146,250 ","$51,188 ",35%,Outlet
,Foot Locker,1185732,7/8/21,Midwest,Illinois,Chicago,Women's Street Footwear,$40.00 ,250,"$100,000 ","$35,000 ",35%,Outlet
,Foot Locker,1185732,7/9/21,Midwest,Illinois,Chicago,Women's Athletic Footwear,$40.00 ,200,"$80,000 ","$32,000 ",40%,Outlet
,Foot Locker,1185732,7/10/21,Midwest,Illinois,Chicago,Men's Apparel,$50.00 ,225,"$112,500 ","$39,375 ",35%,Outlet
,Foot Locker,1185732,7/11/21,Midwest,Illinois,Chicago,Women's Apparel,$55.00 ,400,"$220,000 ","$110,000 ",50%,Outlet
,Foot Locker,1185732,7/12/21,Midwest,Illinois,Chicago,Men's Street Footwear,$50.00 ,550,"$275,000 ","$110,000 ",40%,Outlet
,Foot Locker,1185732,7/13/21,Midwest,Illinois,Chicago,Men's Athletic Footwear,$45.00 ,325,"$146,250 ","$51,188 ",35%,Outlet
,Foot Locker,1185732,7/14/21,Midwest,Illinois,Chicago,Women's Street Footwear,$40.00 ,250,"$100,000 ","$35,000 ",35%,Outlet
,Foot Locker,1185732,7/15/21,Midwest,Illinois,Chicago,Women's Athletic Footwear,$40.00 ,225,"$90,000 ","$36,000 ",40%,Outlet
,Foot Locker,1185732,7/16/21,Midwest,Illinois,Chicago,Men's Apparel,$50.00 ,200,"$100,000 ","$35,000 ",35%,Outlet
,Foot Locker,1185732,7/17/21,Midwest,Illinois,Chicago,Women's Apparel,$55.00 ,375,"$206,250 ","$103,125 ",50%,Outlet
,Foot Locker,1185732,7/18/21,Midwest,Illinois,Chicago,Men's Street Footwear,$50.00 ,500,"$250,000 ","$100,000 ",40%,Outlet
,Foot Locker,1185732,7/19/21,Midwest,Illinois,Chicago,Men's Athletic Footwear,$45.00 ,300,"$135,000 ","$47,250 ",35%,Outlet
,Foot Locker,1185732,7/20/21,Midwest,Illinois,Chicago,Women's Street Footwear,$40.00 ,200,"$80,000 ","$28,000 ",35%,Outlet
,Foot Locker,1185732,7/21/21,Midwest,Illinois,Chicago,Women's Athletic Footwear,$40.00 ,175,"$70,000 ","$28,000 ",40%,Outlet
,Foot Locker,1185732,7/22/21,Midwest,Illinois,Chicago,Men's Apparel,$50.00 ,175,"$87,500 ","$30,625 ",35%,Outlet
,Foot Locker,1185732,7/23/21,Midwest,Illinois,Chicago,Women's Apparel,$55.00 ,250,"$137,500 ","$68,750 ",50%,Outlet
,Foot Locker,1185732,7/24/21,Midwest,Illinois,Chicago,Men's Street Footwear,$60.00 ,425,"$255,000 ","$102,000 ",40%,Outlet
,Foot Locker,1185732,7/25/21,Midwest,Illinois,Chicago,Men's Athletic Footwear,$50.00 ,250,"$125,000 ","$43,750 ",35%,Outlet
,Foot Locker,1185732,7/26/21,Midwest,Illinois,Chicago,Women's Street Footwear,$50.00 ,150,"$75,000 ","$26,250 ",35%,Outlet
,Foot Locker,1185732,7/27/21,Midwest,Illinois,Chicago,Women's Athletic Footwear,$50.00 ,125,"$62,500 ","$25,000 ",40%,Outlet
,Foot Locker,1185732,7/28/21,Midwest,Illinois,Chicago,Men's Apparel,$60.00 ,125,"$75,000 ","$26,250 ",35%,Outlet
,Foot Locker,1185732,7/29/21,Midwest,Illinois,Chicago,Women's Apparel,$65.00 ,250,"$162,500 ","$81,250 ",50%,Outlet
,Foot Locker,1185732,7/30/21,Midwest,Illinois,Chicago,Men's Street Footwear,$60.00 ,400,"$240,000 ","$96,000 ",40%,Outlet
,Foot Locker,1185732,7/31/21,Midwest,Illinois,Chicago,Men's Athletic Footwear,$50.00 ,250,"$125,000 ","$43,750 ",35%,Outlet
,Foot Locker,1185732,8/1/21,Midwest,Illinois,Chicago,Women's Street Footwear,$50.00 ,195,"$97,500 ","$34,125 ",35%,Outlet
,Foot Locker,1185732,8/2/21,Midwest,Illinois,Chicago,Women's Athletic Footwear,$50.00 ,175,"$87,500 ","$35,000 ",40%,Outlet
,Foot Locker,1185732,8/3/21,Midwest,Illinois,Chicago,Men's Apparel,$60.00 ,150,"$90,000 ","$31,500 ",35%,Outlet
,Foot Locker,1185732,8/4/21,Midwest,Illinois,Chicago,Women's Apparel,$65.00 ,250,"$162,500 ","$81,250 ",50%,Outlet
,Foot Locker,1185732,8/5/21,Midwest,Illinois,Chicago,Men's Street Footwear,$60.00 ,500,"$300,000 ","$120,000 ",40%,Outlet
,Foot Locker,1185732,8/6/21,Midwest,Illinois,Chicago,Men's Athletic Footwear,$50.00 ,300,"$150,000 ","$52,500 ",35%,Outlet
,Foot Locker,1185732,8/7/21,Midwest,Illinois,Chicago,Women's Street Footwear,$50.00 ,250,"$125,000 ","$43,750 ",35%,Outlet
,Foot Locker,1185732,8/8/21,Midwest,Illinois,Chicago,Women's Athletic Footwear,$50.00 ,200,"$100,000 ","$40,000 ",40%,Outlet
,Foot Locker,1185732,8/9/21,Midwest,Illinois,Chicago,Men's Apparel,$60.00 ,200,"$120,000 ","$42,000 ",35%,Outlet
,Foot Locker,1185732,8/10/21,Midwest,Illinois,Chicago,Women's Apparel,$65.00 ,300,"$195,000 ","$97,500 ",50%,Outlet
,Sports Direct,1197831,8/11/21,Midwest,Illinois,Chicago,Men's Street Footwear,$20.00 ,725,"$145,000 ","$43,500 ",30%,Outlet
,Sports Direct,1197831,8/12/21,Midwest,Illinois,Chicago,Men's Athletic Footwear,$30.00 ,725,"$217,500 ","$65,250 ",30%,Outlet
,Sports Direct,1197831,8/13/21,Midwest,Illinois,Chicago,Women's Street Footwear,$30.00 ,525,"$157,500 ","$47,250 ",30%,Outlet
,Sports Direct,1197831,8/14/21,Midwest,Illinois,Chicago,Women's Athletic Footwear,$35.00 ,525,"$183,750 ","$73,500 ",40%,Outlet
,Sports Direct,1197831,8/15/21,South,Texas,Dallas,Men's Apparel,$40.00 ,375,"$150,000 ","$37,500 ",25%,Outlet
,Sports Direct,1197831,8/16/21,South,Texas,Dallas,Women's Apparel,$35.00 ,525,"$183,750 ","$82,688 ",45%,Outlet
,Sports Direct,1197831,8/17/21,South,Texas,Dallas,Men's Street Footwear,$25.00 ,675,"$168,750 ","$50,625 ",30%,Outlet
,Sports Direct,1197831,8/18/21,South,Texas,Dallas,Men's Athletic Footwear,$35.00 ,650,"$227,500 ","$68,250 ",30%,Outlet
,Sports Direct,1197831,8/19/21,South,Texas,Dallas,Women's Street Footwear,$35.00 ,475,"$166,250 ","$49,875 ",30%,Outlet
,Sports Direct,1197831,8/20/21,South,Texas,Dallas,Women's Athletic Footwear,$35.00 ,425,"$148,750 ","$59,500 ",40%,Outlet
,Sports Direct,1197831,8/21/21,South,Texas,Dallas,Men's Apparel,$40.00 ,300,"$120,000 ","$30,000 ",25%,Outlet
,Sports Direct,1197831,8/22/21,South,Texas,Dallas,Women's Apparel,$35.00 ,500,"$175,000 ","$78,750 ",45%,Outlet
,Sports Direct,1197831,8/23/21,South,Texas,Dallas,Men's Street Footwear,$30.00 ,675,"$202,500 ","$70,875 ",35%,Outlet
,Sports Direct,1197831,8/24/21,South,Texas,Dallas,Men's Athletic Footwear,$40.00 ,675,"$270,000 ","$94,500 ",35%,Outlet
,Sports Direct,1197831,8/25/21,South,Texas,Dallas,Women's Street Footwear,$30.00 ,500,"$150,000 ","$52,500 ",35%,Outlet
,Sports Direct,1197831,8/26/21,South,Texas,Dallas,Women's Athletic Footwear,$35.00 ,400,"$140,000 ","$63,000 ",45%,Outlet
,Sports Direct,1197831,8/27/21,South,Texas,Dallas,Men's Apparel,$40.00 ,300,"$120,000 ","$36,000 ",30%,Outlet
,Sports Direct,1197831,8/28/21,South,Texas,Dallas,Women's Apparel,$35.00 ,450,"$157,500 ","$78,750 ",50%,Outlet
,Sports Direct,1197831,8/29/21,South,Texas,Dallas,Men's Street Footwear,$20.00 ,700,"$140,000 ","$49,000 ",35%,Outlet
,Sports Direct,1197831,8/30/21,South,Texas,Dallas,Men's Athletic Footwear,$30.00 ,700,"$210,000 ","$73,500 ",35%,Outlet
,Sports Direct,1197831,8/31/21,South,Texas,Dallas,Women's Street Footwear,$25.00 ,525,"$131,250 ","$45,938 ",35%,Outlet
,Sports Direct,1197831,9/1/21,South,Texas,Dallas,Women's Athletic Footwear,$30.00 ,425,"$127,500 ","$57,375 ",45%,Outlet
,Sports Direct,1197831,9/2/21,South,Texas,Dallas,Men's Apparel,$35.00 ,325,"$113,750 ","$34,125 ",30%,Outlet
,Sports Direct,1197831,9/3/21,South,Texas,Dallas,Women's Apparel,$30.00 ,600,"$180,000 ","$90,000 ",50%,Outlet
,Sports Direct,1197831,9/4/21,South,Texas,Dallas,Men's Street Footwear,$20.00 ,750,"$150,000 ","$52,500 ",35%,Outlet
,Sports Direct,1197831,9/5/21,South,Texas,Dallas,Men's Athletic Footwear,$30.00 ,775,"$232,500 ","$81,375 ",35%,Outlet
,Sports Direct,1197831,9/6/21,South,Texas,Dallas,Women's Street Footwear,$25.00 ,625,"$156,250 ","$54,688 ",35%,Outlet
,Sports Direct,1197831,9/7/21,South,Texas,Dallas,Women's Athletic Footwear,$35.00 ,550,"$192,500 ","$86,625 ",45%,Outlet
,Sports Direct,1197831,9/8/21,South,Texas,Dallas,Men's Apparel,$50.00 ,450,"$225,000 ","$67,500 ",30%,Outlet
,Sports Direct,1197831,9/9/21,South,Texas,Dallas,Women's Apparel,$45.00 ,800,"$360,000 ","$180,000 ",50%,Outlet
,Sports Direct,1197831,9/10/21,South,Texas,Dallas,Men's Street Footwear,$45.00 ,800,"$360,000 ","$126,000 ",35%,Outlet
,Sports Direct,1197831,9/11/21,South,Texas,Dallas,Men's Athletic Footwear,$50.00 ,800,"$400,000 ","$140,000 ",35%,Outlet
,Sports Direct,1197831,9/12/21,South,Texas,Dallas,Women's Street Footwear,$45.00 ,650,"$292,500 ","$102,375 ",35%,Outlet
,Sports Direct,1197831,9/13/21,South,Texas,Dallas,Women's Athletic Footwear,$45.00 ,600,"$270,000 ","$121,500 ",45%,Outlet
,Sports Direct,1197831,9/14/21,South,Texas,Dallas,Men's Apparel,$50.00 ,500,"$250,000 ","$75,000 ",30%,Outlet
,Sports Direct,1197831,9/15/21,South,Texas,Dallas,Women's Apparel,$55.00 ,875,"$481,250 ","$240,625 ",50%,Outlet
,Sports Direct,1197831,9/16/21,South,Texas,Dallas,Men's Street Footwear,$45.00 ,825,"$371,250 ","$148,500 ",40%,Outlet
,Sports Direct,1197831,9/17/21,South,Texas,Dallas,Men's Athletic Footwear,$50.00 ,825,"$412,500 ","$165,000 ",40%,Outlet
,Sports Direct,1197831,9/18/21,South,Texas,Dallas,Women's Street Footwear,$45.00 ,975,"$438,750 ","$175,500 ",40%,Outlet
,Sports Direct,1197831,9/19/21,South,Texas,Dallas,Women's Athletic Footwear,$45.00 ,575,"$258,750 ","$129,375 ",50%,Outlet
,Sports Direct,1197831,9/20/21,South,Texas,Dallas,Men's Apparel,$50.00 ,575,"$287,500 ","$100,625 ",35%,Outlet
,Sports Direct,1197831,9/21/21,South,Texas,Dallas,Women's Apparel,$60.00 ,850,"$510,000 ","$280,500 ",55%,Outlet
,Sports Direct,1197831,9/22/21,South,Texas,Dallas,Men's Street Footwear,$50.00 ,800,"$400,000 ","$160,000 ",40%,Outlet
,Sports Direct,1197831,9/23/21,South,Texas,Dallas,Men's Athletic Footwear,$55.00 ,800,"$440,000 ","$176,000 ",40%,Outlet
,Sports Direct,1197831,9/24/21,South,Texas,Dallas,Women's Street Footwear,$50.00 ,975,"$487,500 ","$195,000 ",40%,Outlet
,Sports Direct,1197831,9/25/21,South,Texas,Dallas,Women's Athletic Footwear,$50.00 ,525,"$262,500 ","$131,250 ",50%,Outlet
,Sports Direct,1197831,9/26/21,South,Texas,Dallas,Men's Apparel,$55.00 ,525,"$288,750 ","$101,063 ",35%,Outlet
,Sports Direct,1197831,9/27/21,South,Texas,Dallas,Women's Apparel,$60.00 ,775,"$465,000 ","$255,750 ",55%,Outlet
,Sports Direct,1197831,9/28/21,South,Texas,Dallas,Men's Street Footwear,$55.00 ,725,"$398,750 ","$159,500 ",40%,Outlet
,Sports Direct,1197831,9/29/21,South,Texas,Dallas,Men's Athletic Footwear,$55.00 ,675,"$371,250 ","$148,500 ",40%,Outlet
,Sports Direct,1197831,9/30/21,South,Texas,Dallas,Women's Street Footwear,$60.00 ,725,"$435,000 ","$174,000 ",40%,Outlet
,Sports Direct,1197831,10/1/21,South,Texas,Dallas,Women's Athletic Footwear,$60.00 ,450,"$270,000 ","$135,000 ",50%,Outlet
,Sports Direct,1197831,10/2/21,South,Texas,Dallas,Men's Apparel,$55.00 ,450,"$247,500 ","$86,625 ",35%,Outlet
,Sports Direct,1197831,10/3/21,South,Texas,Dallas,Women's Apparel,$50.00 ,675,"$337,500 ","$185,625 ",55%,Outlet
,Sports Direct,1197831,10/4/21,South,Texas,Dallas,Men's Street Footwear,$40.00 ,625,"$250,000 ","$100,000 ",40%,Outlet
,Sports Direct,1197831,10/5/21,South,Texas,Dallas,Men's Athletic Footwear,$40.00 ,625,"$250,000 ","$100,000 ",40%,Outlet
,Sports Direct,1197831,10/6/21,South,Texas,Dallas,Women's Street Footwear,$45.00 ,575,"$258,750 ","$103,500 ",40%,Outlet
,Sports Direct,1197831,10/7/21,South,Texas,Dallas,Women's Athletic Footwear,$45.00 ,425,"$191,250 ","$95,625 ",50%,Outlet
,Sports Direct,1197831,10/8/21,South,Texas,Dallas,Men's Apparel,$40.00 ,400,"$160,000 ","$56,000 ",35%,Outlet
,Sports Direct,1197831,10/9/21,South,Texas,Dallas,Women's Apparel,$50.00 ,575,"$287,500 ","$158,125 ",55%,Outlet
,Sports Direct,1197831,10/10/21,South,Texas,Dallas,Men's Street Footwear,$40.00 ,725,"$290,000 ","$116,000 ",40%,Outlet
,Sports Direct,1197831,10/11/21,South,Texas,Dallas,Men's Athletic Footwear,$40.00 ,725,"$290,000 ","$116,000 ",40%,Outlet
,Sports Direct,1197831,10/12/21,South,Texas,Dallas,Women's Street Footwear,$65.00 ,650,"$422,500 ","$169,000 ",40%,Outlet
,Sports Direct,1197831,10/13/21,South,Texas,Dallas,Women's Athletic Footwear,$65.00 ,500,"$325,000 ","$162,500 ",50%,Outlet
,Sports Direct,1197831,10/14/21,South,Texas,Dallas,Men's Apparel,$60.00 ,475,"$285,000 ","$99,750 ",35%,Outlet
,Sports Direct,1197831,10/15/21,South,Texas,Dallas,Women's Apparel,$70.00 ,675,"$472,500 ","$259,875 ",55%,Outlet
,Sports Direct,1197831,10/16/21,South,Texas,Dallas,Men's Street Footwear,$60.00 ,825,"$495,000 ","$198,000 ",40%,Outlet
,Sports Direct,1197831,10/17/21,South,Texas,Dallas,Men's Athletic Footwear,$60.00 ,825,"$495,000 ","$198,000 ",40%,Outlet
,Sports Direct,1197831,10/18/21,South,Texas,Dallas,Women's Street Footwear,$65.00 ,725,"$471,250 ","$188,500 ",40%,Outlet
,Sports Direct,1197831,10/19/21,South,Texas,Dallas,Women's Athletic Footwear,$65.00 ,575,"$373,750 ","$186,875 ",50%,Outlet
,Sports Direct,1197831,10/20/21,South,Texas,Dallas,Men's Apparel,$60.00 ,525,"$315,000 ","$110,250 ",35%,Outlet
,Sports Direct,1197831,10/21/21,South,Texas,Dallas,Women's Apparel,$70.00 ,775,"$542,500 ","$298,375 ",55%,Outlet
,Foot Locker,1185732,10/22/21,South,Texas,Dallas,Men's Street Footwear,$45.00 ,425,"$191,250 ","$105,188 ",55%,Outlet
,Foot Locker,1185732,10/23/21,South,Texas,Dallas,Men's Athletic Footwear,$45.00 ,225,"$101,250 ","$35,438 ",35%,Outlet
,Foot Locker,1185732,10/24/21,South,Texas,Dallas,Women's Street Footwear,$35.00 ,225,"$78,750 ","$31,500 ",40%,Outlet
,Foot Locker,1185732,10/25/21,South,Texas,Dallas,Women's Athletic Footwear,$40.00 ,75,"$30,000 ","$12,000 ",40%,Outlet
,Foot Locker,1185732,10/26/21,Northeast,Pennsylvania,Philadelphia,Men's Apparel,$55.00 ,125,"$68,750 ","$24,063 ",35%,Outlet
,Foot Locker,1185732,10/27/21,Northeast,Pennsylvania,Philadelphia,Women's Apparel,$45.00 ,225,"$101,250 ","$30,375 ",30%,Outlet
,Foot Locker,1185732,10/28/21,Northeast,Pennsylvania,Philadelphia,Men's Street Footwear,$45.00 ,475,"$213,750 ","$117,563 ",55%,Outlet
,Foot Locker,1185732,10/29/21,Northeast,Pennsylvania,Philadelphia,Men's Athletic Footwear,$45.00 ,125,"$56,250 ","$19,688 ",35%,Outlet
,Foot Locker,1185732,10/30/21,Northeast,Pennsylvania,Philadelphia,Women's Street Footwear,$35.00 ,175,"$61,250 ","$24,500 ",40%,Outlet
,Foot Locker,1185732,10/31/21,Northeast,Pennsylvania,Philadelphia,Women's Athletic Footwear,$40.00 ,50,"$20,000 ","$8,000 ",40%,Outlet
,Foot Locker,1185732,11/1/21,Northeast,Pennsylvania,Philadelphia,Men's Apparel,$55.00 ,125,"$68,750 ","$24,063 ",35%,Outlet
,Foot Locker,1185732,11/2/21,Northeast,Pennsylvania,Philadelphia,Women's Apparel,$45.00 ,225,"$101,250 ","$30,375 ",30%,Outlet
,Foot Locker,1185732,11/3/21,Northeast,Pennsylvania,Philadelphia,Men's Street Footwear,$50.00 ,445,"$222,500 ","$122,375 ",55%,Outlet
,Foot Locker,1185732,11/4/21,Northeast,Pennsylvania,Philadelphia,Men's Athletic Footwear,$50.00 ,150,"$75,000 ","$26,250 ",35%,Outlet
,Foot Locker,1185732,11/5/21,Northeast,Pennsylvania,Philadelphia,Women's Street Footwear,$40.00 ,175,"$70,000 ","$28,000 ",40%,Outlet
,Foot Locker,1185732,11/6/21,Northeast,Pennsylvania,Philadelphia,Women's Athletic Footwear,$45.00 ,25,"$11,250 ","$4,500 ",40%,Outlet
,Foot Locker,1185732,11/7/21,Northeast,Pennsylvania,Philadelphia,Men's Apparel,$60.00 ,75,"$45,000 ","$13,500 ",30%,Outlet
,Foot Locker,1185732,11/8/21,Northeast,Pennsylvania,Philadelphia,Women's Apparel,$50.00 ,175,"$87,500 ","$21,875 ",25%,Outlet
,Foot Locker,1185732,11/9/21,Northeast,Pennsylvania,Philadelphia,Men's Street Footwear,$50.00 ,450,"$225,000 ","$112,500 ",50%,Outlet
,Foot Locker,1185732,11/10/21,Northeast,Pennsylvania,Philadelphia,Men's Athletic Footwear,$50.00 ,150,"$75,000 ","$22,500 ",30%,Outlet
,Foot Locker,1185732,11/11/21,Northeast,Pennsylvania,Philadelphia,Women's Street Footwear,$40.00 ,150,"$60,000 ","$21,000 ",35%,Outlet
,Foot Locker,1185732,11/12/21,Northeast,Pennsylvania,Philadelphia,Women's Athletic Footwear,$45.00 ,75,"$33,750 ","$11,813 ",35%,Outlet
,Foot Locker,1185732,11/13/21,Northeast,Pennsylvania,Philadelphia,Men's Apparel,$60.00 ,75,"$45,000 ","$13,500 ",30%,Outlet
,Foot Locker,1185732,11/14/21,Northeast,Pennsylvania,Philadelphia,Women's Apparel,$50.00 ,200,"$100,000 ","$25,000 ",25%,Outlet
,Foot Locker,1185732,11/15/21,Northeast,Pennsylvania,Philadelphia,Men's Street Footwear,$60.00 ,470,"$282,000 ","$141,000 ",50%,Outlet
,Foot Locker,1185732,11/16/21,Northeast,Pennsylvania,Philadelphia,Men's Athletic Footwear,$60.00 ,175,"$105,000 ","$31,500 ",30%,Outlet
,Foot Locker,1185732,11/17/21,Northeast,Pennsylvania,Philadelphia,Women's Street Footwear,$55.00 ,150,"$82,500 ","$28,875 ",35%,Outlet
,Foot Locker,1185732,11/18/21,Northeast,Pennsylvania,Philadelphia,Women's Athletic Footwear,$55.00 ,100,"$55,000 ","$19,250 ",35%,Outlet
,Foot Locker,1185732,11/19/21,Northeast,Pennsylvania,Philadelphia,Men's Apparel,$65.00 ,125,"$81,250 ","$24,375 ",30%,Outlet
,Foot Locker,1185732,11/20/21,Northeast,Pennsylvania,Philadelphia,Women's Apparel,$70.00 ,250,"$175,000 ","$52,500 ",30%,Outlet
,Foot Locker,1185732,11/21/21,Northeast,Pennsylvania,Philadelphia,Men's Street Footwear,$65.00 ,500,"$325,000 ","$178,750 ",55%,Outlet
,Foot Locker,1185732,11/22/21,Northeast,Pennsylvania,Philadelphia,Men's Athletic Footwear,$60.00 ,250,"$150,000 ","$52,500 ",35%,Outlet
,Foot Locker,1185732,11/23/21,Northeast,Pennsylvania,Philadelphia,Women's Street Footwear,$55.00 ,175,"$96,250 ","$38,500 ",40%,Outlet
,Foot Locker,1185732,11/24/21,Northeast,Pennsylvania,Philadelphia,Women's Athletic Footwear,$55.00 ,150,"$82,500 ","$33,000 ",40%,Outlet
,Foot Locker,1185732,11/25/21,Northeast,Pennsylvania,Philadelphia,Men's Apparel,$65.00 ,150,"$97,500 ","$34,125 ",35%,Outlet
,Foot Locker,1185732,11/26/21,Northeast,Pennsylvania,Philadelphia,Women's Apparel,$70.00 ,300,"$210,000 ","$63,000 ",30%,Outlet
,Foot Locker,1185732,11/27/21,Northeast,Pennsylvania,Philadelphia,Men's Street Footwear,$65.00 ,500,"$325,000 ","$178,750 ",55%,Outlet
,Foot Locker,1185732,11/28/21,Northeast,Pennsylvania,Philadelphia,Men's Athletic Footwear,$60.00 ,300,"$180,000 ","$63,000 ",35%,Outlet
,Foot Locker,1185732,11/29/21,Northeast,Pennsylvania,Philadelphia,Women's Street Footwear,$55.00 ,225,"$123,750 ","$49,500 ",40%,Outlet
,Foot Locker,1185732,11/30/21,Northeast,Pennsylvania,Philadelphia,Women's Athletic Footwear,$55.00 ,175,"$96,250 ","$38,500 ",40%,Outlet
,Foot Locker,1185732,12/1/21,Northeast,Pennsylvania,Philadelphia,Men's Apparel,$65.00 ,200,"$130,000 ","$45,500 ",35%,Outlet
,Foot Locker,1185732,12/2/21,Northeast,Pennsylvania,Philadelphia,Women's Apparel,$70.00 ,375,"$262,500 ","$78,750 ",30%,Outlet
,Foot Locker,1185732,12/3/21,Northeast,Pennsylvania,Philadelphia,Men's Street Footwear,$65.00 ,525,"$341,250 ","$187,688 ",55%,Outlet
,Foot Locker,1185732,12/4/21,Northeast,Pennsylvania,Philadelphia,Men's Athletic Footwear,$60.00 ,300,"$180,000 ","$63,000 ",35%,Outlet
,Foot Locker,1185732,12/5/21,Northeast,Pennsylvania,Philadelphia,Women's Street Footwear,$55.00 ,225,"$123,750 ","$49,500 ",40%,Outlet
,Foot Locker,1185732,12/6/21,Northeast,Pennsylvania,Philadelphia,Women's Athletic Footwear,$55.00 ,200,"$110,000 ","$44,000 ",40%,Outlet
,Foot Locker,1185732,12/7/21,Northeast,Pennsylvania,Philadelphia,Men's Apparel,$65.00 ,175,"$113,750 ","$39,813 ",35%,Outlet
,Foot Locker,1185732,12/8/21,Northeast,Pennsylvania,Philadelphia,Women's Apparel,$70.00 ,350,"$245,000 ","$73,500 ",30%,Outlet
,Foot Locker,1185732,12/9/21,Northeast,Pennsylvania,Philadelphia,Men's Street Footwear,$65.00 ,475,"$308,750 ","$154,375 ",50%,Outlet
,Foot Locker,1185732,12/10/21,Northeast,Pennsylvania,Philadelphia,Men's Athletic Footwear,$50.00 ,275,"$137,500 ","$41,250 ",30%,Outlet
,Foot Locker,1185732,12/11/21,Northeast,Pennsylvania,Philadelphia,Women's Street Footwear,$45.00 ,200,"$90,000 ","$31,500 ",35%,Outlet
,Foot Locker,1185732,12/12/21,Northeast,Pennsylvania,Philadelphia,Women's Athletic Footwear,$45.00 ,175,"$78,750 ","$27,563 ",35%,Outlet
,Foot Locker,1185732,12/13/21,Northeast,Pennsylvania,Philadelphia,Men's Apparel,$55.00 ,125,"$68,750 ","$20,625 ",30%,Outlet
,Foot Locker,1185732,12/14/21,Northeast,Pennsylvania,Philadelphia,Women's Apparel,$60.00 ,225,"$135,000 ","$33,750 ",25%,Outlet
,Foot Locker,1185732,12/15/21,Northeast,Pennsylvania,Philadelphia,Men's Street Footwear,$60.00 ,400,"$240,000 ","$120,000 ",50%,Outlet
,Foot Locker,1185732,12/16/21,Northeast,Pennsylvania,Philadelphia,Men's Athletic Footwear,$50.00 ,225,"$112,500 ","$33,750 ",30%,Outlet
,Foot Locker,1185732,12/17/21,Northeast,Pennsylvania,Philadelphia,Women's Street Footwear,$50.00 ,125,"$62,500 ","$21,875 ",35%,Outlet
,Foot Locker,1185732,12/18/21,Northeast,Pennsylvania,Philadelphia,Women's Athletic Footwear,$50.00 ,100,"$50,000 ","$17,500 ",35%,Outlet
,Foot Locker,1185732,12/19/21,Northeast,Pennsylvania,Philadelphia,Men's Apparel,$60.00 ,100,"$60,000 ","$18,000 ",30%,Outlet
,Foot Locker,1185732,12/20/21,Northeast,Pennsylvania,Philadelphia,Women's Apparel,$65.00 ,225,"$146,250 ","$36,563 ",25%,Outlet
,Foot Locker,1185732,12/21/21,Northeast,Pennsylvania,Philadelphia,Men's Street Footwear,$70.00 ,375,"$262,500 ","$144,375 ",55%,Outlet
,Foot Locker,1185732,12/22/21,Northeast,Pennsylvania,Philadelphia,Men's Athletic Footwear,$60.00 ,200,"$120,000 ","$42,000 ",35%,Outlet
,Foot Locker,1185732,12/23/21,Northeast,Pennsylvania,Philadelphia,Women's Street Footwear,$60.00 ,195,"$117,000 ","$46,800 ",40%,Outlet
,Foot Locker,1185732,12/24/21,Northeast,Pennsylvania,Philadelphia,Women's Athletic Footwear,$60.00 ,175,"$105,000 ","$42,000 ",40%,Outlet
,Foot Locker,1185732,12/25/21,Northeast,Pennsylvania,Philadelphia,Men's Apparel,$70.00 ,150,"$105,000 ","$36,750 ",35%,Outlet
,Foot Locker,1185732,12/26/21,Northeast,Pennsylvania,Philadelphia,Women's Apparel,$75.00 ,250,"$187,500 ","$56,250 ",30%,Outlet
,Foot Locker,1185732,12/27/21,Northeast,Pennsylvania,Philadelphia,Men's Street Footwear,$70.00 ,475,"$332,500 ","$182,875 ",55%,Outlet
,Foot Locker,1185732,12/28/21,Northeast,Pennsylvania,Philadelphia,Men's Athletic Footwear,$60.00 ,275,"$165,000 ","$57,750 ",35%,Outlet
,Foot Locker,1185732,12/29/21,Northeast,Pennsylvania,Philadelphia,Women's Street Footwear,$60.00 ,225,"$135,000 ","$54,000 ",40%,Outlet
,Foot Locker,1185732,12/30/21,Northeast,Pennsylvania,Philadelphia,Women's Athletic Footwear,$60.00 ,175,"$105,000 ","$42,000 ",40%,Outlet
,Foot Locker,1185732,12/31/21,Northeast,Pennsylvania,Philadelphia,Men's Apparel,$70.00 ,175,"$122,500 ","$42,875 ",35%,Outlet
,Foot Locker,1185732,1/1/20,Northeast,Pennsylvania,Philadelphia,Women's Apparel,$75.00 ,275,"$206,250 ","$61,875 ",30%,Outlet
,West Gear,1128299,1/2/20,Northeast,Pennsylvania,Philadelphia,Men's Street Footwear,$35.00 ,450,"$157,500 ","$63,000 ",40%,Outlet
,West Gear,1128299,1/3/20,Northeast,Pennsylvania,Philadelphia,Men's Athletic Footwear,$45.00 ,450,"$202,500 ","$50,625 ",25%,Outlet
,West Gear,1128299,1/4/20,Northeast,Pennsylvania,Philadelphia,Women's Street Footwear,$45.00 ,450,"$202,500 ","$81,000 ",40%,Outlet
,West Gear,1128299,1/5/20,Northeast,Pennsylvania,Philadelphia,Women's Athletic Footwear,$45.00 ,300,"$135,000 ","$47,250 ",35%,Outlet
,West Gear,1128299,1/6/20,West,Nevada,Las Vegas,Men's Apparel,$50.00 ,250,"$125,000 ","$68,750 ",55%,Outlet
,West Gear,1128299,1/7/20,West,Nevada,Las Vegas,Women's Apparel,$45.00 ,475,"$213,750 ","$42,750 ",20%,Outlet
,West Gear,1128299,1/8/20,West,Nevada,Las Vegas,Men's Street Footwear,$35.00 ,525,"$183,750 ","$73,500 ",40%,Outlet
,West Gear,1128299,1/9/20,West,Nevada,Las Vegas,Men's Athletic Footwear,$45.00 ,425,"$191,250 ","$47,813 ",25%,Outlet
,West Gear,1128299,1/10/20,West,Nevada,Las Vegas,Women's Street Footwear,$45.00 ,425,"$191,250 ","$76,500 ",40%,Outlet
,West Gear,1128299,1/11/20,West,Nevada,Las Vegas,Women's Athletic Footwear,$45.00 ,275,"$123,750 ","$43,313 ",35%,Outlet
,West Gear,1128299,1/12/20,West,Nevada,Las Vegas,Men's Apparel,$50.00 ,200,"$100,000 ","$55,000 ",55%,Outlet
,West Gear,1128299,1/13/20,West,Nevada,Las Vegas,Women's Apparel,$45.00 ,400,"$180,000 ","$36,000 ",20%,Outlet
,West Gear,1128299,1/14/20,West,Nevada,Las Vegas,Men's Street Footwear,$45.00 ,550,"$247,500 ","$99,000 ",40%,Outlet
,West Gear,1128299,1/15/20,West,Nevada,Las Vegas,Men's Athletic Footwear,$55.00 ,400,"$220,000 ","$55,000 ",25%,Outlet
,West Gear,1128299,1/16/20,West,Nevada,Las Vegas,Women's Street Footwear,$55.00 ,400,"$220,000 ","$88,000 ",40%,Outlet
,West Gear,1128299,1/17/20,West,Nevada,Las Vegas,Women's Athletic Footwear,$55.00 ,300,"$165,000 ","$57,750 ",35%,Outlet
,West Gear,1128299,1/18/20,West,Nevada,Las Vegas,Men's Apparel,$60.00 ,175,"$105,000 ","$57,750 ",55%,Outlet
,West Gear,1128299,1/19/20,West,Nevada,Las Vegas,Women's Apparel,$55.00 ,375,"$206,250 ","$41,250 ",20%,Outlet
,West Gear,1128299,1/20/20,West,Nevada,Las Vegas,Men's Street Footwear,$60.00 ,550,"$330,000 ","$132,000 ",40%,Outlet
,West Gear,1128299,1/21/20,West,Nevada,Las Vegas,Men's Athletic Footwear,$65.00 ,350,"$227,500 ","$56,875 ",25%,Outlet
,West Gear,1128299,1/22/20,West,Nevada,Las Vegas,Women's Street Footwear,$65.00 ,400,"$260,000 ","$104,000 ",40%,Outlet
,West Gear,1128299,1/23/20,West,Nevada,Las Vegas,Women's Athletic Footwear,$60.00 ,300,"$180,000 ","$63,000 ",35%,Outlet
,West Gear,1128299,1/24/20,West,Nevada,Las Vegas,Men's Apparel,$65.00 ,200,"$130,000 ","$71,500 ",55%,Outlet
,West Gear,1128299,1/25/20,West,Nevada,Las Vegas,Women's Apparel,$80.00 ,350,"$280,000 ","$56,000 ",20%,Outlet
,West Gear,1128299,1/26/20,West,Nevada,Las Vegas,Men's Street Footwear,$60.00 ,550,"$330,000 ","$148,500 ",45%,Outlet
,West Gear,1128299,1/27/20,West,Nevada,Las Vegas,Men's Athletic Footwear,$65.00 ,400,"$260,000 ","$78,000 ",30%,Outlet
,West Gear,1128299,1/28/20,West,Nevada,Las Vegas,Women's Street Footwear,$65.00 ,400,"$260,000 ","$117,000 ",45%,Outlet
,West Gear,1128299,1/29/20,West,Nevada,Las Vegas,Women's Athletic Footwear,$60.00 ,300,"$180,000 ","$72,000 ",40%,Outlet
,West Gear,1128299,1/30/20,West,Nevada,Las Vegas,Men's Apparel,$65.00 ,200,"$130,000 ","$78,000 ",60%,Outlet
,West Gear,1128299,1/31/20,West,Nevada,Las Vegas,Women's Apparel,$80.00 ,450,"$360,000 ","$90,000 ",25%,Outlet
,West Gear,1128299,2/1/20,West,Nevada,Las Vegas,Men's Street Footwear,$60.00 ,700,"$420,000 ","$189,000 ",45%,Outlet
,West Gear,1128299,2/2/20,West,Nevada,Las Vegas,Men's Athletic Footwear,$65.00 ,550,"$357,500 ","$107,250 ",30%,Outlet
,West Gear,1128299,2/3/20,West,Nevada,Las Vegas,Women's Street Footwear,$65.00 ,550,"$357,500 ","$160,875 ",45%,Outlet
,West Gear,1128299,2/4/20,West,Nevada,Las Vegas,Women's Athletic Footwear,$60.00 ,425,"$255,000 ","$102,000 ",40%,Outlet
,West Gear,1128299,2/5/20,West,Nevada,Las Vegas,Men's Apparel,$65.00 ,300,"$195,000 ","$117,000 ",60%,Outlet
,West Gear,1128299,2/6/20,West,Nevada,Las Vegas,Women's Apparel,$80.00 ,600,"$480,000 ","$120,000 ",25%,Outlet
,West Gear,1128299,2/7/20,West,Nevada,Las Vegas,Men's Street Footwear,$60.00 ,750,"$450,000 ","$180,000 ",40%,Outlet
,West Gear,1128299,2/8/20,West,Nevada,Las Vegas,Men's Athletic Footwear,$65.00 ,600,"$390,000 ","$97,500 ",25%,Outlet
,West Gear,1128299,2/9/20,West,Nevada,Las Vegas,Women's Street Footwear,$65.00 ,550,"$357,500 ","$143,000 ",40%,In-store
,West Gear,1128299,2/10/20,West,Nevada,Las Vegas,Women's Athletic Footwear,$60.00 ,450,"$270,000 ","$94,500 ",35%,In-store
,West Gear,1128299,2/11/20,West,Nevada,Las Vegas,Men's Apparel,$65.00 ,500,"$325,000 ","$178,750 ",55%,In-store
,West Gear,1128299,2/12/20,West,Nevada,Las Vegas,Women's Apparel,$80.00 ,500,"$400,000 ","$80,000 ",20%,In-store
,West Gear,1128299,2/13/20,West,Nevada,Las Vegas,Men's Street Footwear,$65.00 ,700,"$455,000 ","$182,000 ",40%,In-store
,West Gear,1128299,2/14/20,West,Nevada,Las Vegas,Men's Athletic Footwear,$70.00 ,650,"$455,000 ","$113,750 ",25%,In-store
,West Gear,1128299,2/15/20,West,Nevada,Las Vegas,Women's Street Footwear,$65.00 ,525,"$341,250 ","$136,500 ",40%,In-store
,West Gear,1128299,2/16/20,West,Nevada,Las Vegas,Women's Athletic Footwear,$65.00 ,475,"$308,750 ","$108,063 ",35%,In-store
,West Gear,1128299,2/17/20,West,Nevada,Las Vegas,Men's Apparel,$75.00 ,475,"$356,250 ","$195,938 ",55%,In-store
,West Gear,1128299,2/18/20,West,Nevada,Las Vegas,Women's Apparel,$80.00 ,400,"$320,000 ","$64,000 ",20%,In-store
,West Gear,1128299,2/19/20,West,Nevada,Las Vegas,Men's Street Footwear,$60.00 ,600,"$360,000 ","$126,000 ",35%,In-store
,West Gear,1128299,2/20/20,West,Nevada,Las Vegas,Men's Athletic Footwear,$65.00 ,600,"$390,000 ","$78,000 ",20%,In-store
,West Gear,1128299,2/21/20,West,Nevada,Las Vegas,Women's Street Footwear,$60.00 ,450,"$270,000 ","$94,500 ",35%,In-store
,West Gear,1128299,2/22/20,West,Nevada,Las Vegas,Women's Athletic Footwear,$60.00 ,400,"$240,000 ","$72,000 ",30%,In-store
,West Gear,1128299,2/23/20,West,Nevada,Las Vegas,Men's Apparel,$70.00 ,400,"$280,000 ","$140,000 ",50%,In-store
,West Gear,1128299,2/24/20,West,Nevada,Las Vegas,Women's Apparel,$75.00 ,450,"$337,500 ","$50,625 ",15%,In-store
,West Gear,1128299,2/25/20,West,Nevada,Las Vegas,Men's Street Footwear,$60.00 ,550,"$330,000 ","$115,500 ",35%,In-store
,West Gear,1128299,2/26/20,West,Nevada,Las Vegas,Men's Athletic Footwear,$65.00 ,550,"$357,500 ","$71,500 ",20%,In-store
,West Gear,1128299,2/27/20,West,Nevada,Las Vegas,Women's Street Footwear,$60.00 ,375,"$225,000 ","$78,750 ",35%,In-store
,West Gear,1128299,2/28/20,West,Nevada,Las Vegas,Women's Athletic Footwear,$60.00 ,350,"$210,000 ","$63,000 ",30%,In-store
,West Gear,1128299,3/1/20,West,Nevada,Las Vegas,Men's Apparel,$70.00 ,325,"$227,500 ","$113,750 ",50%,In-store
,West Gear,1128299,3/2/20,West,Nevada,Las Vegas,Women's Apparel,$75.00 ,375,"$281,250 ","$42,188 ",15%,In-store
,West Gear,1128299,3/3/20,West,Nevada,Las Vegas,Men's Street Footwear,$60.00 ,575,"$345,000 ","$120,750 ",35%,In-store
,West Gear,1128299,3/4/20,West,Nevada,Las Vegas,Men's Athletic Footwear,$65.00 ,575,"$373,750 ","$74,750 ",20%,In-store
,West Gear,1128299,3/5/20,West,Nevada,Las Vegas,Women's Street Footwear,$60.00 ,425,"$255,000 ","$89,250 ",35%,In-store
,West Gear,1128299,3/6/20,West,Nevada,Las Vegas,Women's Athletic Footwear,$60.00 ,400,"$240,000 ","$72,000 ",30%,In-store
,West Gear,1128299,3/7/20,West,Nevada,Las Vegas,Men's Apparel,$70.00 ,350,"$245,000 ","$122,500 ",50%,In-store
,West Gear,1128299,3/8/20,West,Nevada,Las Vegas,Women's Apparel,$75.00 ,475,"$356,250 ","$53,438 ",15%,In-store
,West Gear,1128299,3/9/20,West,Nevada,Las Vegas,Men's Street Footwear,$60.00 ,675,"$405,000 ","$141,750 ",35%,In-store
,West Gear,1128299,3/10/20,West,Nevada,Las Vegas,Men's Athletic Footwear,$65.00 ,675,"$438,750 ","$87,750 ",20%,In-store
,West Gear,1128299,3/11/20,West,Nevada,Las Vegas,Women's Street Footwear,$60.00 ,475,"$285,000 ","$99,750 ",35%,In-store
,West Gear,1128299,3/12/20,West,Nevada,Las Vegas,Women's Athletic Footwear,$60.00 ,475,"$285,000 ","$85,500 ",30%,In-store
,West Gear,1128299,3/13/20,West,Nevada,Las Vegas,Men's Apparel,$70.00 ,400,"$280,000 ","$140,000 ",50%,In-store
,West Gear,1128299,3/14/20,West,Nevada,Las Vegas,Women's Apparel,$75.00 ,500,"$375,000 ","$56,250 ",15%,In-store
,West Gear,1128299,3/15/20,West,Nevada,Las Vegas,Men's Street Footwear,$30.00 ,425,"$127,500 ","$44,625 ",35%,In-store
,West Gear,1128299,3/16/20,West,Nevada,Las Vegas,Men's Athletic Footwear,$40.00 ,425,"$170,000 ","$34,000 ",20%,In-store
,West Gear,1128299,3/17/20,West,Nevada,Las Vegas,Women's Street Footwear,$40.00 ,425,"$170,000 ","$59,500 ",35%,In-store
,West Gear,1128299,3/18/20,West,Nevada,Las Vegas,Women's Athletic Footwear,$40.00 ,275,"$110,000 ","$33,000 ",30%,In-store
,West Gear,1128299,3/19/20,West,Colorado,Denver,Men's Apparel,$45.00 ,225,"$101,250 ","$50,625 ",50%,In-store
,West Gear,1128299,3/20/20,West,Colorado,Denver,Women's Apparel,$40.00 ,475,"$190,000 ","$28,500 ",15%,In-store
,West Gear,1128299,3/21/20,West,Colorado,Denver,Men's Street Footwear,$30.00 ,525,"$157,500 ","$55,125 ",35%,In-store
,West Gear,1128299,3/22/20,West,Colorado,Denver,Men's Athletic Footwear,$40.00 ,425,"$170,000 ","$34,000 ",20%,In-store
,West Gear,1128299,3/23/20,West,Colorado,Denver,Women's Street Footwear,$40.00 ,425,"$170,000 ","$59,500 ",35%,In-store
,West Gear,1128299,3/24/20,West,Colorado,Denver,Women's Athletic Footwear,$40.00 ,275,"$110,000 ","$33,000 ",30%,In-store
,West Gear,1128299,3/25/20,West,Colorado,Denver,Men's Apparel,$45.00 ,200,"$90,000 ","$45,000 ",50%,In-store
,West Gear,1128299,3/26/20,West,Colorado,Denver,Women's Apparel,$40.00 ,400,"$160,000 ","$24,000 ",15%,In-store
,West Gear,1128299,3/27/20,West,Colorado,Denver,Men's Street Footwear,$40.00 ,550,"$220,000 ","$77,000 ",35%,In-store
,West Gear,1128299,3/28/20,West,Colorado,Denver,Men's Athletic Footwear,$50.00 ,400,"$200,000 ","$40,000 ",20%,In-store
,West Gear,1128299,3/29/20,West,Colorado,Denver,Women's Street Footwear,$55.00 ,400,"$220,000 ","$77,000 ",35%,In-store
,West Gear,1128299,3/30/20,West,Colorado,Denver,Women's Athletic Footwear,$55.00 ,300,"$165,000 ","$49,500 ",30%,In-store
,West Gear,1128299,3/31/20,West,Colorado,Denver,Men's Apparel,$60.00 ,150,"$90,000 ","$45,000 ",50%,In-store
,West Gear,1128299,4/1/20,West,Colorado,Denver,Women's Apparel,$55.00 ,350,"$192,500 ","$28,875 ",15%,In-store
,West Gear,1128299,4/2/20,West,Colorado,Denver,Men's Street Footwear,$60.00 ,525,"$315,000 ","$110,250 ",35%,In-store
,West Gear,1128299,4/3/20,West,Colorado,Denver,Men's Athletic Footwear,$65.00 ,325,"$211,250 ","$42,250 ",20%,In-store
,West Gear,1128299,4/4/20,West,Colorado,Denver,Women's Street Footwear,$65.00 ,375,"$243,750 ","$85,313 ",35%,In-store
,West Gear,1128299,4/5/20,West,Colorado,Denver,Women's Athletic Footwear,$60.00 ,275,"$165,000 ","$49,500 ",30%,In-store
,West Gear,1128299,4/6/20,West,Colorado,Denver,Men's Apparel,$65.00 ,175,"$113,750 ","$56,875 ",50%,In-store
,West Gear,1128299,4/7/20,West,Colorado,Denver,Women's Apparel,$80.00 ,325,"$260,000 ","$39,000 ",15%,In-store
,West Gear,1128299,4/8/20,West,Colorado,Denver,Men's Street Footwear,$60.00 ,525,"$315,000 ","$157,500 ",50%,In-store
,West Gear,1128299,4/9/20,West,Colorado,Denver,Men's Athletic Footwear,$65.00 ,375,"$243,750 ","$85,313 ",35%,In-store
,West Gear,1128299,4/10/20,West,Colorado,Denver,Women's Street Footwear,$65.00 ,375,"$243,750 ","$121,875 ",50%,In-store
,West Gear,1128299,4/11/20,West,Colorado,Denver,Women's Athletic Footwear,$60.00 ,275,"$165,000 ","$74,250 ",45%,In-store
,West Gear,1128299,4/12/20,West,Colorado,Denver,Men's Apparel,$65.00 ,175,"$113,750 ","$73,938 ",65%,In-store
,West Gear,1128299,4/13/20,West,Colorado,Denver,Women's Apparel,$80.00 ,475,"$380,000 ","$114,000 ",30%,In-store
,West Gear,1128299,4/14/20,West,Colorado,Denver,Men's Street Footwear,$60.00 ,725,"$435,000 ","$217,500 ",50%,In-store
,West Gear,1128299,4/15/20,West,Colorado,Denver,Men's Athletic Footwear,$65.00 ,575,"$373,750 ","$130,813 ",35%,In-store
,West Gear,1128299,4/16/20,West,Colorado,Denver,Women's Street Footwear,$65.00 ,575,"$373,750 ","$186,875 ",50%,In-store
,West Gear,1128299,4/17/20,West,Colorado,Denver,Women's Athletic Footwear,$65.00 ,450,"$292,500 ","$131,625 ",45%,In-store
,West Gear,1128299,4/18/20,West,Colorado,Denver,Men's Apparel,$70.00 ,325,"$227,500 ","$147,875 ",65%,In-store
,West Gear,1128299,4/19/20,West,Colorado,Denver,Women's Apparel,$85.00 ,625,"$531,250 ","$159,375 ",30%,In-store
,West Gear,1128299,4/20/20,West,Colorado,Denver,Men's Street Footwear,$65.00 ,775,"$503,750 ","$226,688 ",45%,In-store
,West Gear,1128299,4/21/20,West,Colorado,Denver,Men's Athletic Footwear,$70.00 ,625,"$437,500 ","$131,250 ",30%,In-store
,West Gear,1128299,4/22/20,West,Colorado,Denver,Women's Street Footwear,$70.00 ,575,"$402,500 ","$181,125 ",45%,In-store
,West Gear,1128299,4/23/20,West,Colorado,Denver,Women's Athletic Footwear,$65.00 ,475,"$308,750 ","$123,500 ",40%,In-store
,West Gear,1128299,4/24/20,West,Colorado,Denver,Men's Apparel,$70.00 ,525,"$367,500 ","$220,500 ",60%,In-store
,West Gear,1128299,4/25/20,West,Colorado,Denver,Women's Apparel,$85.00 ,525,"$446,250 ","$111,563 ",25%,In-store
,West Gear,1128299,4/26/20,West,Colorado,Denver,Men's Street Footwear,$70.00 ,725,"$507,500 ","$228,375 ",45%,In-store
,West Gear,1128299,4/27/20,West,Colorado,Denver,Men's Athletic Footwear,$75.00 ,675,"$506,250 ","$151,875 ",30%,In-store
,West Gear,1128299,4/28/20,West,Colorado,Denver,Women's Street Footwear,$70.00 ,550,"$385,000 ","$173,250 ",45%,In-store
,West Gear,1128299,4/29/20,West,Colorado,Denver,Women's Athletic Footwear,$70.00 ,500,"$350,000 ","$140,000 ",40%,In-store
,West Gear,1128299,4/30/20,West,Colorado,Denver,Men's Apparel,$75.00 ,500,"$375,000 ","$225,000 ",60%,In-store
,West Gear,1128299,5/1/20,West,Colorado,Denver,Women's Apparel,$80.00 ,400,"$320,000 ","$80,000 ",25%,In-store
,West Gear,1128299,5/2/20,West,Colorado,Denver,Men's Street Footwear,$65.00 ,600,"$390,000 ","$156,000 ",40%,In-store
,West Gear,1128299,5/3/20,West,Colorado,Denver,Men's Athletic Footwear,$70.00 ,600,"$420,000 ","$105,000 ",25%,In-store
,West Gear,1128299,5/4/20,West,Colorado,Denver,Women's Street Footwear,$65.00 ,450,"$292,500 ","$117,000 ",40%,In-store
,West Gear,1128299,5/5/20,West,Colorado,Denver,Women's Athletic Footwear,$65.00 ,400,"$260,000 ","$91,000 ",35%,In-store
,West Gear,1128299,5/6/20,West,Colorado,Denver,Men's Apparel,$75.00 ,400,"$300,000 ","$165,000 ",55%,In-store
,West Gear,1128299,5/7/20,West,Colorado,Denver,Women's Apparel,$70.00 ,425,"$297,500 ","$59,500 ",20%,In-store
,West Gear,1128299,5/8/20,West,Colorado,Denver,Men's Street Footwear,$55.00 ,525,"$288,750 ","$115,500 ",40%,In-store
,West Gear,1128299,5/9/20,West,Colorado,Denver,Men's Athletic Footwear,$60.00 ,525,"$315,000 ","$78,750 ",25%,In-store
,West Gear,1128299,5/10/20,West,Colorado,Denver,Women's Street Footwear,$55.00 ,350,"$192,500 ","$77,000 ",40%,In-store
,West Gear,1128299,5/11/20,West,Colorado,Denver,Women's Athletic Footwear,$55.00 ,325,"$178,750 ","$62,563 ",35%,In-store
,West Gear,1128299,5/12/20,West,Colorado,Denver,Men's Apparel,$65.00 ,300,"$195,000 ","$107,250 ",55%,In-store
,West Gear,1128299,5/13/20,West,Colorado,Denver,Women's Apparel,$70.00 ,350,"$245,000 ","$49,000 ",20%,In-store
,West Gear,1128299,5/14/20,West,Colorado,Denver,Men's Street Footwear,$55.00 ,575,"$316,250 ","$126,500 ",40%,In-store
,West Gear,1128299,5/15/20,West,Colorado,Denver,Men's Athletic Footwear,$60.00 ,575,"$345,000 ","$86,250 ",25%,In-store
,West Gear,1128299,5/16/20,West,Colorado,Denver,Women's Street Footwear,$55.00 ,425,"$233,750 ","$93,500 ",40%,In-store
,West Gear,1128299,5/17/20,West,Colorado,Denver,Women's Athletic Footwear,$65.00 ,400,"$260,000 ","$91,000 ",35%,In-store
,West Gear,1128299,5/18/20,West,Colorado,Denver,Men's Apparel,$75.00 ,375,"$281,250 ","$154,688 ",55%,In-store
,West Gear,1128299,5/19/20,West,Colorado,Denver,Women's Apparel,$80.00 ,500,"$400,000 ","$80,000 ",20%,In-store
,West Gear,1128299,5/20/20,West,Colorado,Denver,Men's Street Footwear,$65.00 ,700,"$455,000 ","$182,000 ",40%,In-store
,West Gear,1128299,5/21/20,West,Colorado,Denver,Men's Athletic Footwear,$70.00 ,700,"$490,000 ","$122,500 ",25%,In-store
,West Gear,1128299,5/22/20,West,Colorado,Denver,Women's Street Footwear,$65.00 ,500,"$325,000 ","$130,000 ",40%,In-store
,West Gear,1128299,5/23/20,West,Colorado,Denver,Women's Athletic Footwear,$65.00 ,500,"$325,000 ","$113,750 ",35%,In-store
,West Gear,1128299,5/24/20,West,Colorado,Denver,Men's Apparel,$75.00 ,425,"$318,750 ","$175,313 ",55%,In-store
,West Gear,1128299,5/25/20,West,Colorado,Denver,Women's Apparel,$80.00 ,525,"$420,000 ","$84,000 ",20%,In-store
,West Gear,1128299,5/26/20,West,Colorado,Denver,Men's Street Footwear,$40.00 ,450,"$180,000 ","$54,000 ",30%,In-store
,West Gear,1128299,5/27/20,West,Colorado,Denver,Men's Athletic Footwear,$50.00 ,450,"$225,000 ","$56,250 ",25%,In-store
,West Gear,1128299,5/28/20,West,Colorado,Denver,Women's Street Footwear,$50.00 ,450,"$225,000 ","$56,250 ",25%,In-store
,West Gear,1128299,5/29/20,West,Colorado,Denver,Women's Athletic Footwear,$50.00 ,300,"$150,000 ","$45,000 ",30%,In-store
,West Gear,1128299,5/30/20,West,Washington,Seattle,Men's Apparel,$55.00 ,250,"$137,500 ","$34,375 ",25%,In-store
,West Gear,1128299,5/31/20,West,Washington,Seattle,Women's Apparel,$50.00 ,500,"$250,000 ","$50,000 ",20%,In-store
,West Gear,1128299,6/1/20,West,Washington,Seattle,Men's Street Footwear,$40.00 ,550,"$220,000 ","$66,000 ",30%,In-store
,West Gear,1128299,6/2/20,West,Washington,Seattle,Men's Athletic Footwear,$50.00 ,450,"$225,000 ","$56,250 ",25%,In-store
,West Gear,1128299,6/3/20,West,Washington,Seattle,Women's Street Footwear,$50.00 ,450,"$225,000 ","$56,250 ",25%,In-store
,West Gear,1128299,6/4/20,West,Washington,Seattle,Women's Athletic Footwear,$50.00 ,300,"$150,000 ","$45,000 ",30%,In-store
,West Gear,1128299,6/5/20,West,Washington,Seattle,Men's Apparel,$55.00 ,225,"$123,750 ","$30,938 ",25%,In-store
,West Gear,1128299,6/6/20,West,Washington,Seattle,Women's Apparel,$50.00 ,425,"$212,500 ","$42,500 ",20%,In-store
,West Gear,1128299,6/7/20,West,Washington,Seattle,Men's Street Footwear,$50.00 ,575,"$287,500 ","$86,250 ",30%,In-store
,West Gear,1128299,6/8/20,West,Washington,Seattle,Men's Athletic Footwear,$60.00 ,425,"$255,000 ","$63,750 ",25%,In-store
,West Gear,1128299,6/9/20,West,Washington,Seattle,Women's Street Footwear,$65.00 ,425,"$276,250 ","$69,063 ",25%,In-store
,West Gear,1128299,6/10/20,West,Washington,Seattle,Women's Athletic Footwear,$65.00 ,325,"$211,250 ","$63,375 ",30%,In-store
,West Gear,1128299,6/11/20,West,Washington,Seattle,Men's Apparel,$70.00 ,175,"$122,500 ","$30,625 ",25%,In-store
,West Gear,1128299,6/12/20,West,Washington,Seattle,Women's Apparel,$65.00 ,375,"$243,750 ","$48,750 ",20%,In-store
,West Gear,1128299,6/13/20,West,Washington,Seattle,Men's Street Footwear,$70.00 ,550,"$385,000 ","$115,500 ",30%,In-store
,West Gear,1128299,6/14/20,West,Washington,Seattle,Men's Athletic Footwear,$75.00 ,350,"$262,500 ","$65,625 ",25%,In-store
,West Gear,1128299,6/15/20,West,Washington,Seattle,Women's Street Footwear,$75.00 ,400,"$300,000 ","$75,000 ",25%,In-store
,West Gear,1128299,6/16/20,West,Washington,Seattle,Women's Athletic Footwear,$60.00 ,300,"$180,000 ","$54,000 ",30%,In-store
,West Gear,1128299,6/17/20,West,Washington,Seattle,Men's Apparel,$65.00 ,200,"$130,000 ","$32,500 ",25%,In-store
,West Gear,1128299,6/18/20,West,Washington,Seattle,Women's Apparel,$80.00 ,350,"$280,000 ","$56,000 ",20%,In-store
,West Gear,1128299,6/19/20,West,Washington,Seattle,Men's Street Footwear,$60.00 ,550,"$330,000 ","$99,000 ",30%,In-store
,West Gear,1128299,6/20/20,West,Washington,Seattle,Men's Athletic Footwear,$65.00 ,400,"$260,000 ","$65,000 ",25%,In-store
,West Gear,1128299,6/21/20,West,Washington,Seattle,Women's Street Footwear,$65.00 ,400,"$260,000 ","$65,000 ",25%,In-store
,West Gear,1128299,6/22/20,West,Washington,Seattle,Women's Athletic Footwear,$60.00 ,300,"$180,000 ","$54,000 ",30%,In-store
,West Gear,1128299,6/23/20,West,Washington,Seattle,Men's Apparel,$65.00 ,200,"$130,000 ","$32,500 ",25%,In-store
,West Gear,1128299,6/24/20,West,Washington,Seattle,Women's Apparel,$80.00 ,500,"$400,000 ","$80,000 ",20%,In-store
,West Gear,1128299,6/25/20,West,Washington,Seattle,Men's Street Footwear,$75.00 ,750,"$562,500 ","$168,750 ",30%,In-store
,West Gear,1128299,6/26/20,West,Washington,Seattle,Men's Athletic Footwear,$80.00 ,625,"$500,000 ","$125,000 ",25%,In-store
,West Gear,1128299,6/27/20,West,Washington,Seattle,Women's Street Footwear,$80.00 ,625,"$500,000 ","$125,000 ",25%,In-store
,West Gear,1128299,6/28/20,West,Washington,Seattle,Women's Athletic Footwear,$80.00 ,500,"$400,000 ","$120,000 ",30%,In-store
,West Gear,1128299,6/29/20,West,Washington,Seattle,Men's Apparel,$85.00 ,375,"$318,750 ","$79,688 ",25%,In-store
,West Gear,1128299,6/30/20,West,Washington,Seattle,Women's Apparel,$100.00 ,675,"$675,000 ","$135,000 ",20%,In-store
,West Gear,1128299,7/1/20,West,Washington,Seattle,Men's Street Footwear,$80.00 ,825,"$660,000 ","$198,000 ",30%,In-store
,West Gear,1128299,7/2/20,West,Washington,Seattle,Men's Athletic Footwear,$85.00 ,675,"$573,750 ","$143,438 ",25%,In-store
,West Gear,1128299,7/3/20,West,Washington,Seattle,Women's Street Footwear,$85.00 ,625,"$531,250 ","$132,813 ",25%,In-store
,West Gear,1128299,7/4/20,West,Washington,Seattle,Women's Athletic Footwear,$80.00 ,525,"$420,000 ","$126,000 ",30%,In-store
,West Gear,1128299,7/5/20,West,Washington,Seattle,Men's Apparel,$85.00 ,575,"$488,750 ","$122,188 ",25%,In-store
,West Gear,1128299,7/6/20,West,Washington,Seattle,Women's Apparel,$100.00 ,575,"$575,000 ","$115,000 ",20%,In-store
,West Gear,1128299,7/7/20,West,Washington,Seattle,Men's Street Footwear,$85.00 ,775,"$658,750 ","$197,625 ",30%,In-store
,West Gear,1128299,7/8/20,West,Washington,Seattle,Men's Athletic Footwear,$80.00 ,750,"$600,000 ","$150,000 ",25%,In-store
,West Gear,1128299,7/9/20,West,Washington,Seattle,Women's Street Footwear,$75.00 ,625,"$468,750 ","$117,188 ",25%,In-store
,West Gear,1128299,7/10/20,West,Washington,Seattle,Women's Athletic Footwear,$75.00 ,575,"$431,250 ","$129,375 ",30%,In-store
,West Gear,1128299,7/11/20,West,Washington,Seattle,Men's Apparel,$75.00 ,575,"$431,250 ","$107,813 ",25%,In-store
,West Gear,1128299,7/12/20,West,Washington,Seattle,Women's Apparel,$80.00 ,400,"$320,000 ","$64,000 ",20%,In-store
,West Gear,1128299,7/13/20,West,Washington,Seattle,Men's Street Footwear,$70.00 ,600,"$420,000 ","$126,000 ",30%,In-store
,West Gear,1128299,7/14/20,West,Washington,Seattle,Men's Athletic Footwear,$75.00 ,600,"$450,000 ","$112,500 ",25%,In-store
,West Gear,1128299,7/15/20,West,Washington,Seattle,Women's Street Footwear,$70.00 ,450,"$315,000 ","$78,750 ",25%,In-store
,West Gear,1128299,7/16/20,West,Washington,Seattle,Women's Athletic Footwear,$70.00 ,400,"$280,000 ","$84,000 ",30%,In-store
,West Gear,1128299,7/17/20,West,Washington,Seattle,Men's Apparel,$80.00 ,425,"$340,000 ","$85,000 ",25%,In-store
,West Gear,1128299,7/18/20,West,Washington,Seattle,Women's Apparel,$65.00 ,450,"$292,500 ","$58,500 ",20%,In-store
,West Gear,1128299,7/19/20,West,Washington,Seattle,Men's Street Footwear,$60.00 ,550,"$330,000 ","$99,000 ",30%,In-store
,West Gear,1128299,7/20/20,West,Washington,Seattle,Men's Athletic Footwear,$65.00 ,550,"$357,500 ","$89,375 ",25%,In-store
,West Gear,1128299,7/21/20,West,Washington,Seattle,Women's Street Footwear,$60.00 ,375,"$225,000 ","$56,250 ",25%,In-store
,West Gear,1128299,7/22/20,West,Washington,Seattle,Women's Athletic Footwear,$60.00 ,350,"$210,000 ","$63,000 ",30%,In-store
,West Gear,1128299,7/23/20,West,Washington,Seattle,Men's Apparel,$70.00 ,325,"$227,500 ","$56,875 ",25%,In-store
,West Gear,1128299,7/24/20,West,Washington,Seattle,Women's Apparel,$75.00 ,375,"$281,250 ","$56,250 ",20%,In-store
,West Gear,1128299,7/25/20,West,Washington,Seattle,Men's Street Footwear,$60.00 ,600,"$360,000 ","$108,000 ",30%,In-store
,West Gear,1128299,7/26/20,West,Washington,Seattle,Men's Athletic Footwear,$65.00 ,625,"$406,250 ","$101,563 ",25%,In-store
,West Gear,1128299,7/27/20,West,Washington,Seattle,Women's Street Footwear,$60.00 ,475,"$285,000 ","$71,250 ",25%,In-store
,West Gear,1128299,7/28/20,West,Washington,Seattle,Women's Athletic Footwear,$70.00 ,450,"$315,000 ","$94,500 ",30%,In-store
,West Gear,1128299,7/29/20,West,Washington,Seattle,Men's Apparel,$90.00 ,425,"$382,500 ","$95,625 ",25%,In-store
,West Gear,1128299,7/30/20,West,Washington,Seattle,Women's Apparel,$95.00 ,550,"$522,500 ","$104,500 ",20%,In-store
,West Gear,1128299,7/31/20,West,Washington,Seattle,Men's Street Footwear,$80.00 ,750,"$600,000 ","$180,000 ",30%,In-store
,West Gear,1128299,8/1/20,West,Washington,Seattle,Men's Athletic Footwear,$85.00 ,750,"$637,500 ","$159,375 ",25%,In-store
,West Gear,1128299,8/2/20,West,Washington,Seattle,Women's Street Footwear,$80.00 ,550,"$440,000 ","$110,000 ",25%,In-store
,West Gear,1128299,8/3/20,West,Washington,Seattle,Women's Athletic Footwear,$80.00 ,550,"$440,000 ","$132,000 ",30%,In-store
,West Gear,1128299,8/4/20,West,Washington,Seattle,Men's Apparel,$90.00 ,475,"$427,500 ","$106,875 ",25%,In-store
,West Gear,1128299,8/5/20,West,Washington,Seattle,Women's Apparel,$95.00 ,575,"$546,250 ","$109,250 ",20%,In-store
,Foot Locker,1185732,8/6/20,West,Washington,Seattle,Men's Street Footwear,$45.00 ,"1,050","$472,500 ","$212,625 ",45%,In-store
,Foot Locker,1185732,8/7/20,West,Washington,Seattle,Men's Athletic Footwear,$45.00 ,850,"$382,500 ","$133,875 ",35%,In-store
,Foot Locker,1185732,8/8/20,West,Washington,Seattle,Women's Street Footwear,$35.00 ,850,"$297,500 ","$74,375 ",25%,In-store
,Foot Locker,1185732,8/9/20,West,Washington,Seattle,Women's Athletic Footwear,$40.00 ,700,"$280,000 ","$84,000 ",30%,In-store
,Foot Locker,1185732,8/10/20,Southeast,Florida,Miami,Men's Apparel,$55.00 ,750,"$412,500 ","$144,375 ",35%,In-store
,Foot Locker,1185732,8/11/20,Southeast,Florida,Miami,Women's Apparel,$45.00 ,850,"$382,500 ","$191,250 ",50%,In-store
,Foot Locker,1185732,8/12/20,Southeast,Florida,Miami,Men's Street Footwear,$45.00 ,"1,100","$495,000 ","$222,750 ",45%,In-store
,Foot Locker,1185732,8/13/20,Southeast,Florida,Miami,Men's Athletic Footwear,$45.00 ,750,"$337,500 ","$118,125 ",35%,In-store
,Foot Locker,1185732,8/14/20,Southeast,Florida,Miami,Women's Street Footwear,$35.00 ,800,"$280,000 ","$70,000 ",25%,In-store
,West Gear,1185732,8/15/20,Southeast,Florida,Miami,Women's Athletic Footwear,$40.00 ,675,"$270,000 ","$81,000 ",30%,In-store
,Foot Locker,1185732,8/16/20,Southeast,Florida,Miami,Men's Apparel,$55.00 ,750,"$412,500 ","$144,375 ",35%,In-store
,Foot Locker,1185732,8/17/20,Southeast,Florida,Miami,Women's Apparel,$45.00 ,850,"$382,500 ","$191,250 ",50%,In-store
,Foot Locker,1185732,8/18/20,Southeast,Florida,Miami,Men's Street Footwear,$45.00 ,"1,070","$481,500 ","$216,675 ",45%,In-store
,Foot Locker,1185732,8/19/20,Southeast,Florida,Miami,Men's Athletic Footwear,$45.00 ,750,"$337,500 ","$118,125 ",35%,In-store
,Foot Locker,1185732,8/20/20,Southeast,Florida,Miami,Women's Street Footwear,$35.00 ,775,"$271,250 ","$67,813 ",25%,In-store
,Foot Locker,1185732,8/21/20,Southeast,Florida,Miami,Women's Athletic Footwear,$40.00 ,625,"$250,000 ","$75,000 ",30%,In-store
,Foot Locker,1185732,8/22/20,Southeast,Florida,Miami,Men's Apparel,$55.00 ,675,"$371,250 ","$129,938 ",35%,In-store
,Foot Locker,1185732,8/23/20,Southeast,Florida,Miami,Women's Apparel,$45.00 ,775,"$348,750 ","$174,375 ",50%,In-store
,Foot Locker,1185732,4/24/20,Southeast,Florida,Miami,Men's Street Footwear,$45.00 ,"1,025","$461,250 ","$207,563 ",45%,In-store
,Foot Locker,1185732,4/24/20,Southeast,Florida,Miami,Men's Athletic Footwear,$45.00 ,725,"$326,250 ","$114,188 ",35%,In-store
,West Gear,1185732,4/24/20,Southeast,Florida,Miami,Women's Street Footwear,$35.00 ,725,"$253,750 ","$63,438 ",25%,In-store
,West Gear,1185732,4/24/20,Southeast,Florida,Miami,Women's Athletic Footwear,$40.00 ,650,"$260,000 ","$78,000 ",30%,In-store
,West Gear,1185732,4/24/20,Southeast,Florida,Miami,Men's Apparel,$55.00 ,675,"$371,250 ","$129,938 ",35%,In-store
,West Gear,1185732,4/24/20,Southeast,Florida,Miami,Women's Apparel,$45.00 ,800,"$360,000 ","$180,000 ",50%,In-store
,West Gear,1185732,4/24/20,Southeast,Florida,Miami,Men's Street Footwear,$55.00 ,"1,070","$588,500 ","$264,825 ",45%,In-store
,West Gear,1185732,4/24/20,Southeast,Florida,Miami,Men's Athletic Footwear,$55.00 ,775,"$426,250 ","$149,188 ",35%,In-store
,West Gear,1185732,4/24/20,Southeast,Florida,Miami,Women's Street Footwear,$50.00 ,750,"$375,000 ","$93,750 ",25%,In-store
,West Gear,1185732,4/24/20,Southeast,Florida,Miami,Women's Athletic Footwear,$50.00 ,700,"$350,000 ","$105,000 ",30%,In-store
,West Gear,1185732,4/24/20,Southeast,Florida,Miami,Men's Apparel,$60.00 ,725,"$435,000 ","$152,250 ",35%,In-store
,West Gear,1185732,4/24/20,Southeast,Florida,Miami,Women's Apparel,$65.00 ,825,"$536,250 ","$268,125 ",50%,In-store
,West Gear,1185732,4/24/20,Southeast,Florida,Miami,Men's Street Footwear,$60.00 ,"1,075","$645,000 ","$290,250 ",45%,In-store
,West Gear,1185732,4/24/20,Southeast,Florida,Miami,Men's Athletic Footwear,$55.00 ,825,"$453,750 ","$158,813 ",35%,In-store
,West Gear,1185732,9/7/20,Southeast,Florida,Miami,Women's Street Footwear,$50.00 ,800,"$400,000 ","$100,000 ",25%,In-store
,West Gear,1185732,9/8/20,Southeast,Florida,Miami,Women's Athletic Footwear,$50.00 ,775,"$387,500 ","$116,250 ",30%,In-store
,West Gear,1185732,9/9/20,Southeast,Florida,Miami,Men's Apparel,$65.00 ,775,"$503,750 ","$176,313 ",35%,In-store
,West Gear,1185732,9/10/20,Southeast,Florida,Miami,Women's Apparel,$70.00 ,925,"$647,500 ","$323,750 ",50%,In-store
,West Gear,1185732,9/11/20,Southeast,Florida,Miami,Men's Street Footwear,$65.00 ,"1,150","$747,500 ","$336,375 ",45%,In-store
,West Gear,1185732,9/12/20,Southeast,Florida,Miami,Men's Athletic Footwear,$60.00 ,900,"$540,000 ","$189,000 ",35%,In-store
,West Gear,1185732,9/13/20,Southeast,Florida,Miami,Women's Street Footwear,$55.00 ,825,"$453,750 ","$113,438 ",25%,In-store
,West Gear,1185732,9/14/20,Southeast,Florida,Miami,Women's Athletic Footwear,$55.00 ,775,"$426,250 ","$127,875 ",30%,In-store
,West Gear,1185732,9/15/20,Southeast,Florida,Miami,Men's Apparel,$65.00 ,800,"$520,000 ","$182,000 ",35%,In-store
,West Gear,1185732,9/16/20,Southeast,Florida,Miami,Women's Apparel,$70.00 ,975,"$682,500 ","$341,250 ",50%,In-store
,West Gear,1185732,9/17/20,Southeast,Florida,Miami,Men's Street Footwear,$65.00 ,"1,125","$731,250 ","$329,063 ",45%,In-store
,West Gear,1185732,9/18/20,Southeast,Florida,Miami,Men's Athletic Footwear,$60.00 ,900,"$540,000 ","$189,000 ",35%,In-store
,West Gear,1185732,9/19/20,Southeast,Florida,Miami,Women's Street Footwear,$55.00 ,825,"$453,750 ","$113,438 ",25%,In-store
,Foot Locker,1185732,9/20/20,Southeast,Florida,Miami,Women's Athletic Footwear,$45.00 ,775,"$348,750 ","$104,625 ",30%,In-store
,Foot Locker,1185732,9/21/20,Southeast,Florida,Miami,Men's Apparel,$55.00 ,750,"$412,500 ","$144,375 ",35%,In-store
,Foot Locker,1185732,9/22/20,Southeast,Florida,Miami,Women's Apparel,$60.00 ,925,"$555,000 ","$277,500 ",50%,In-store
,Foot Locker,1185732,9/23/20,Southeast,Florida,Miami,Men's Street Footwear,$55.00 ,"1,050","$577,500 ","$259,875 ",45%,In-store
,Foot Locker,1185732,9/24/20,Southeast,Florida,Miami,Men's Athletic Footwear,$50.00 ,850,"$425,000 ","$148,750 ",35%,In-store
,Sports Direct,1185732,9/25/20,Southeast,Florida,Miami,Women's Street Footwear,$45.00 ,750,"$337,500 ","$84,375 ",25%,In-store
,Sports Direct,1185732,9/26/20,Southeast,Florida,Miami,Women's Athletic Footwear,$45.00 ,725,"$326,250 ","$97,875 ",30%,In-store
,Sports Direct,1185732,9/27/20,Southeast,Florida,Miami,Men's Apparel,$55.00 ,725,"$398,750 ","$139,563 ",35%,In-store
,Sports Direct,1185732,9/28/20,Southeast,Florida,Miami,Women's Apparel,$60.00 ,825,"$495,000 ","$247,500 ",50%,In-store
,Sports Direct,1185732,9/29/20,Southeast,Florida,Miami,Men's Street Footwear,$60.00 ,"1,000","$600,000 ","$270,000 ",45%,In-store
,Sports Direct,1185732,9/30/20,Southeast,Florida,Miami,Men's Athletic Footwear,$50.00 ,825,"$412,500 ","$144,375 ",35%,In-store
,Sports Direct,1185732,10/1/20,Southeast,Florida,Miami,Women's Street Footwear,$50.00 ,725,"$362,500 ","$90,625 ",25%,In-store
,Sports Direct,1185732,10/2/20,Southeast,Florida,Miami,Women's Athletic Footwear,$50.00 ,700,"$350,000 ","$105,000 ",30%,In-store
,Sports Direct,1185732,10/3/20,Southeast,Florida,Miami,Men's Apparel,$60.00 ,700,"$420,000 ","$147,000 ",35%,In-store
,Sports Direct,1185732,10/4/20,Southeast,Florida,Miami,Women's Apparel,$65.00 ,825,"$536,250 ","$268,125 ",50%,In-store
,Sports Direct,1185732,10/5/20,Southeast,Florida,Miami,Men's Street Footwear,$60.00 ,975,"$585,000 ","$263,250 ",45%,In-store
,Sports Direct,1185732,10/6/20,Southeast,Florida,Miami,Men's Athletic Footwear,$50.00 ,800,"$400,000 ","$140,000 ",35%,In-store
,Sports Direct,1185732,10/7/20,Southeast,Florida,Miami,Women's Street Footwear,$50.00 ,745,"$372,500 ","$93,125 ",25%,In-store
,Sports Direct,1185732,10/8/20,Southeast,Florida,Miami,Women's Athletic Footwear,$50.00 ,775,"$387,500 ","$116,250 ",30%,In-store
,Sports Direct,1185732,10/9/20,Southeast,Florida,Miami,Men's Apparel,$65.00 ,750,"$487,500 ","$170,625 ",35%,In-store
,Sports Direct,1185732,10/10/20,Southeast,Florida,Miami,Women's Apparel,$70.00 ,850,"$595,000 ","$297,500 ",50%,In-store
,Sports Direct,1185732,5/24/20,Southeast,Florida,Miami,Men's Street Footwear,$65.00 ,"1,075","$698,750 ","$314,438 ",45%,In-store
,Sports Direct,1185732,5/24/20,Southeast,Florida,Miami,Men's Athletic Footwear,$55.00 ,875,"$481,250 ","$168,438 ",35%,In-store
,Sports Direct,1185732,5/24/20,Southeast,Florida,Miami,Women's Street Footwear,$55.00 ,825,"$453,750 ","$113,438 ",25%,In-store
,Sports Direct,1185732,5/24/20,Southeast,Florida,Miami,Women's Athletic Footwear,$55.00 ,775,"$426,250 ","$127,875 ",30%,In-store
,Foot Locker,1185732,5/24/20,Southeast,Florida,Miami,Men's Apparel,$65.00 ,775,"$503,750 ","$176,313 ",35%,In-store
,Foot Locker,1185732,5/24/20,Southeast,Florida,Miami,Women's Apparel,$70.00 ,875,"$612,500 ","$306,250 ",50%,In-store
,Foot Locker,1185732,10/17/20,Southeast,Florida,Miami,Men's Street Footwear,$35.00 ,450,"$157,500 ","$55,125 ",35%,In-store
,Foot Locker,1185732,10/18/20,Southeast,Florida,Miami,Men's Athletic Footwear,$35.00 ,250,"$87,500 ","$26,250 ",30%,In-store
,Foot Locker,1185732,10/19/20,Southeast,Florida,Miami,Women's Street Footwear,$25.00 ,250,"$62,500 ","$18,750 ",30%,In-store
,Foot Locker,1185732,10/20/20,Southeast,Florida,Miami,Women's Athletic Footwear,$30.00 ,100,"$30,000 ","$10,500 ",35%,In-store
,Foot Locker,1185732,10/21/20,Midwest,Minnesota,Minneapolis,Men's Apparel,$45.00 ,150,"$67,500 ","$20,250 ",30%,In-store
,Foot Locker,1185732,10/22/20,Midwest,Minnesota,Minneapolis,Women's Apparel,$35.00 ,250,"$87,500 ","$39,375 ",45%,In-store
,Foot Locker,1185732,10/23/20,Midwest,Minnesota,Minneapolis,Men's Street Footwear,$35.00 ,500,"$175,000 ","$61,250 ",35%,In-store
,Foot Locker,1185732,10/24/20,Midwest,Minnesota,Minneapolis,Men's Athletic Footwear,$35.00 ,150,"$52,500 ","$15,750 ",30%,In-store
,Foot Locker,1185732,10/25/20,Midwest,Minnesota,Minneapolis,Women's Street Footwear,$25.00 ,200,"$50,000 ","$15,000 ",30%,In-store
,Foot Locker,1185732,10/26/20,Midwest,Minnesota,Minneapolis,Women's Athletic Footwear,$30.00 ,75,"$22,500 ","$7,875 ",35%,In-store
,Foot Locker,1185732,10/27/20,Midwest,Minnesota,Minneapolis,Men's Apparel,$45.00 ,150,"$67,500 ","$20,250 ",30%,In-store
,Foot Locker,1185732,10/28/20,Midwest,Minnesota,Minneapolis,Women's Apparel,$35.00 ,225,"$78,750 ","$35,438 ",45%,In-store
,Foot Locker,1185732,10/29/20,Midwest,Minnesota,Minneapolis,Men's Street Footwear,$40.00 ,445,"$178,000 ","$62,300 ",35%,In-store
,Foot Locker,1185732,10/30/20,Midwest,Minnesota,Minneapolis,Men's Athletic Footwear,$40.00 ,125,"$50,000 ","$15,000 ",30%,In-store
,Foot Locker,1185732,10/31/20,Midwest,Minnesota,Minneapolis,Women's Street Footwear,$30.00 ,175,"$52,500 ","$15,750 ",30%,In-store
,Foot Locker,1185732,11/1/20,Midwest,Minnesota,Minneapolis,Women's Athletic Footwear,$35.00 ,25,"$8,750 ","$3,063 ",35%,In-store
,Foot Locker,1185732,11/2/20,Midwest,Minnesota,Minneapolis,Men's Apparel,$50.00 ,75,"$37,500 ","$11,250 ",30%,In-store
,Foot Locker,1185732,11/3/20,Midwest,Minnesota,Minneapolis,Women's Apparel,$40.00 ,175,"$70,000 ","$31,500 ",45%,In-store
,Foot Locker,1185732,11/4/20,Midwest,Minnesota,Minneapolis,Men's Street Footwear,$40.00 ,400,"$160,000 ","$56,000 ",35%,In-store
,Foot Locker,1185732,11/5/20,Midwest,Minnesota,Minneapolis,Men's Athletic Footwear,$40.00 ,100,"$40,000 ","$12,000 ",30%,In-store
,Foot Locker,1185732,11/6/20,Midwest,Minnesota,Minneapolis,Women's Street Footwear,$30.00 ,100,"$30,000 ","$9,000 ",30%,In-store
,Foot Locker,1185732,11/7/20,Midwest,Minnesota,Minneapolis,Women's Athletic Footwear,$35.00 ,25,"$8,750 ","$3,063 ",35%,In-store
,Foot Locker,1185732,11/8/20,Midwest,Minnesota,Minneapolis,Men's Apparel,$50.00 ,50,"$25,000 ","$7,500 ",30%,In-store
,Foot Locker,1185732,11/9/20,Midwest,Minnesota,Minneapolis,Women's Apparel,$40.00 ,175,"$70,000 ","$31,500 ",45%,In-store
,Foot Locker,1185732,11/10/20,Midwest,Minnesota,Minneapolis,Men's Street Footwear,$50.00 ,445,"$222,500 ","$77,875 ",35%,In-store
,Foot Locker,1185732,11/11/20,Midwest,Minnesota,Minneapolis,Men's Athletic Footwear,$45.00 ,150,"$67,500 ","$20,250 ",30%,In-store
,Foot Locker,1185732,11/12/20,Midwest,Minnesota,Minneapolis,Women's Street Footwear,$40.00 ,125,"$50,000 ","$15,000 ",30%,In-store
,Foot Locker,1185732,11/13/20,Midwest,Minnesota,Minneapolis,Women's Athletic Footwear,$40.00 ,50,"$20,000 ","$7,000 ",35%,In-store
,Foot Locker,1185732,11/14/20,Midwest,Minnesota,Minneapolis,Men's Apparel,$55.00 ,75,"$41,250 ","$12,375 ",30%,In-store
,Foot Locker,1185732,11/15/20,Midwest,Minnesota,Minneapolis,Women's Apparel,$60.00 ,175,"$105,000 ","$47,250 ",45%,In-store
,Foot Locker,1185732,11/16/20,Midwest,Minnesota,Minneapolis,Men's Street Footwear,$45.00 ,425,"$191,250 ","$66,938 ",35%,Outlet
,Foot Locker,1185732,11/17/20,Midwest,Minnesota,Minneapolis,Men's Athletic Footwear,$40.00 ,175,"$70,000 ","$21,000 ",30%,Outlet
,Foot Locker,1185732,11/18/20,Midwest,Minnesota,Minneapolis,Women's Street Footwear,$35.00 ,175,"$61,250 ","$18,375 ",30%,Outlet
,Foot Locker,1185732,11/19/20,Midwest,Minnesota,Minneapolis,Women's Athletic Footwear,$35.00 ,150,"$52,500 ","$18,375 ",35%,Outlet
,Foot Locker,1185732,11/20/20,Midwest,Minnesota,Minneapolis,Men's Apparel,$50.00 ,150,"$75,000 ","$22,500 ",30%,Outlet
,Foot Locker,1185732,11/21/20,Midwest,Minnesota,Minneapolis,Women's Apparel,$55.00 ,325,"$178,750 ","$80,438 ",45%,Outlet
,Foot Locker,1185732,11/22/20,Midwest,Minnesota,Minneapolis,Men's Street Footwear,$50.00 ,550,"$275,000 ","$96,250 ",35%,Outlet
,Foot Locker,1185732,11/23/20,Midwest,Minnesota,Minneapolis,Men's Athletic Footwear,$45.00 ,300,"$135,000 ","$40,500 ",30%,Outlet
,Foot Locker,1185732,11/24/20,Midwest,Minnesota,Minneapolis,Women's Street Footwear,$40.00 ,225,"$90,000 ","$27,000 ",30%,Outlet
,Foot Locker,1185732,11/25/20,Midwest,Minnesota,Minneapolis,Women's Athletic Footwear,$40.00 ,175,"$70,000 ","$24,500 ",35%,Outlet
,Foot Locker,1185732,11/26/20,Midwest,Minnesota,Minneapolis,Men's Apparel,$50.00 ,200,"$100,000 ","$30,000 ",30%,Outlet
,Foot Locker,1185732,11/27/20,Midwest,Minnesota,Minneapolis,Women's Apparel,$55.00 ,375,"$206,250 ","$92,813 ",45%,Outlet
,Foot Locker,1185732,11/28/20,Midwest,Minnesota,Minneapolis,Men's Street Footwear,$50.00 ,525,"$262,500 ","$91,875 ",35%,Outlet
,Foot Locker,1185732,11/29/20,Midwest,Minnesota,Minneapolis,Men's Athletic Footwear,$45.00 ,300,"$135,000 ","$40,500 ",30%,Outlet
,Foot Locker,1185732,11/30/20,Midwest,Minnesota,Minneapolis,Women's Street Footwear,$40.00 ,225,"$90,000 ","$27,000 ",30%,Outlet
,Foot Locker,1185732,12/1/20,Midwest,Minnesota,Minneapolis,Women's Athletic Footwear,$35.00 ,175,"$61,250 ","$21,438 ",35%,Outlet
,Foot Locker,1185732,12/2/20,Midwest,Minnesota,Minneapolis,Men's Apparel,$45.00 ,150,"$67,500 ","$20,250 ",30%,Outlet
,Foot Locker,1185732,12/3/20,Midwest,Minnesota,Minneapolis,Women's Apparel,$50.00 ,325,"$162,500 ","$73,125 ",45%,Outlet
,Foot Locker,1185732,12/4/20,Midwest,Minnesota,Minneapolis,Men's Street Footwear,$45.00 ,450,"$202,500 ","$70,875 ",35%,Outlet
,Foot Locker,1185732,12/5/20,Midwest,Minnesota,Minneapolis,Men's Athletic Footwear,$40.00 ,250,"$100,000 ","$30,000 ",30%,Outlet
,Foot Locker,1185732,12/6/20,Midwest,Minnesota,Minneapolis,Women's Street Footwear,$25.00 ,150,"$37,500 ","$11,250 ",30%,Outlet
,Foot Locker,1185732,12/7/20,Midwest,Minnesota,Minneapolis,Women's Athletic Footwear,$25.00 ,125,"$31,250 ","$10,938 ",35%,Outlet
,Foot Locker,1185732,12/8/20,Midwest,Minnesota,Minneapolis,Men's Apparel,$35.00 ,125,"$43,750 ","$13,125 ",30%,Outlet
,Foot Locker,1185732,12/9/20,Midwest,Minnesota,Minneapolis,Women's Apparel,$40.00 ,200,"$80,000 ","$36,000 ",45%,Outlet
,Foot Locker,1185732,12/10/20,Midwest,Minnesota,Minneapolis,Men's Street Footwear,$45.00 ,375,"$168,750 ","$59,063 ",35%,Outlet
,Foot Locker,1185732,12/11/20,Midwest,Minnesota,Minneapolis,Men's Athletic Footwear,$35.00 ,200,"$70,000 ","$21,000 ",30%,Outlet
,Foot Locker,1185732,12/12/20,Midwest,Minnesota,Minneapolis,Women's Street Footwear,$35.00 ,100,"$35,000 ","$10,500 ",30%,Outlet
,Foot Locker,1185732,12/13/20,Midwest,Minnesota,Minneapolis,Women's Athletic Footwear,$35.00 ,75,"$26,250 ","$9,188 ",35%,Outlet
,Foot Locker,1185732,12/14/20,Midwest,Minnesota,Minneapolis,Men's Apparel,$45.00 ,75,"$33,750 ","$10,125 ",30%,Outlet
,Foot Locker,1185732,12/15/20,Midwest,Minnesota,Minneapolis,Women's Apparel,$50.00 ,200,"$100,000 ","$45,000 ",45%,Outlet
,Foot Locker,1185732,12/16/20,Midwest,Minnesota,Minneapolis,Men's Street Footwear,$50.00 ,350,"$175,000 ","$61,250 ",35%,Outlet
,Foot Locker,1185732,12/17/20,Midwest,Minnesota,Minneapolis,Men's Athletic Footwear,$40.00 ,200,"$80,000 ","$24,000 ",30%,Outlet
,Foot Locker,1185732,12/18/20,Midwest,Minnesota,Minneapolis,Women's Street Footwear,$40.00 ,145,"$58,000 ","$17,400 ",30%,Outlet
,Foot Locker,1185732,12/19/20,Midwest,Minnesota,Minneapolis,Women's Athletic Footwear,$40.00 ,150,"$60,000 ","$21,000 ",35%,Outlet
,Foot Locker,1185732,12/20/20,Midwest,Minnesota,Minneapolis,Men's Apparel,$55.00 ,125,"$68,750 ","$20,625 ",30%,Outlet
,Foot Locker,1185732,12/21/20,Midwest,Minnesota,Minneapolis,Women's Apparel,$60.00 ,225,"$135,000 ","$60,750 ",45%,Outlet
,Foot Locker,1185732,12/22/20,Midwest,Minnesota,Minneapolis,Men's Street Footwear,$55.00 ,475,"$261,250 ","$91,438 ",35%,Outlet
,Foot Locker,1185732,12/23/20,Midwest,Minnesota,Minneapolis,Men's Athletic Footwear,$45.00 ,275,"$123,750 ","$37,125 ",30%,Outlet
,Foot Locker,1185732,12/24/20,Midwest,Minnesota,Minneapolis,Women's Street Footwear,$45.00 ,225,"$101,250 ","$30,375 ",30%,Outlet
,Foot Locker,1185732,12/25/20,Midwest,Minnesota,Minneapolis,Women's Athletic Footwear,$45.00 ,175,"$78,750 ","$27,563 ",35%,Outlet
,Foot Locker,1185732,12/26/20,Midwest,Minnesota,Minneapolis,Men's Apparel,$55.00 ,175,"$96,250 ","$28,875 ",30%,Outlet
,Foot Locker,1185732,12/27/20,Midwest,Minnesota,Minneapolis,Women's Apparel,$60.00 ,275,"$165,000 ","$74,250 ",45%,Outlet
,Kohl's,1189833,12/28/20,Midwest,Minnesota,Minneapolis,Men's Street Footwear,$35.00 ,475,"$166,250 ","$74,813 ",45%,Outlet
,Kohl's,1189833,12/29/20,Midwest,Minnesota,Minneapolis,Men's Athletic Footwear,$45.00 ,475,"$213,750 ","$64,125 ",30%,Outlet
,Kohl's,1189833,12/30/20,Midwest,Minnesota,Minneapolis,Women's Street Footwear,$45.00 ,475,"$213,750 ","$96,188 ",45%,Outlet
,Kohl's,1189833,12/31/20,Midwest,Minnesota,Minneapolis,Women's Athletic Footwear,$45.00 ,325,"$146,250 ","$58,500 ",40%,Outlet
,Kohl's,1189833,1/1/21,Midwest,Montana,Billings,Men's Apparel,$50.00 ,275,"$137,500 ","$82,500 ",60%,Outlet
,Kohl's,1189833,1/2/21,Midwest,Montana,Billings,Women's Apparel,$45.00 ,475,"$213,750 ","$53,438 ",25%,Outlet
,Kohl's,1189833,1/3/21,Midwest,Montana,Billings,Men's Street Footwear,$35.00 ,525,"$183,750 ","$82,688 ",45%,Outlet
,Kohl's,1189833,1/4/21,Midwest,Montana,Billings,Men's Athletic Footwear,$45.00 ,425,"$191,250 ","$57,375 ",30%,Outlet
,Kohl's,1189833,1/5/21,Midwest,Montana,Billings,Women's Street Footwear,$45.00 ,450,"$202,500 ","$91,125 ",45%,Outlet
,Kohl's,1189833,1/6/21,Midwest,Montana,Billings,Women's Athletic Footwear,$45.00 ,300,"$135,000 ","$54,000 ",40%,Outlet
,Kohl's,1189833,1/7/21,Midwest,Montana,Billings,Men's Apparel,$50.00 ,225,"$112,500 ","$67,500 ",60%,Outlet
,Kohl's,1189833,1/8/21,Midwest,Montana,Billings,Women's Apparel,$45.00 ,425,"$191,250 ","$47,813 ",25%,Outlet
,Kohl's,1189833,1/9/21,Midwest,Montana,Billings,Men's Street Footwear,$35.00 ,575,"$201,250 ","$90,563 ",45%,Outlet
,Kohl's,1189833,1/10/21,Midwest,Montana,Billings,Men's Athletic Footwear,$45.00 ,425,"$191,250 ","$57,375 ",30%,Outlet
,Kohl's,1189833,1/11/21,Midwest,Montana,Billings,Women's Street Footwear,$45.00 ,425,"$191,250 ","$86,063 ",45%,Outlet
,Kohl's,1189833,1/12/21,Midwest,Montana,Billings,Women's Athletic Footwear,$45.00 ,325,"$146,250 ","$58,500 ",40%,Outlet
,Kohl's,1189833,1/13/21,Midwest,Montana,Billings,Men's Apparel,$50.00 ,200,"$100,000 ","$60,000 ",60%,Outlet
,Kohl's,1189833,1/14/21,Midwest,Montana,Billings,Women's Apparel,$45.00 ,400,"$180,000 ","$45,000 ",25%,Outlet
,Kohl's,1189833,1/15/21,Midwest,Montana,Billings,Men's Street Footwear,$45.00 ,575,"$258,750 ","$116,438 ",45%,Outlet
,Kohl's,1189833,1/16/21,Midwest,Montana,Billings,Men's Athletic Footwear,$45.00 ,375,"$168,750 ","$50,625 ",30%,Outlet
,Kohl's,1189833,1/17/21,Midwest,Montana,Billings,Women's Street Footwear,$45.00 ,400,"$180,000 ","$81,000 ",45%,Outlet
,Kohl's,1189833,1/18/21,Midwest,Montana,Billings,Women's Athletic Footwear,$40.00 ,300,"$120,000 ","$48,000 ",40%,Outlet
,Kohl's,1189833,1/19/21,Midwest,Montana,Billings,Men's Apparel,$45.00 ,200,"$90,000 ","$54,000 ",60%,Outlet
,Kohl's,1189833,1/20/21,Midwest,Montana,Billings,Women's Apparel,$60.00 ,375,"$225,000 ","$56,250 ",25%,Outlet
,Kohl's,1189833,1/21/21,Midwest,Montana,Billings,Men's Street Footwear,$40.00 ,575,"$230,000 ","$103,500 ",45%,Outlet
,Kohl's,1189833,1/22/21,Midwest,Montana,Billings,Men's Athletic Footwear,$45.00 ,425,"$191,250 ","$57,375 ",30%,Outlet
,Kohl's,1189833,1/23/21,Midwest,Montana,Billings,Women's Street Footwear,$45.00 ,425,"$191,250 ","$86,063 ",45%,Outlet
,Kohl's,1189833,1/24/21,Midwest,Montana,Billings,Women's Athletic Footwear,$40.00 ,325,"$130,000 ","$52,000 ",40%,Outlet
,Kohl's,1189833,1/25/21,Midwest,Montana,Billings,Men's Apparel,$45.00 ,225,"$101,250 ","$60,750 ",60%,Outlet
,Kohl's,1189833,1/26/21,Midwest,Montana,Billings,Women's Apparel,$60.00 ,400,"$240,000 ","$60,000 ",25%,Outlet
,Kohl's,1189833,1/27/21,Midwest,Montana,Billings,Men's Street Footwear,$40.00 ,675,"$270,000 ","$121,500 ",45%,Outlet
,Kohl's,1189833,1/28/21,Midwest,Montana,Billings,Men's Athletic Footwear,$45.00 ,525,"$236,250 ","$70,875 ",30%,Outlet
,Kohl's,1189833,1/29/21,Midwest,Montana,Billings,Women's Street Footwear,$45.00 ,550,"$247,500 ","$111,375 ",45%,Outlet
,Kohl's,1189833,1/30/21,Midwest,Montana,Billings,Women's Athletic Footwear,$40.00 ,425,"$170,000 ","$68,000 ",40%,Outlet
,Kohl's,1189833,1/31/21,Midwest,Montana,Billings,Men's Apparel,$45.00 ,300,"$135,000 ","$81,000 ",60%,Outlet
,Kohl's,1189833,2/1/21,Midwest,Montana,Billings,Women's Apparel,$60.00 ,600,"$360,000 ","$90,000 ",25%,Outlet
,Kohl's,1189833,2/2/21,Midwest,Montana,Billings,Men's Street Footwear,$40.00 ,750,"$300,000 ","$135,000 ",45%,Outlet
,Kohl's,1189833,2/3/21,Midwest,Montana,Billings,Men's Athletic Footwear,$45.00 ,600,"$270,000 ","$81,000 ",30%,Outlet
,Kohl's,1189833,2/4/21,Midwest,Montana,Billings,Women's Street Footwear,$45.00 ,550,"$247,500 ","$111,375 ",45%,Outlet
,Kohl's,1189833,2/5/21,Midwest,Montana,Billings,Women's Athletic Footwear,$40.00 ,450,"$180,000 ","$72,000 ",40%,Outlet
,Kohl's,1189833,2/6/21,Midwest,Montana,Billings,Men's Apparel,$45.00 ,475,"$213,750 ","$128,250 ",60%,Outlet
,Kohl's,1189833,2/7/21,Midwest,Montana,Billings,Women's Apparel,$60.00 ,475,"$285,000 ","$71,250 ",25%,Outlet
,Kohl's,1189833,2/8/21,Midwest,Montana,Billings,Men's Street Footwear,$45.00 ,675,"$303,750 ","$136,688 ",45%,Outlet
,Kohl's,1189833,2/9/21,Midwest,Montana,Billings,Men's Athletic Footwear,$55.00 ,625,"$343,750 ","$103,125 ",30%,Outlet
,Kohl's,1189833,2/10/21,Midwest,Montana,Billings,Women's Street Footwear,$50.00 ,500,"$250,000 ","$112,500 ",45%,Outlet
,Kohl's,1189833,2/11/21,Midwest,Montana,Billings,Women's Athletic Footwear,$45.00 ,425,"$191,250 ","$76,500 ",40%,Outlet
,Kohl's,1189833,2/12/21,Midwest,Montana,Billings,Men's Apparel,$55.00 ,425,"$233,750 ","$140,250 ",60%,Outlet
,Kohl's,1189833,2/13/21,Midwest,Montana,Billings,Women's Apparel,$60.00 ,400,"$240,000 ","$60,000 ",25%,Outlet
,Kohl's,1189833,2/14/21,Midwest,Montana,Billings,Men's Street Footwear,$45.00 ,600,"$270,000 ","$121,500 ",45%,Outlet
,Kohl's,1189833,2/15/21,Midwest,Montana,Billings,Men's Athletic Footwear,$50.00 ,600,"$300,000 ","$90,000 ",30%,Outlet
,Kohl's,1189833,2/16/21,Midwest,Montana,Billings,Women's Street Footwear,$45.00 ,450,"$202,500 ","$91,125 ",45%,Outlet
,Kohl's,1189833,2/17/21,Midwest,Montana,Billings,Women's Athletic Footwear,$45.00 ,400,"$180,000 ","$72,000 ",40%,Outlet
,Kohl's,1189833,2/18/21,Midwest,Montana,Billings,Men's Apparel,$55.00 ,400,"$220,000 ","$132,000 ",60%,Outlet
,Kohl's,1189833,2/19/21,Midwest,Montana,Billings,Women's Apparel,$60.00 ,450,"$270,000 ","$67,500 ",25%,Outlet
,Kohl's,1189833,2/20/21,Midwest,Montana,Billings,Men's Street Footwear,$45.00 ,550,"$247,500 ","$111,375 ",45%,Outlet
,Kohl's,1189833,2/21/21,Midwest,Montana,Billings,Men's Athletic Footwear,$50.00 ,550,"$275,000 ","$82,500 ",30%,Outlet
,Kohl's,1189833,2/22/21,Midwest,Montana,Billings,Women's Street Footwear,$45.00 ,400,"$180,000 ","$81,000 ",45%,Outlet
,Kohl's,1189833,2/23/21,Midwest,Montana,Billings,Women's Athletic Footwear,$45.00 ,375,"$168,750 ","$67,500 ",40%,Outlet
,Kohl's,1189833,2/24/21,Midwest,Montana,Billings,Men's Apparel,$55.00 ,350,"$192,500 ","$115,500 ",60%,Outlet
,Kohl's,1189833,2/25/21,Midwest,Montana,Billings,Women's Apparel,$60.00 ,400,"$240,000 ","$60,000 ",25%,Outlet
,Kohl's,1189833,2/26/21,Midwest,Montana,Billings,Men's Street Footwear,$40.00 ,575,"$230,000 ","$103,500 ",45%,Outlet
,Kohl's,1189833,2/27/21,Midwest,Montana,Billings,Men's Athletic Footwear,$45.00 ,575,"$258,750 ","$77,625 ",30%,Outlet
,Kohl's,1189833,2/28/21,Midwest,Montana,Billings,Women's Street Footwear,$40.00 ,425,"$170,000 ","$76,500 ",45%,Outlet
,Kohl's,1189833,3/1/21,Midwest,Montana,Billings,Women's Athletic Footwear,$40.00 ,425,"$170,000 ","$68,000 ",40%,Outlet
,Kohl's,1189833,3/2/21,Midwest,Montana,Billings,Men's Apparel,$55.00 ,375,"$206,250 ","$123,750 ",60%,Outlet
,Kohl's,1189833,3/3/21,Midwest,Montana,Billings,Women's Apparel,$60.00 ,475,"$285,000 ","$71,250 ",25%,Outlet
,Kohl's,1189833,3/4/21,Midwest,Montana,Billings,Men's Street Footwear,$45.00 ,675,"$303,750 ","$136,688 ",45%,Outlet
,Kohl's,1189833,3/5/21,Midwest,Montana,Billings,Men's Athletic Footwear,$50.00 ,675,"$337,500 ","$101,250 ",30%,Outlet
,Kohl's,1189833,3/6/21,Midwest,Montana,Billings,Women's Street Footwear,$45.00 ,475,"$213,750 ","$96,188 ",45%,Outlet
,Kohl's,1189833,3/7/21,Midwest,Montana,Billings,Women's Athletic Footwear,$45.00 ,475,"$213,750 ","$85,500 ",40%,Outlet
,Kohl's,1189833,3/8/21,Midwest,Montana,Billings,Men's Apparel,$55.00 ,400,"$220,000 ","$132,000 ",60%,Outlet
,Kohl's,1189833,3/9/21,Midwest,Montana,Billings,Women's Apparel,$60.00 ,500,"$300,000 ","$75,000 ",25%,Outlet
,Sports Direct,1197831,3/10/21,Midwest,Montana,Billings,Men's Street Footwear,$20.00 ,700,"$140,000 ","$49,000 ",35%,Outlet
,Sports Direct,1197831,3/11/21,Midwest,Montana,Billings,Men's Athletic Footwear,$30.00 ,700,"$210,000 ","$73,500 ",35%,Outlet
,Sports Direct,1197831,3/12/21,Midwest,Montana,Billings,Women's Street Footwear,$30.00 ,500,"$150,000 ","$52,500 ",35%,Outlet
,Sports Direct,1197831,3/13/21,Midwest,Montana,Billings,Women's Athletic Footwear,$35.00 ,500,"$175,000 ","$78,750 ",45%,Outlet
,Sports Direct,1197831,3/14/21,South,Tennessee,Knoxville,Men's Apparel,$40.00 ,350,"$140,000 ","$42,000 ",30%,Outlet
,Sports Direct,1197831,3/15/21,South,Tennessee,Knoxville,Women's Apparel,$35.00 ,500,"$175,000 ","$87,500 ",50%,Outlet
,Sports Direct,1197831,3/16/21,South,Tennessee,Knoxville,Men's Street Footwear,$25.00 ,650,"$162,500 ","$56,875 ",35%,Outlet
,Sports Direct,1197831,3/17/21,South,Tennessee,Knoxville,Men's Athletic Footwear,$35.00 ,625,"$218,750 ","$76,563 ",35%,Outlet
,Sports Direct,1197831,3/18/21,South,Tennessee,Knoxville,Women's Street Footwear,$35.00 ,450,"$157,500 ","$55,125 ",35%,Outlet
,Sports Direct,1197831,3/19/21,South,Tennessee,Knoxville,Women's Athletic Footwear,$35.00 ,400,"$140,000 ","$63,000 ",45%,Outlet
,Sports Direct,1197831,3/20/21,South,Tennessee,Knoxville,Men's Apparel,$40.00 ,275,"$110,000 ","$33,000 ",30%,Outlet
,Sports Direct,1197831,3/21/21,South,Tennessee,Knoxville,Women's Apparel,$35.00 ,475,"$166,250 ","$83,125 ",50%,Outlet
,Sports Direct,1197831,3/22/21,South,Tennessee,Knoxville,Men's Street Footwear,$30.00 ,650,"$195,000 ","$78,000 ",40%,Outlet
,Sports Direct,1197831,3/23/21,South,Tennessee,Knoxville,Men's Athletic Footwear,$40.00 ,650,"$260,000 ","$104,000 ",40%,Outlet
,Sports Direct,1197831,3/24/21,South,Tennessee,Knoxville,Women's Street Footwear,$30.00 ,475,"$142,500 ","$57,000 ",40%,Outlet
,Sports Direct,1197831,3/25/21,South,Tennessee,Knoxville,Women's Athletic Footwear,$35.00 ,375,"$131,250 ","$65,625 ",50%,Outlet
,Sports Direct,1197831,3/26/21,South,Tennessee,Knoxville,Men's Apparel,$40.00 ,275,"$110,000 ","$38,500 ",35%,Outlet
,Sports Direct,1197831,3/27/21,South,Tennessee,Knoxville,Women's Apparel,$35.00 ,425,"$148,750 ","$81,813 ",55%,Outlet
,Sports Direct,1197831,3/28/21,South,Tennessee,Knoxville,Men's Street Footwear,$20.00 ,675,"$135,000 ","$54,000 ",40%,Outlet
,Sports Direct,1197831,3/29/21,South,Tennessee,Knoxville,Men's Athletic Footwear,$25.00 ,675,"$168,750 ","$67,500 ",40%,Outlet
,Sports Direct,1197831,3/30/21,South,Tennessee,Knoxville,Women's Street Footwear,$20.00 ,500,"$100,000 ","$40,000 ",40%,Outlet
,Sports Direct,1197831,3/31/21,South,Tennessee,Knoxville,Women's Athletic Footwear,$25.00 ,400,"$100,000 ","$50,000 ",50%,Outlet
,Sports Direct,1197831,4/1/21,South,Tennessee,Knoxville,Men's Apparel,$30.00 ,300,"$90,000 ","$31,500 ",35%,Outlet
,Sports Direct,1197831,4/2/21,South,Tennessee,Knoxville,Women's Apparel,$25.00 ,575,"$143,750 ","$79,063 ",55%,Outlet
,Sports Direct,1197831,4/3/21,South,Tennessee,Knoxville,Men's Street Footwear,$15.00 ,725,"$108,750 ","$43,500 ",40%,Outlet
,Sports Direct,1197831,4/4/21,South,Tennessee,Knoxville,Men's Athletic Footwear,$25.00 ,750,"$187,500 ","$75,000 ",40%,Outlet
,Sports Direct,1197831,4/5/21,South,Tennessee,Knoxville,Women's Street Footwear,$20.00 ,600,"$120,000 ","$48,000 ",40%,Outlet
,Sports Direct,1197831,4/6/21,South,Tennessee,Knoxville,Women's Athletic Footwear,$30.00 ,525,"$157,500 ","$78,750 ",50%,Outlet
,Sports Direct,1197831,4/7/21,South,Tennessee,Knoxville,Men's Apparel,$45.00 ,425,"$191,250 ","$66,938 ",35%,Outlet
,Sports Direct,1197831,4/8/21,South,Tennessee,Knoxville,Women's Apparel,$40.00 ,775,"$310,000 ","$170,500 ",55%,Outlet
,Sports Direct,1197831,4/9/21,South,Tennessee,Knoxville,Men's Street Footwear,$40.00 ,775,"$310,000 ","$124,000 ",40%,Outlet
,Sports Direct,1197831,4/10/21,South,Tennessee,Knoxville,Men's Athletic Footwear,$45.00 ,775,"$348,750 ","$139,500 ",40%,Outlet
,Sports Direct,1197831,4/11/21,South,Tennessee,Knoxville,Women's Street Footwear,$40.00 ,650,"$260,000 ","$104,000 ",40%,Outlet
,Sports Direct,1197831,4/12/21,South,Tennessee,Knoxville,Women's Athletic Footwear,$40.00 ,600,"$240,000 ","$120,000 ",50%,Outlet
,Sports Direct,1197831,4/13/21,South,Tennessee,Knoxville,Men's Apparel,$45.00 ,500,"$225,000 ","$78,750 ",35%,Outlet
,Sports Direct,1197831,4/14/21,South,Tennessee,Knoxville,Women's Apparel,$50.00 ,875,"$437,500 ","$240,625 ",55%,Outlet
,Sports Direct,1197831,4/15/21,South,Tennessee,Knoxville,Men's Street Footwear,$40.00 ,825,"$330,000 ","$148,500 ",45%,Outlet
,Sports Direct,1197831,4/16/21,South,Tennessee,Knoxville,Men's Athletic Footwear,$45.00 ,825,"$371,250 ","$167,063 ",45%,Outlet
,Sports Direct,1197831,4/17/21,South,Tennessee,Knoxville,Women's Street Footwear,$40.00 ,975,"$390,000 ","$175,500 ",45%,Outlet
,Sports Direct,1197831,4/18/21,South,Tennessee,Knoxville,Women's Athletic Footwear,$40.00 ,575,"$230,000 ","$126,500 ",55%,Outlet
,Sports Direct,1197831,4/19/21,South,Tennessee,Knoxville,Men's Apparel,$45.00 ,550,"$247,500 ","$99,000 ",40%,Outlet
,Sports Direct,1197831,4/20/21,South,Tennessee,Knoxville,Women's Apparel,$55.00 ,825,"$453,750 ","$272,250 ",60%,Outlet
,Sports Direct,1197831,4/21/21,South,Tennessee,Knoxville,Men's Street Footwear,$45.00 ,775,"$348,750 ","$156,938 ",45%,Outlet
,Sports Direct,1197831,4/22/21,South,Tennessee,Knoxville,Men's Athletic Footwear,$55.00 ,775,"$426,250 ","$191,813 ",45%,Outlet
,Sports Direct,1197831,4/23/21,South,Tennessee,Knoxville,Women's Street Footwear,$50.00 ,950,"$475,000 ","$213,750 ",45%,Outlet
,Sports Direct,1197831,4/24/21,South,Tennessee,Knoxville,Women's Athletic Footwear,$45.00 ,475,"$213,750 ","$117,563 ",55%,Outlet
,Sports Direct,1197831,4/25/21,South,Tennessee,Knoxville,Men's Apparel,$50.00 ,475,"$237,500 ","$95,000 ",40%,Outlet
,Sports Direct,1197831,4/26/21,South,Tennessee,Knoxville,Women's Apparel,$55.00 ,725,"$398,750 ","$239,250 ",60%,Outlet
,Sports Direct,1197831,4/27/21,South,Tennessee,Knoxville,Men's Street Footwear,$50.00 ,675,"$337,500 ","$151,875 ",45%,Outlet
,Sports Direct,1197831,4/28/21,South,Tennessee,Knoxville,Men's Athletic Footwear,$50.00 ,625,"$312,500 ","$140,625 ",45%,Outlet
,Sports Direct,1197831,4/29/21,South,Tennessee,Knoxville,Women's Street Footwear,$55.00 ,675,"$371,250 ","$167,063 ",45%,Outlet
,Sports Direct,1197831,4/30/21,South,Tennessee,Knoxville,Women's Athletic Footwear,$55.00 ,400,"$220,000 ","$121,000 ",55%,Outlet
,Sports Direct,1197831,5/1/21,South,Tennessee,Knoxville,Men's Apparel,$50.00 ,400,"$200,000 ","$80,000 ",40%,Outlet
,Sports Direct,1197831,5/2/21,South,Tennessee,Knoxville,Women's Apparel,$45.00 ,625,"$281,250 ","$168,750 ",60%,Outlet
,Sports Direct,1197831,5/3/21,South,Tennessee,Knoxville,Men's Street Footwear,$35.00 ,575,"$201,250 ","$90,563 ",45%,Outlet
,Sports Direct,1197831,5/4/21,South,Tennessee,Knoxville,Men's Athletic Footwear,$35.00 ,575,"$201,250 ","$90,563 ",45%,Outlet
,Sports Direct,1197831,5/5/21,South,Tennessee,Knoxville,Women's Street Footwear,$40.00 ,525,"$210,000 ","$94,500 ",45%,Outlet
,Sports Direct,1197831,5/6/21,South,Tennessee,Knoxville,Women's Athletic Footwear,$40.00 ,375,"$150,000 ","$82,500 ",55%,Outlet
,Sports Direct,1197831,5/7/21,South,Tennessee,Knoxville,Men's Apparel,$35.00 ,350,"$122,500 ","$49,000 ",40%,Outlet
,Sports Direct,1197831,5/8/21,South,Tennessee,Knoxville,Women's Apparel,$45.00 ,525,"$236,250 ","$141,750 ",60%,Outlet
,Sports Direct,1197831,5/9/21,South,Tennessee,Knoxville,Men's Street Footwear,$30.00 ,675,"$202,500 ","$91,125 ",45%,Outlet
,Sports Direct,1197831,5/10/21,South,Tennessee,Knoxville,Men's Athletic Footwear,$30.00 ,675,"$202,500 ","$91,125 ",45%,Outlet
,Sports Direct,1197831,5/11/21,South,Tennessee,Knoxville,Women's Street Footwear,$55.00 ,600,"$330,000 ","$148,500 ",45%,Outlet
,Sports Direct,1197831,5/12/21,South,Tennessee,Knoxville,Women's Athletic Footwear,$55.00 ,475,"$261,250 ","$143,688 ",55%,Outlet
,Sports Direct,1197831,5/13/21,South,Tennessee,Knoxville,Men's Apparel,$55.00 ,450,"$247,500 ","$99,000 ",40%,Outlet
,Sports Direct,1197831,5/14/21,South,Tennessee,Knoxville,Women's Apparel,$65.00 ,650,"$422,500 ","$253,500 ",60%,Outlet
,Sports Direct,1197831,5/15/21,South,Tennessee,Knoxville,Men's Street Footwear,$55.00 ,800,"$440,000 ","$198,000 ",45%,Outlet
,Sports Direct,1197831,5/16/21,South,Tennessee,Knoxville,Men's Athletic Footwear,$55.00 ,800,"$440,000 ","$198,000 ",45%,Outlet
,Sports Direct,1197831,5/17/21,South,Tennessee,Knoxville,Women's Street Footwear,$60.00 ,700,"$420,000 ","$189,000 ",45%,Outlet
,Sports Direct,1197831,5/18/21,South,Tennessee,Knoxville,Women's Athletic Footwear,$60.00 ,550,"$330,000 ","$181,500 ",55%,Outlet
,Sports Direct,1197831,5/19/21,South,Tennessee,Knoxville,Men's Apparel,$55.00 ,500,"$275,000 ","$110,000 ",40%,Outlet
,Sports Direct,1197831,5/20/21,South,Tennessee,Knoxville,Women's Apparel,$65.00 ,750,"$487,500 ","$292,500 ",60%,Outlet
,Foot Locker,1185732,5/21/21,South,Tennessee,Knoxville,Men's Street Footwear,$35.00 ,425,"$148,750 ","$59,500 ",40%,Outlet
,Foot Locker,1185732,5/22/21,South,Tennessee,Knoxville,Men's Athletic Footwear,$35.00 ,225,"$78,750 ","$27,563 ",35%,Outlet
,Foot Locker,1185732,5/23/21,South,Tennessee,Knoxville,Women's Street Footwear,$25.00 ,225,"$56,250 ","$19,688 ",35%,Outlet
,Foot Locker,1185732,5/24/21,South,Tennessee,Knoxville,Women's Athletic Footwear,$30.00 ,75,"$22,500 ","$9,000 ",40%,Outlet
,Foot Locker,1185732,5/25/21,Midwest,Nebraska,Omaha,Men's Apparel,$45.00 ,125,"$56,250 ","$19,688 ",35%,Outlet
,Foot Locker,1185732,5/26/21,Midwest,Nebraska,Omaha,Women's Apparel,$35.00 ,225,"$78,750 ","$39,375 ",50%,Outlet
,Foot Locker,1185732,5/27/21,Midwest,Nebraska,Omaha,Men's Street Footwear,$35.00 ,475,"$166,250 ","$66,500 ",40%,Outlet
,Foot Locker,1185732,5/28/21,Midwest,Nebraska,Omaha,Men's Athletic Footwear,$35.00 ,125,"$43,750 ","$15,313 ",35%,Outlet
,Foot Locker,1185732,5/29/21,Midwest,Nebraska,Omaha,Women's Street Footwear,$25.00 ,175,"$43,750 ","$15,313 ",35%,Outlet
,Foot Locker,1185732,5/30/21,Midwest,Nebraska,Omaha,Women's Athletic Footwear,$30.00 ,50,"$15,000 ","$6,000 ",40%,Outlet
,Foot Locker,1185732,5/31/21,Midwest,Nebraska,Omaha,Men's Apparel,$45.00 ,125,"$56,250 ","$19,688 ",35%,Outlet
,Foot Locker,1185732,6/1/21,Midwest,Nebraska,Omaha,Women's Apparel,$35.00 ,200,"$70,000 ","$35,000 ",50%,Outlet
,Foot Locker,1185732,6/2/21,Midwest,Nebraska,Omaha,Men's Street Footwear,$40.00 ,420,"$168,000 ","$67,200 ",40%,Outlet
,Foot Locker,1185732,6/3/21,Midwest,Nebraska,Omaha,Men's Athletic Footwear,$40.00 ,100,"$40,000 ","$14,000 ",35%,Outlet
,Foot Locker,1185732,6/4/21,Midwest,Nebraska,Omaha,Women's Street Footwear,$30.00 ,150,"$45,000 ","$15,750 ",35%,Outlet
,Foot Locker,1185732,6/5/21,Midwest,Nebraska,Omaha,Women's Athletic Footwear,$35.00 ,0,$0 ,$0 ,40%,Outlet
,Foot Locker,1185732,6/6/21,Midwest,Nebraska,Omaha,Men's Apparel,$50.00 ,50,"$25,000 ","$8,750 ",35%,Outlet
,Foot Locker,1185732,6/7/21,Midwest,Nebraska,Omaha,Women's Apparel,$40.00 ,150,"$60,000 ","$30,000 ",50%,Outlet
,Foot Locker,1185732,6/8/21,Midwest,Nebraska,Omaha,Men's Street Footwear,$40.00 ,375,"$150,000 ","$60,000 ",40%,Outlet
,Foot Locker,1185732,6/9/21,Midwest,Nebraska,Omaha,Men's Athletic Footwear,$35.00 ,75,"$26,250 ","$9,188 ",35%,Outlet
,Foot Locker,1185732,6/10/21,Midwest,Nebraska,Omaha,Women's Street Footwear,$25.00 ,75,"$18,750 ","$6,563 ",35%,Outlet
,Foot Locker,1185732,6/11/21,Midwest,Nebraska,Omaha,Women's Athletic Footwear,$30.00 ,0,$0 ,$0 ,40%,Outlet
,Foot Locker,1185732,6/12/21,Midwest,Nebraska,Omaha,Men's Apparel,$45.00 ,25,"$11,250 ","$3,938 ",35%,Outlet
,Foot Locker,1185732,6/13/21,Midwest,Nebraska,Omaha,Women's Apparel,$35.00 ,150,"$52,500 ","$26,250 ",50%,Outlet
,Foot Locker,1185732,6/14/21,Midwest,Nebraska,Omaha,Men's Street Footwear,$45.00 ,420,"$189,000 ","$75,600 ",40%,Outlet
,Foot Locker,1185732,6/15/21,Midwest,Nebraska,Omaha,Men's Athletic Footwear,$40.00 ,125,"$50,000 ","$17,500 ",35%,Outlet
,Foot Locker,1185732,6/16/21,Midwest,Nebraska,Omaha,Women's Street Footwear,$35.00 ,100,"$35,000 ","$12,250 ",35%,Outlet
,Foot Locker,1185732,6/17/21,Midwest,Nebraska,Omaha,Women's Athletic Footwear,$35.00 ,25,"$8,750 ","$3,500 ",40%,Outlet
,Foot Locker,1185732,6/18/21,Midwest,Nebraska,Omaha,Men's Apparel,$50.00 ,50,"$25,000 ","$8,750 ",35%,Outlet
,Foot Locker,1185732,6/19/21,Midwest,Nebraska,Omaha,Women's Apparel,$55.00 ,150,"$82,500 ","$41,250 ",50%,Outlet
,Foot Locker,1185732,6/20/21,Midwest,Nebraska,Omaha,Men's Street Footwear,$40.00 ,400,"$160,000 ","$64,000 ",40%,Outlet
,Foot Locker,1185732,6/21/21,Midwest,Nebraska,Omaha,Men's Athletic Footwear,$35.00 ,150,"$52,500 ","$18,375 ",35%,Outlet
,Foot Locker,1185732,6/22/21,Midwest,Nebraska,Omaha,Women's Street Footwear,$30.00 ,175,"$52,500 ","$18,375 ",35%,Outlet
,Foot Locker,1185732,6/23/21,Midwest,Nebraska,Omaha,Women's Athletic Footwear,$30.00 ,150,"$45,000 ","$18,000 ",40%,Outlet
,Foot Locker,1185732,6/24/21,Midwest,Nebraska,Omaha,Men's Apparel,$45.00 ,150,"$67,500 ","$23,625 ",35%,Outlet
,Foot Locker,1185732,6/25/21,Midwest,Nebraska,Omaha,Women's Apparel,$50.00 ,325,"$162,500 ","$81,250 ",50%,Outlet
,Foot Locker,1185732,6/26/21,Midwest,Nebraska,Omaha,Men's Street Footwear,$45.00 ,550,"$247,500 ","$99,000 ",40%,Outlet
,Foot Locker,1185732,6/27/21,Midwest,Nebraska,Omaha,Men's Athletic Footwear,$40.00 ,300,"$120,000 ","$42,000 ",35%,Outlet
,Foot Locker,1185732,6/28/21,Midwest,Nebraska,Omaha,Women's Street Footwear,$35.00 ,225,"$78,750 ","$27,563 ",35%,Outlet
,Foot Locker,1185732,6/29/21,Midwest,Nebraska,Omaha,Women's Athletic Footwear,$35.00 ,175,"$61,250 ","$24,500 ",40%,Outlet
,Foot Locker,1185732,6/30/21,Midwest,Nebraska,Omaha,Men's Apparel,$45.00 ,175,"$78,750 ","$27,563 ",35%,Outlet
,Foot Locker,1185732,7/1/21,Midwest,Nebraska,Omaha,Women's Apparel,$50.00 ,350,"$175,000 ","$87,500 ",50%,Outlet
,Foot Locker,1185732,7/2/21,Midwest,Nebraska,Omaha,Men's Street Footwear,$45.00 ,500,"$225,000 ","$90,000 ",40%,Outlet
,Foot Locker,1185732,7/3/21,Midwest,Nebraska,Omaha,Men's Athletic Footwear,$45.00 ,275,"$123,750 ","$43,313 ",35%,Outlet
,Foot Locker,1185732,7/4/21,Midwest,Nebraska,Omaha,Women's Street Footwear,$40.00 ,200,"$80,000 ","$28,000 ",35%,Outlet
,Foot Locker,1185732,7/5/21,Midwest,Nebraska,Omaha,Women's Athletic Footwear,$30.00 ,125,"$37,500 ","$15,000 ",40%,Outlet
,Foot Locker,1185732,7/6/21,Midwest,Nebraska,Omaha,Men's Apparel,$40.00 ,100,"$40,000 ","$14,000 ",35%,Outlet
,Foot Locker,1185732,7/7/21,Midwest,Nebraska,Omaha,Women's Apparel,$45.00 ,275,"$123,750 ","$61,875 ",50%,Outlet
,Foot Locker,1185732,7/8/21,Midwest,Nebraska,Omaha,Men's Street Footwear,$40.00 ,400,"$160,000 ","$64,000 ",40%,Outlet
,Foot Locker,1185732,7/9/21,Midwest,Nebraska,Omaha,Men's Athletic Footwear,$35.00 ,200,"$70,000 ","$24,500 ",35%,Outlet
,Foot Locker,1185732,7/10/21,Midwest,Nebraska,Omaha,Women's Street Footwear,$20.00 ,100,"$20,000 ","$7,000 ",35%,Outlet
,Foot Locker,1185732,7/11/21,Midwest,Nebraska,Omaha,Women's Athletic Footwear,$20.00 ,75,"$15,000 ","$6,000 ",40%,Outlet
,Foot Locker,1185732,7/12/21,Midwest,Nebraska,Omaha,Men's Apparel,$30.00 ,75,"$22,500 ","$7,875 ",35%,Outlet
,Foot Locker,1185732,7/13/21,Midwest,Nebraska,Omaha,Women's Apparel,$35.00 ,150,"$52,500 ","$26,250 ",50%,Outlet
,Foot Locker,1185732,7/14/21,Midwest,Nebraska,Omaha,Men's Street Footwear,$40.00 ,325,"$130,000 ","$52,000 ",40%,Outlet
,Foot Locker,1185732,7/15/21,Midwest,Nebraska,Omaha,Men's Athletic Footwear,$30.00 ,150,"$45,000 ","$15,750 ",35%,Outlet
,Foot Locker,1185732,7/16/21,Midwest,Nebraska,Omaha,Women's Street Footwear,$30.00 ,50,"$15,000 ","$5,250 ",35%,Outlet
,Foot Locker,1185732,7/17/21,Midwest,Nebraska,Omaha,Women's Athletic Footwear,$30.00 ,25,"$7,500 ","$3,000 ",40%,Outlet
,Foot Locker,1185732,7/18/21,Midwest,Nebraska,Omaha,Men's Apparel,$40.00 ,25,"$10,000 ","$3,500 ",35%,Outlet
,Foot Locker,1185732,7/19/21,Midwest,Nebraska,Omaha,Women's Apparel,$45.00 ,150,"$67,500 ","$33,750 ",50%,Outlet
,Foot Locker,1185732,7/20/21,Midwest,Nebraska,Omaha,Men's Street Footwear,$40.00 ,300,"$120,000 ","$48,000 ",40%,Outlet
,Foot Locker,1185732,7/21/21,Midwest,Nebraska,Omaha,Men's Athletic Footwear,$30.00 ,150,"$45,000 ","$15,750 ",35%,Outlet
,Foot Locker,1185732,7/22/21,Midwest,Nebraska,Omaha,Women's Street Footwear,$30.00 ,95,"$28,500 ","$9,975 ",35%,Outlet
,Foot Locker,1185732,7/23/21,Midwest,Nebraska,Omaha,Women's Athletic Footwear,$30.00 ,125,"$37,500 ","$15,000 ",40%,Outlet
,Foot Locker,1185732,7/24/21,Midwest,Nebraska,Omaha,Men's Apparel,$50.00 ,100,"$50,000 ","$17,500 ",35%,Outlet
,Foot Locker,1185732,7/25/21,Midwest,Nebraska,Omaha,Women's Apparel,$55.00 ,200,"$110,000 ","$55,000 ",50%,Outlet
,Foot Locker,1185732,7/26/21,Midwest,Nebraska,Omaha,Men's Street Footwear,$50.00 ,450,"$225,000 ","$90,000 ",40%,Outlet
,Foot Locker,1185732,7/27/21,Midwest,Nebraska,Omaha,Men's Athletic Footwear,$40.00 ,250,"$100,000 ","$35,000 ",35%,Outlet
,Foot Locker,1185732,7/28/21,Midwest,Nebraska,Omaha,Women's Street Footwear,$40.00 ,200,"$80,000 ","$28,000 ",35%,Outlet
,Foot Locker,1185732,7/29/21,Midwest,Nebraska,Omaha,Women's Athletic Footwear,$40.00 ,150,"$60,000 ","$24,000 ",40%,Outlet
,Foot Locker,1185732,7/30/21,Midwest,Nebraska,Omaha,Men's Apparel,$50.00 ,150,"$75,000 ","$26,250 ",35%,Outlet
,Foot Locker,1185732,7/31/21,Midwest,Nebraska,Omaha,Women's Apparel,$55.00 ,250,"$137,500 ","$68,750 ",50%,Outlet
,Sports Direct,1197831,8/1/21,Midwest,Nebraska,Omaha,Men's Street Footwear,$20.00 ,675,"$135,000 ","$54,000 ",40%,Outlet
,Sports Direct,1197831,8/2/21,Midwest,Nebraska,Omaha,Men's Athletic Footwear,$30.00 ,675,"$202,500 ","$81,000 ",40%,Outlet
,Sports Direct,1197831,8/3/21,Midwest,Nebraska,Omaha,Women's Street Footwear,$30.00 ,475,"$142,500 ","$57,000 ",40%,Outlet
,Sports Direct,1197831,8/4/21,Midwest,Nebraska,Omaha,Women's Athletic Footwear,$35.00 ,475,"$166,250 ","$83,125 ",50%,Outlet
,Sports Direct,1197831,8/5/21,South,Alabama,Birmingham,Men's Apparel,$40.00 ,325,"$130,000 ","$45,500 ",35%,Outlet
,Sports Direct,1197831,8/6/21,South,Alabama,Birmingham,Women's Apparel,$35.00 ,475,"$166,250 ","$91,438 ",55%,Outlet
,Sports Direct,1197831,8/7/21,South,Alabama,Birmingham,Men's Street Footwear,$25.00 ,625,"$156,250 ","$62,500 ",40%,Outlet
,Sports Direct,1197831,8/8/21,South,Alabama,Birmingham,Men's Athletic Footwear,$35.00 ,600,"$210,000 ","$84,000 ",40%,Outlet
,Sports Direct,1197831,8/9/21,South,Alabama,Birmingham,Women's Street Footwear,$35.00 ,425,"$148,750 ","$59,500 ",40%,Outlet
,Sports Direct,1197831,8/10/21,South,Alabama,Birmingham,Women's Athletic Footwear,$35.00 ,375,"$131,250 ","$65,625 ",50%,Outlet
,Sports Direct,1197831,8/11/21,South,Alabama,Birmingham,Men's Apparel,$40.00 ,250,"$100,000 ","$35,000 ",35%,Outlet
,Sports Direct,1197831,8/12/21,South,Alabama,Birmingham,Women's Apparel,$35.00 ,450,"$157,500 ","$86,625 ",55%,Outlet
,Sports Direct,1197831,8/13/21,South,Alabama,Birmingham,Men's Street Footwear,$30.00 ,625,"$187,500 ","$84,375 ",45%,Outlet
,Sports Direct,1197831,8/14/21,South,Alabama,Birmingham,Men's Athletic Footwear,$40.00 ,625,"$250,000 ","$112,500 ",45%,Outlet
,Sports Direct,1197831,8/15/21,South,Alabama,Birmingham,Women's Street Footwear,$30.00 ,450,"$135,000 ","$60,750 ",45%,Outlet
,Sports Direct,1197831,8/16/21,South,Alabama,Birmingham,Women's Athletic Footwear,$35.00 ,350,"$122,500 ","$67,375 ",55%,Outlet
,Sports Direct,1197831,8/17/21,South,Alabama,Birmingham,Men's Apparel,$40.00 ,250,"$100,000 ","$40,000 ",40%,Outlet
,Sports Direct,1197831,8/18/21,South,Alabama,Birmingham,Women's Apparel,$35.00 ,400,"$140,000 ","$84,000 ",60%,Outlet
,Sports Direct,1197831,8/19/21,South,Alabama,Birmingham,Men's Street Footwear,$20.00 ,650,"$130,000 ","$58,500 ",45%,Outlet
,Sports Direct,1197831,8/20/21,South,Alabama,Birmingham,Men's Athletic Footwear,$20.00 ,650,"$130,000 ","$58,500 ",45%,Outlet
,Sports Direct,1197831,8/21/21,South,Alabama,Birmingham,Women's Street Footwear,$15.00 ,475,"$71,250 ","$32,063 ",45%,Outlet
,Sports Direct,1197831,8/22/21,South,Alabama,Birmingham,Women's Athletic Footwear,$20.00 ,375,"$75,000 ","$41,250 ",55%,Outlet
,Sports Direct,1197831,8/23/21,South,Alabama,Birmingham,Men's Apparel,$25.00 ,275,"$68,750 ","$27,500 ",40%,Outlet
,Sports Direct,1197831,8/24/21,South,Alabama,Birmingham,Women's Apparel,$20.00 ,550,"$110,000 ","$66,000 ",60%,Outlet
,Sports Direct,1197831,8/25/21,South,Alabama,Birmingham,Men's Street Footwear,$10.00 ,700,"$70,000 ","$31,500 ",45%,Outlet
,Sports Direct,1197831,8/26/21,South,Alabama,Birmingham,Men's Athletic Footwear,$20.00 ,725,"$145,000 ","$65,250 ",45%,Outlet
,Sports Direct,1197831,8/27/21,South,Alabama,Birmingham,Women's Street Footwear,$15.00 ,575,"$86,250 ","$38,813 ",45%,Outlet
,Sports Direct,1197831,8/28/21,South,Alabama,Birmingham,Women's Athletic Footwear,$35.00 ,500,"$175,000 ","$96,250 ",55%,Outlet
,Sports Direct,1197831,8/29/21,South,Alabama,Birmingham,Men's Apparel,$50.00 ,400,"$200,000 ","$80,000 ",40%,Outlet
,Sports Direct,1197831,8/30/21,South,Alabama,Birmingham,Women's Apparel,$45.00 ,750,"$337,500 ","$202,500 ",60%,Outlet
,Sports Direct,1197831,8/31/21,South,Alabama,Birmingham,Men's Street Footwear,$45.00 ,750,"$337,500 ","$151,875 ",45%,Outlet
,Sports Direct,1197831,9/1/21,South,Alabama,Birmingham,Men's Athletic Footwear,$50.00 ,750,"$375,000 ","$168,750 ",45%,Outlet
,Sports Direct,1197831,9/2/21,South,Alabama,Birmingham,Women's Street Footwear,$45.00 ,650,"$292,500 ","$131,625 ",45%,Outlet
,Sports Direct,1197831,9/3/21,South,Alabama,Birmingham,Women's Athletic Footwear,$45.00 ,600,"$270,000 ","$148,500 ",55%,Outlet
,Sports Direct,1197831,9/4/21,South,Alabama,Birmingham,Men's Apparel,$50.00 ,500,"$250,000 ","$100,000 ",40%,Outlet
,Sports Direct,1197831,9/5/21,South,Alabama,Birmingham,Women's Apparel,$55.00 ,875,"$481,250 ","$288,750 ",60%,Outlet
,Sports Direct,1197831,9/6/21,South,Alabama,Birmingham,Men's Street Footwear,$45.00 ,825,"$371,250 ","$185,625 ",50%,Outlet
,Sports Direct,1197831,9/7/21,South,Alabama,Birmingham,Men's Athletic Footwear,$50.00 ,825,"$412,500 ","$206,250 ",50%,Outlet
,Sports Direct,1197831,9/8/21,South,Alabama,Birmingham,Women's Street Footwear,$45.00 ,975,"$438,750 ","$219,375 ",50%,Outlet
,Sports Direct,1197831,9/9/21,South,Alabama,Birmingham,Women's Athletic Footwear,$45.00 ,575,"$258,750 ","$155,250 ",60%,Outlet
,Sports Direct,1197831,9/10/21,South,Alabama,Birmingham,Men's Apparel,$50.00 ,525,"$262,500 ","$118,125 ",45%,Outlet
,Sports Direct,1197831,9/11/21,South,Alabama,Birmingham,Women's Apparel,$60.00 ,800,"$480,000 ","$312,000 ",65%,Outlet
,Sports Direct,1197831,9/12/21,South,Alabama,Birmingham,Men's Street Footwear,$40.00 ,750,"$300,000 ","$150,000 ",50%,Outlet
,Sports Direct,1197831,9/13/21,South,Alabama,Birmingham,Men's Athletic Footwear,$55.00 ,750,"$412,500 ","$206,250 ",50%,Outlet
,Sports Direct,1197831,9/14/21,South,Alabama,Birmingham,Women's Street Footwear,$55.00 ,925,"$508,750 ","$254,375 ",50%,Outlet
,Sports Direct,1197831,9/15/21,South,Alabama,Birmingham,Women's Athletic Footwear,$50.00 ,425,"$212,500 ","$127,500 ",60%,Outlet
,Sports Direct,1197831,9/16/21,South,Alabama,Birmingham,Men's Apparel,$55.00 ,425,"$233,750 ","$105,188 ",45%,Outlet
,Sports Direct,1197831,9/17/21,South,Alabama,Birmingham,Women's Apparel,$60.00 ,675,"$405,000 ","$263,250 ",65%,Outlet
,Sports Direct,1197831,9/18/21,South,Alabama,Birmingham,Men's Street Footwear,$55.00 ,625,"$343,750 ","$171,875 ",50%,Outlet
,Sports Direct,1197831,9/19/21,South,Alabama,Birmingham,Men's Athletic Footwear,$55.00 ,575,"$316,250 ","$158,125 ",50%,Outlet
,Sports Direct,1197831,9/20/21,South,Alabama,Birmingham,Women's Street Footwear,$60.00 ,625,"$375,000 ","$187,500 ",50%,Outlet
,Sports Direct,1197831,9/21/21,South,Alabama,Birmingham,Women's Athletic Footwear,$60.00 ,350,"$210,000 ","$126,000 ",60%,Outlet
,Sports Direct,1197831,9/22/21,South,Alabama,Birmingham,Men's Apparel,$45.00 ,350,"$157,500 ","$70,875 ",45%,Outlet
,Sports Direct,1197831,9/23/21,South,Alabama,Birmingham,Women's Apparel,$40.00 ,575,"$230,000 ","$149,500 ",65%,Outlet
,Sports Direct,1197831,9/24/21,South,Alabama,Birmingham,Men's Street Footwear,$30.00 ,525,"$157,500 ","$78,750 ",50%,Outlet
,Sports Direct,1197831,9/25/21,South,Alabama,Birmingham,Men's Athletic Footwear,$30.00 ,525,"$157,500 ","$78,750 ",50%,Outlet
,Sports Direct,1197831,9/26/21,South,Alabama,Birmingham,Women's Street Footwear,$35.00 ,475,"$166,250 ","$83,125 ",50%,Outlet
,Sports Direct,1197831,9/27/21,South,Alabama,Birmingham,Women's Athletic Footwear,$35.00 ,325,"$113,750 ","$68,250 ",60%,Outlet
,Sports Direct,1197831,9/28/21,South,Alabama,Birmingham,Men's Apparel,$30.00 ,300,"$90,000 ","$40,500 ",45%,Outlet
,Sports Direct,1197831,9/29/21,South,Alabama,Birmingham,Women's Apparel,$40.00 ,475,"$190,000 ","$123,500 ",65%,Outlet
,Sports Direct,1197831,9/30/21,South,Alabama,Birmingham,Men's Street Footwear,$20.00 ,625,"$125,000 ","$62,500 ",50%,Outlet
,Sports Direct,1197831,10/1/21,South,Alabama,Birmingham,Men's Athletic Footwear,$20.00 ,625,"$125,000 ","$62,500 ",50%,Outlet
,Sports Direct,1197831,10/2/21,South,Alabama,Birmingham,Women's Street Footwear,$45.00 ,575,"$258,750 ","$129,375 ",50%,Outlet
,Sports Direct,1197831,10/3/21,South,Alabama,Birmingham,Women's Athletic Footwear,$45.00 ,450,"$202,500 ","$121,500 ",60%,Outlet
,Sports Direct,1197831,10/4/21,South,Alabama,Birmingham,Men's Apparel,$50.00 ,425,"$212,500 ","$95,625 ",45%,Outlet
,Sports Direct,1197831,10/5/21,South,Alabama,Birmingham,Women's Apparel,$60.00 ,625,"$375,000 ","$243,750 ",65%,Outlet
,Sports Direct,1197831,10/6/21,South,Alabama,Birmingham,Men's Street Footwear,$60.00 ,775,"$465,000 ","$232,500 ",50%,Outlet
,Sports Direct,1197831,10/7/21,South,Alabama,Birmingham,Men's Athletic Footwear,$60.00 ,775,"$465,000 ","$232,500 ",50%,Outlet
,Sports Direct,1197831,10/8/21,South,Alabama,Birmingham,Women's Street Footwear,$65.00 ,700,"$455,000 ","$227,500 ",50%,Outlet
,Sports Direct,1197831,10/9/21,South,Alabama,Birmingham,Women's Athletic Footwear,$65.00 ,550,"$357,500 ","$214,500 ",60%,Outlet
,Sports Direct,1197831,10/10/21,South,Alabama,Birmingham,Men's Apparel,$60.00 ,500,"$300,000 ","$135,000 ",45%,Outlet
,Sports Direct,1197831,10/11/21,South,Alabama,Birmingham,Women's Apparel,$70.00 ,750,"$525,000 ","$341,250 ",65%,Outlet
,Amazon,1185732,10/12/21,South,Alabama,Birmingham,Men's Street Footwear,$40.00 ,450,"$180,000 ","$63,000 ",35%,Outlet
,Amazon,1185732,10/13/21,South,Alabama,Birmingham,Men's Athletic Footwear,$40.00 ,250,"$100,000 ","$35,000 ",35%,Outlet
,Amazon,1185732,10/14/21,South,Alabama,Birmingham,Women's Street Footwear,$30.00 ,250,"$75,000 ","$30,000 ",40%,Outlet
,Amazon,1185732,10/15/21,South,Alabama,Birmingham,Women's Athletic Footwear,$35.00 ,100,"$35,000 ","$10,500 ",30%,Outlet
,Amazon,1185732,10/16/21,Northeast,Maine,Portland,Men's Apparel,$50.00 ,150,"$75,000 ","$18,750 ",25%,Outlet
,Amazon,1185732,10/17/21,Northeast,Maine,Portland,Women's Apparel,$40.00 ,250,"$100,000 ","$40,000 ",40%,Outlet
,Amazon,1185732,10/18/21,Northeast,Maine,Portland,Men's Street Footwear,$40.00 ,500,"$200,000 ","$70,000 ",35%,Outlet
,Amazon,1185732,10/19/21,Northeast,Maine,Portland,Men's Athletic Footwear,$40.00 ,150,"$60,000 ","$21,000 ",35%,Outlet
,Amazon,1185732,10/20/21,Northeast,Maine,Portland,Women's Street Footwear,$30.00 ,200,"$60,000 ","$24,000 ",40%,Outlet
,Amazon,1185732,10/21/21,Northeast,Maine,Portland,Women's Athletic Footwear,$35.00 ,75,"$26,250 ","$7,875 ",30%,Outlet
,Amazon,1185732,10/22/21,Northeast,Maine,Portland,Men's Apparel,$50.00 ,150,"$75,000 ","$18,750 ",25%,Outlet
,Amazon,1185732,10/23/21,Northeast,Maine,Portland,Women's Apparel,$40.00 ,250,"$100,000 ","$40,000 ",40%,Outlet
,Amazon,1185732,10/24/21,Northeast,Maine,Portland,Men's Street Footwear,$40.00 ,470,"$188,000 ","$65,800 ",35%,Outlet
,Amazon,1185732,10/25/21,Northeast,Maine,Portland,Men's Athletic Footwear,$40.00 ,175,"$70,000 ","$24,500 ",35%,Outlet
,Amazon,1185732,10/26/21,Northeast,Maine,Portland,Women's Street Footwear,$30.00 ,200,"$60,000 ","$24,000 ",40%,Outlet
,Amazon,1185732,10/27/21,Northeast,Maine,Portland,Women's Athletic Footwear,$35.00 ,50,"$17,500 ","$5,250 ",30%,Outlet
,Amazon,1185732,10/28/21,Northeast,Maine,Portland,Men's Apparel,$50.00 ,100,"$50,000 ","$12,500 ",25%,Outlet
,Amazon,1185732,10/29/21,Northeast,Maine,Portland,Women's Apparel,$40.00 ,200,"$80,000 ","$32,000 ",40%,Outlet
,Amazon,1185732,10/30/21,Northeast,Maine,Portland,Men's Street Footwear,$40.00 ,450,"$180,000 ","$63,000 ",35%,Outlet
,Amazon,1185732,10/31/21,Northeast,Maine,Portland,Men's Athletic Footwear,$40.00 ,150,"$60,000 ","$21,000 ",35%,Outlet
,Amazon,1185732,11/1/21,Northeast,Maine,Portland,Women's Street Footwear,$30.00 ,150,"$45,000 ","$18,000 ",40%,Outlet
,Amazon,1185732,11/2/21,Northeast,Maine,Portland,Women's Athletic Footwear,$35.00 ,75,"$26,250 ","$7,875 ",30%,Outlet
,Amazon,1185732,11/3/21,Northeast,Maine,Portland,Men's Apparel,$50.00 ,75,"$37,500 ","$9,375 ",25%,Outlet
,Amazon,1185732,11/4/21,Northeast,Maine,Portland,Women's Apparel,$40.00 ,225,"$90,000 ","$36,000 ",40%,Outlet
,Amazon,1185732,11/5/21,Northeast,Maine,Portland,Men's Street Footwear,$55.00 ,495,"$272,250 ","$95,288 ",35%,Outlet
,Amazon,1185732,11/6/21,Northeast,Maine,Portland,Men's Athletic Footwear,$50.00 ,200,"$100,000 ","$35,000 ",35%,Outlet
,Amazon,1185732,11/7/21,Northeast,Maine,Portland,Women's Street Footwear,$45.00 ,175,"$78,750 ","$31,500 ",40%,Outlet
,Amazon,1185732,11/8/21,Northeast,Maine,Portland,Women's Athletic Footwear,$45.00 ,125,"$56,250 ","$16,875 ",30%,Outlet
,Amazon,1185732,11/9/21,Northeast,Maine,Portland,Men's Apparel,$55.00 ,150,"$82,500 ","$20,625 ",25%,Outlet
,Amazon,1185732,11/10/21,Northeast,Maine,Portland,Women's Apparel,$60.00 ,275,"$165,000 ","$66,000 ",40%,Outlet
,Amazon,1185732,11/11/21,Northeast,Maine,Portland,Men's Street Footwear,$55.00 ,525,"$288,750 ","$101,063 ",35%,Outlet
,Amazon,1185732,11/12/21,Northeast,Maine,Portland,Men's Athletic Footwear,$50.00 ,275,"$137,500 ","$48,125 ",35%,Outlet
,Amazon,1185732,11/13/21,Northeast,Maine,Portland,Women's Street Footwear,$45.00 ,200,"$90,000 ","$36,000 ",40%,Outlet
,Amazon,1185732,11/14/21,Northeast,Maine,Portland,Women's Athletic Footwear,$45.00 ,175,"$78,750 ","$23,625 ",30%,Outlet
,Amazon,1185732,11/15/21,Northeast,Maine,Portland,Men's Apparel,$55.00 ,175,"$96,250 ","$24,063 ",25%,Outlet
,Amazon,1185732,11/16/21,Northeast,Maine,Portland,Women's Apparel,$60.00 ,325,"$195,000 ","$78,000 ",40%,Outlet
,Amazon,1185732,11/17/21,Northeast,Maine,Portland,Men's Street Footwear,$55.00 ,550,"$302,500 ","$105,875 ",35%,Outlet
,Amazon,1185732,11/18/21,Northeast,Maine,Portland,Men's Athletic Footwear,$50.00 ,300,"$150,000 ","$52,500 ",35%,Outlet
,Amazon,1185732,11/19/21,Northeast,Maine,Portland,Women's Street Footwear,$45.00 ,225,"$101,250 ","$40,500 ",40%,Outlet
,Amazon,1185732,11/20/21,Northeast,Maine,Portland,Women's Athletic Footwear,$45.00 ,175,"$78,750 ","$23,625 ",30%,Outlet
,Amazon,1185732,11/21/21,Northeast,Maine,Portland,Men's Apparel,$55.00 ,200,"$110,000 ","$27,500 ",25%,Outlet
,Amazon,1185732,12/20/21,Northeast,Maine,Portland,Women's Apparel,$60.00 ,375,"$225,000 ","$90,000 ",40%,Outlet
,Amazon,1185732,12/21/21,Northeast,Maine,Portland,Men's Street Footwear,$55.00 ,525,"$288,750 ","$101,063 ",35%,Outlet
,Amazon,1185732,12/22/21,Northeast,Maine,Portland,Men's Athletic Footwear,$50.00 ,300,"$150,000 ","$52,500 ",35%,Outlet
,Amazon,1185732,12/23/21,Northeast,Maine,Portland,Women's Street Footwear,$45.00 ,225,"$101,250 ","$40,500 ",40%,Outlet
,Amazon,1185732,12/24/21,Northeast,Maine,Portland,Women's Athletic Footwear,$45.00 ,175,"$78,750 ","$23,625 ",30%,Outlet
,Amazon,1185732,12/25/21,Northeast,Maine,Portland,Men's Apparel,$55.00 ,150,"$82,500 ","$20,625 ",25%,Outlet
,Amazon,1185732,12/26/21,Northeast,Maine,Portland,Women's Apparel,$60.00 ,325,"$195,000 ","$78,000 ",40%,Outlet
,Amazon,1185732,12/27/21,Northeast,Maine,Portland,Men's Street Footwear,$55.00 ,450,"$247,500 ","$86,625 ",35%,Outlet
,Amazon,1185732,12/28/21,Northeast,Maine,Portland,Men's Athletic Footwear,$50.00 ,250,"$125,000 ","$43,750 ",35%,Outlet
,Amazon,1185732,12/29/21,Northeast,Maine,Portland,Women's Street Footwear,$45.00 ,150,"$67,500 ","$27,000 ",40%,Outlet
,Amazon,1185732,12/30/21,Northeast,Maine,Portland,Women's Athletic Footwear,$45.00 ,125,"$56,250 ","$16,875 ",30%,Outlet
,Amazon,1185732,12/31/21,Northeast,Maine,Portland,Men's Apparel,$55.00 ,125,"$68,750 ","$17,188 ",25%,Outlet
,Amazon,1185732,9/17/21,Northeast,Maine,Portland,Women's Apparel,$60.00 ,225,"$135,000 ","$54,000 ",40%,Outlet
,Amazon,1185732,10/19/21,Northeast,Maine,Portland,Men's Street Footwear,$60.00 ,400,"$240,000 ","$84,000 ",35%,Outlet
,Amazon,1185732,10/19/21,Northeast,Maine,Portland,Men's Athletic Footwear,$55.00 ,225,"$123,750 ","$43,313 ",35%,Outlet
,Amazon,1185732,10/19/21,Northeast,Maine,Portland,Women's Street Footwear,$55.00 ,125,"$68,750 ","$27,500 ",40%,Outlet
,Amazon,1185732,10/19/21,Northeast,Maine,Portland,Women's Athletic Footwear,$55.00 ,100,"$55,000 ","$16,500 ",30%,Outlet
,Amazon,1185732,10/19/21,Northeast,Maine,Portland,Men's Apparel,$65.00 ,100,"$65,000 ","$16,250 ",25%,Outlet
,Amazon,1185732,10/19/21,Northeast,Maine,Portland,Women's Apparel,$70.00 ,225,"$157,500 ","$63,000 ",40%,Outlet
,Amazon,1185732,11/18/21,Northeast,Maine,Portland,Men's Street Footwear,$65.00 ,375,"$243,750 ","$85,313 ",35%,Outlet
,Amazon,1185732,11/18/21,Northeast,Maine,Portland,Men's Athletic Footwear,$55.00 ,200,"$110,000 ","$38,500 ",35%,Outlet
,Amazon,1185732,11/18/21,Northeast,Maine,Portland,Women's Street Footwear,$55.00 ,195,"$107,250 ","$42,900 ",40%,Outlet
,Amazon,1185732,11/18/21,Northeast,Maine,Portland,Women's Athletic Footwear,$55.00 ,175,"$96,250 ","$28,875 ",30%,Outlet
,Amazon,1185732,11/18/21,Northeast,Maine,Portland,Men's Apparel,$65.00 ,150,"$97,500 ","$24,375 ",25%,Outlet
,Amazon,1185732,11/18/21,Northeast,Maine,Portland,Women's Apparel,$70.00 ,250,"$175,000 ","$70,000 ",40%,Outlet
,Amazon,1185732,12/17/21,Northeast,Maine,Portland,Men's Street Footwear,$65.00 ,475,"$308,750 ","$108,063 ",35%,Outlet
,Amazon,1185732,12/17/21,Northeast,Maine,Portland,Men's Athletic Footwear,$55.00 ,275,"$151,250 ","$52,938 ",35%,Outlet
,Amazon,1185732,12/17/21,Northeast,Maine,Portland,Women's Street Footwear,$55.00 ,250,"$137,500 ","$55,000 ",40%,Outlet
,Amazon,1185732,12/17/21,Northeast,Maine,Portland,Women's Athletic Footwear,$55.00 ,200,"$110,000 ","$33,000 ",30%,Outlet
,Amazon,1185732,12/17/21,Northeast,Maine,Portland,Men's Apparel,$65.00 ,200,"$130,000 ","$32,500 ",25%,Outlet
,Amazon,1185732,12/17/21,Northeast,Maine,Portland,Women's Apparel,$70.00 ,300,"$210,000 ","$84,000 ",40%,Outlet
,West Gear,1128299,1/10/21,Northeast,Maine,Portland,Men's Street Footwear,$35.00 ,375,"$131,250 ","$32,813 ",25%,Outlet
,West Gear,1128299,1/10/21,Northeast,Maine,Portland,Men's Athletic Footwear,$45.00 ,375,"$168,750 ","$33,750 ",20%,Outlet
,West Gear,1128299,1/10/21,Northeast,Maine,Portland,Women's Street Footwear,$45.00 ,375,"$168,750 ","$42,188 ",25%,Outlet
,West Gear,1128299,1/10/21,Northeast,Maine,Portland,Women's Athletic Footwear,$45.00 ,225,"$101,250 ","$25,313 ",25%,Outlet
,Amazon,1185732,1/24/21,West,Alaska,Anchorage,Women's Apparel,$55.00 ,300,"$165,000 ","$49,500 ",30%,Outlet
,Amazon,1185732,2/22/21,West,Alaska,Anchorage,Men's Street Footwear,$55.00 ,575,"$316,250 ","$110,688 ",35%,Outlet
,Amazon,1185732,2/22/21,West,Alaska,Anchorage,Men's Athletic Footwear,$55.00 ,225,"$123,750 ","$43,313 ",35%,Outlet
,Amazon,1185732,2/22/21,West,Alaska,Anchorage,Women's Street Footwear,$45.00 ,275,"$123,750 ","$30,938 ",25%,Outlet
,Amazon,1185732,2/22/21,West,Alaska,Anchorage,Women's Athletic Footwear,$50.00 ,175,"$87,500 ","$21,875 ",25%,Outlet
,Amazon,1185732,2/22/21,West,Alaska,Anchorage,Men's Apparel,$65.00 ,250,"$162,500 ","$40,625 ",25%,Outlet
,Amazon,1185732,2/22/21,West,Alaska,Anchorage,Women's Apparel,$55.00 ,350,"$192,500 ","$57,750 ",30%,Outlet
,Amazon,1185732,3/20/21,West,Alaska,Anchorage,Men's Street Footwear,$55.00 ,545,"$299,750 ","$104,913 ",35%,Outlet
,Amazon,1185732,3/20/21,West,Alaska,Anchorage,Men's Athletic Footwear,$55.00 ,250,"$137,500 ","$48,125 ",35%,Outlet
,Amazon,1185732,3/20/21,West,Alaska,Anchorage,Women's Street Footwear,$45.00 ,275,"$123,750 ","$30,938 ",25%,Outlet
,Amazon,1185732,3/20/21,West,Alaska,Anchorage,Women's Athletic Footwear,$50.00 ,125,"$62,500 ","$15,625 ",25%,Outlet
,Amazon,1185732,3/20/21,West,Alaska,Anchorage,Men's Apparel,$65.00 ,175,"$113,750 ","$28,438 ",25%,Outlet
,Amazon,1185732,3/20/21,West,Alaska,Anchorage,Women's Apparel,$55.00 ,275,"$151,250 ","$45,375 ",30%,Outlet
,Amazon,1185732,4/21/21,West,Alaska,Anchorage,Men's Street Footwear,$55.00 ,525,"$288,750 ","$101,063 ",35%,Outlet
,Amazon,1185732,4/21/21,West,Alaska,Anchorage,Men's Athletic Footwear,$55.00 ,225,"$123,750 ","$43,313 ",35%,Outlet
,Amazon,1185732,4/21/21,West,Alaska,Anchorage,Women's Street Footwear,$45.00 ,225,"$101,250 ","$25,313 ",25%,Outlet
,Amazon,1185732,4/21/21,West,Alaska,Anchorage,Women's Athletic Footwear,$50.00 ,150,"$75,000 ","$18,750 ",25%,Outlet
,Amazon,1185732,4/21/21,West,Alaska,Anchorage,Men's Apparel,$60.00 ,150,"$90,000 ","$22,500 ",25%,Outlet
,Amazon,1185732,4/21/21,West,Alaska,Anchorage,Women's Apparel,$50.00 ,300,"$150,000 ","$45,000 ",30%,Outlet
,Amazon,1185732,5/20/21,West,Alaska,Anchorage,Men's Street Footwear,$65.00 ,570,"$370,500 ","$129,675 ",35%,Outlet
,Amazon,1185732,5/20/21,West,Alaska,Anchorage,Men's Athletic Footwear,$60.00 ,275,"$165,000 ","$57,750 ",35%,Outlet
,Amazon,1185732,5/20/21,West,Alaska,Anchorage,Women's Street Footwear,$55.00 ,300,"$165,000 ","$41,250 ",25%,Outlet
,Amazon,1185732,5/20/21,West,Alaska,Anchorage,Women's Athletic Footwear,$55.00 ,250,"$137,500 ","$34,375 ",25%,Outlet
,Amazon,1185732,5/20/21,West,Alaska,Anchorage,Men's Apparel,$65.00 ,275,"$178,750 ","$44,688 ",25%,Outlet
,Amazon,1185732,5/20/21,West,Alaska,Anchorage,Women's Apparel,$70.00 ,400,"$280,000 ","$84,000 ",30%,Outlet
,Amazon,1185732,6/22/21,West,Alaska,Anchorage,Men's Street Footwear,$65.00 ,650,"$422,500 ","$147,875 ",35%,Outlet
,Amazon,1185732,6/22/21,West,Alaska,Anchorage,Men's Athletic Footwear,$60.00 ,400,"$240,000 ","$84,000 ",35%,Outlet
,Amazon,1185732,6/22/21,West,Alaska,Anchorage,Women's Street Footwear,$55.00 ,325,"$178,750 ","$44,688 ",25%,Outlet
,Amazon,1185732,6/22/21,West,Alaska,Anchorage,Women's Athletic Footwear,$55.00 ,300,"$165,000 ","$41,250 ",25%,Outlet
,Amazon,1185732,6/22/21,West,Alaska,Anchorage,Men's Apparel,$65.00 ,300,"$195,000 ","$48,750 ",25%,Outlet
,Amazon,1185732,6/22/21,West,Alaska,Anchorage,Women's Apparel,$70.00 ,450,"$315,000 ","$94,500 ",30%,Outlet
,Amazon,1185732,7/20/21,West,Alaska,Anchorage,Men's Street Footwear,$65.00 ,675,"$438,750 ","$153,563 ",35%,Outlet
,Amazon,1185732,7/20/21,West,Alaska,Anchorage,Men's Athletic Footwear,$60.00 ,425,"$255,000 ","$89,250 ",35%,Outlet
,Amazon,1185732,7/20/21,West,Alaska,Anchorage,Women's Street Footwear,$55.00 ,350,"$192,500 ","$48,125 ",25%,Outlet
,Amazon,1185732,7/20/21,West,Alaska,Anchorage,Women's Athletic Footwear,$55.00 ,300,"$165,000 ","$41,250 ",25%,Outlet
,Amazon,1185732,7/20/21,West,Alaska,Anchorage,Men's Apparel,$65.00 ,325,"$211,250 ","$52,813 ",25%,Outlet
,Amazon,1185732,7/20/21,West,Alaska,Anchorage,Women's Apparel,$70.00 ,500,"$350,000 ","$105,000 ",30%,Outlet
,Amazon,1185732,8/21/21,West,Alaska,Anchorage,Men's Street Footwear,$65.00 ,650,"$422,500 ","$147,875 ",35%,Outlet
,Amazon,1185732,8/21/21,West,Alaska,Anchorage,Men's Athletic Footwear,$60.00 ,425,"$255,000 ","$89,250 ",35%,Outlet
,Amazon,1185732,8/21/21,West,Alaska,Anchorage,Women's Street Footwear,$55.00 ,350,"$192,500 ","$48,125 ",25%,Outlet
,Amazon,1185732,8/21/21,West,Alaska,Anchorage,Women's Athletic Footwear,$55.00 ,250,"$137,500 ","$34,375 ",25%,Outlet
,Amazon,1185732,8/21/21,West,Alaska,Anchorage,Men's Apparel,$65.00 ,225,"$146,250 ","$36,563 ",25%,Outlet
,Amazon,1185732,8/21/21,West,Alaska,Anchorage,Women's Apparel,$70.00 ,400,"$280,000 ","$84,000 ",30%,Outlet
,Amazon,1185732,9/20/21,West,Alaska,Anchorage,Men's Street Footwear,$65.00 ,525,"$341,250 ","$119,438 ",35%,Outlet
,Amazon,1185732,9/20/21,West,Alaska,Anchorage,Men's Athletic Footwear,$60.00 ,325,"$195,000 ","$68,250 ",35%,Outlet
,Amazon,1185732,9/20/21,West,Alaska,Anchorage,Women's Street Footwear,$55.00 ,225,"$123,750 ","$30,938 ",25%,Outlet
,Amazon,1185732,9/20/21,West,Alaska,Anchorage,Women's Athletic Footwear,$55.00 ,200,"$110,000 ","$27,500 ",25%,Outlet
,Amazon,1185732,9/20/21,West,Alaska,Anchorage,Men's Apparel,$65.00 ,200,"$130,000 ","$32,500 ",25%,Outlet
,Amazon,1185732,9/20/21,West,Alaska,Anchorage,Women's Apparel,$70.00 ,300,"$210,000 ","$63,000 ",30%,Outlet
,Amazon,1185732,10/22/21,West,Alaska,Anchorage,Men's Street Footwear,$70.00 ,450,"$315,000 ","$110,250 ",35%,Outlet
,Amazon,1185732,10/22/21,West,Alaska,Anchorage,Men's Athletic Footwear,$65.00 ,275,"$178,750 ","$62,563 ",35%,Outlet
,Amazon,1185732,10/22/21,West,Alaska,Anchorage,Women's Street Footwear,$65.00 ,175,"$113,750 ","$28,438 ",25%,Outlet
,Amazon,1185732,10/22/21,West,Alaska,Anchorage,Women's Athletic Footwear,$65.00 ,150,"$97,500 ","$24,375 ",25%,Outlet
,Amazon,1185732,10/22/21,West,Alaska,Anchorage,Men's Apparel,$75.00 ,150,"$112,500 ","$28,125 ",25%,Outlet
,Amazon,1185732,10/22/21,West,Alaska,Anchorage,Women's Apparel,$80.00 ,275,"$220,000 ","$66,000 ",30%,Outlet
,Amazon,1185732,11/21/21,West,Alaska,Anchorage,Men's Street Footwear,$75.00 ,425,"$318,750 ","$111,563 ",35%,Outlet
,Amazon,1185732,11/21/21,West,Alaska,Anchorage,Men's Athletic Footwear,$65.00 ,300,"$195,000 ","$68,250 ",35%,Outlet
,Amazon,1185732,11/21/21,West,Alaska,Anchorage,Women's Street Footwear,$65.00 ,320,"$208,000 ","$52,000 ",25%,Outlet
,Amazon,1185732,11/21/21,West,Alaska,Anchorage,Women's Athletic Footwear,$65.00 ,300,"$195,000 ","$48,750 ",25%,Outlet
,Amazon,1185732,11/21/21,West,Alaska,Anchorage,Men's Apparel,$75.00 ,275,"$206,250 ","$51,563 ",25%,Outlet
,Amazon,1185732,11/21/21,West,Alaska,Anchorage,Women's Apparel,$80.00 ,375,"$300,000 ","$90,000 ",30%,Outlet
,Amazon,1185732,12/20/21,West,Alaska,Anchorage,Men's Street Footwear,$75.00 ,600,"$450,000 ","$157,500 ",35%,Outlet
,Amazon,1185732,12/20/21,West,Alaska,Anchorage,Men's Athletic Footwear,$65.00 ,400,"$260,000 ","$91,000 ",35%,Outlet
,Foot Locker,1128299,1/10/21,West,Alaska,Anchorage,Men's Street Footwear,$35.00 ,375,"$131,250 ","$32,813 ",25%,Outlet
,Foot Locker,1128299,1/10/21,West,Alaska,Anchorage,Men's Athletic Footwear,$45.00 ,375,"$168,750 ","$33,750 ",20%,Outlet
,Foot Locker,1128299,1/10/21,West,Alaska,Anchorage,Women's Street Footwear,$45.00 ,375,"$168,750 ","$42,188 ",25%,Outlet
,Foot Locker,1128299,1/10/21,West,Alaska,Anchorage,Women's Athletic Footwear,$45.00 ,225,"$101,250 ","$25,313 ",25%,Outlet
,Foot Locker,1128299,1/10/21,West,Alaska,Anchorage,Men's Apparel,$50.00 ,175,"$87,500 ","$13,125 ",15%,Outlet
,Foot Locker,1128299,1/10/21,West,Alaska,Anchorage,Women's Apparel,$45.00 ,425,"$191,250 ","$76,500 ",40%,Outlet
,Foot Locker,1128299,2/10/21,West,Alaska,Anchorage,Men's Street Footwear,$35.00 ,475,"$166,250 ","$41,563 ",25%,Outlet
,Foot Locker,1128299,2/10/21,West,Alaska,Anchorage,Men's Athletic Footwear,$45.00 ,375,"$168,750 ","$33,750 ",20%,Outlet
,Foot Locker,1128299,2/10/21,West,Alaska,Anchorage,Women's Street Footwear,$45.00 ,375,"$168,750 ","$42,188 ",25%,Outlet
,Foot Locker,1128299,2/10/21,West,Hawaii,Honolulu,Women's Athletic Footwear,$45.00 ,225,"$101,250 ","$25,313 ",25%,Outlet
,Foot Locker,1128299,2/10/21,West,Hawaii,Honolulu,Men's Apparel,$50.00 ,150,"$75,000 ","$11,250 ",15%,Outlet
,Foot Locker,1128299,2/10/21,West,Hawaii,Honolulu,Women's Apparel,$45.00 ,350,"$157,500 ","$63,000 ",40%,Outlet
,Foot Locker,1128299,3/9/21,West,Hawaii,Honolulu,Men's Street Footwear,$45.00 ,500,"$225,000 ","$56,250 ",25%,Outlet
,Foot Locker,1128299,3/9/21,West,Hawaii,Honolulu,Men's Athletic Footwear,$55.00 ,350,"$192,500 ","$38,500 ",20%,Outlet
,Foot Locker,1128299,3/9/21,West,Hawaii,Honolulu,Women's Street Footwear,$60.00 ,375,"$225,000 ","$56,250 ",25%,Outlet
,Foot Locker,1128299,3/9/21,West,Hawaii,Honolulu,Women's Athletic Footwear,$55.00 ,275,"$151,250 ","$37,813 ",25%,Outlet
,Foot Locker,1128299,3/9/21,West,Hawaii,Honolulu,Men's Apparel,$60.00 ,125,"$75,000 ","$11,250 ",15%,Outlet
,Foot Locker,1128299,3/9/21,West,Hawaii,Honolulu,Women's Apparel,$55.00 ,325,"$178,750 ","$71,500 ",40%,Outlet
,Foot Locker,1128299,4/10/21,West,Hawaii,Honolulu,Men's Street Footwear,$60.00 ,500,"$300,000 ","$75,000 ",25%,Outlet
,Foot Locker,1128299,4/10/21,West,Hawaii,Honolulu,Men's Athletic Footwear,$65.00 ,300,"$195,000 ","$39,000 ",20%,Outlet
,Foot Locker,1128299,4/10/21,West,Hawaii,Honolulu,Women's Street Footwear,$65.00 ,350,"$227,500 ","$56,875 ",25%,Outlet
,Foot Locker,1128299,4/10/21,West,Hawaii,Honolulu,Women's Athletic Footwear,$50.00 ,250,"$125,000 ","$31,250 ",25%,Outlet
,Foot Locker,1128299,4/10/21,West,Hawaii,Honolulu,Men's Apparel,$55.00 ,150,"$82,500 ","$12,375 ",15%,Outlet
,Foot Locker,1128299,4/10/21,West,Hawaii,Honolulu,Women's Apparel,$70.00 ,325,"$227,500 ","$91,000 ",40%,Outlet
,Foot Locker,1128299,5/11/21,West,Hawaii,Honolulu,Men's Street Footwear,$55.00 ,525,"$288,750 ","$72,188 ",25%,Outlet
,Foot Locker,1128299,5/11/21,West,Hawaii,Honolulu,Men's Athletic Footwear,$60.00 ,375,"$225,000 ","$45,000 ",20%,Outlet
,Foot Locker,1128299,5/11/21,West,Hawaii,Honolulu,Women's Street Footwear,$60.00 ,375,"$225,000 ","$56,250 ",25%,Outlet
,Foot Locker,1128299,5/11/21,West,Hawaii,Honolulu,Women's Athletic Footwear,$55.00 ,275,"$151,250 ","$37,813 ",25%,Outlet
,Foot Locker,1128299,5/11/21,West,Hawaii,Honolulu,Men's Apparel,$60.00 ,175,"$105,000 ","$15,750 ",15%,Outlet
,Foot Locker,1128299,5/11/21,West,Hawaii,Honolulu,Women's Apparel,$75.00 ,475,"$356,250 ","$142,500 ",40%,Outlet
,Foot Locker,1128299,6/10/21,West,Hawaii,Honolulu,Men's Street Footwear,$70.00 ,725,"$507,500 ","$126,875 ",25%,Outlet
,Foot Locker,1128299,6/10/21,West,Hawaii,Honolulu,Men's Athletic Footwear,$75.00 ,600,"$450,000 ","$90,000 ",20%,Outlet
,Foot Locker,1128299,6/10/21,West,Hawaii,Honolulu,Women's Street Footwear,$75.00 ,600,"$450,000 ","$112,500 ",25%,Outlet
,Foot Locker,1128299,6/10/21,West,Hawaii,Honolulu,Women's Athletic Footwear,$75.00 ,475,"$356,250 ","$89,063 ",25%,Outlet
,Foot Locker,1128299,6/10/21,West,Hawaii,Honolulu,Men's Apparel,$85.00 ,350,"$297,500 ","$44,625 ",15%,Outlet
,Foot Locker,1128299,6/10/21,West,Hawaii,Honolulu,Women's Apparel,$100.00 ,650,"$650,000 ","$260,000 ",40%,Outlet
,Foot Locker,1128299,7/9/21,West,Hawaii,Honolulu,Men's Street Footwear,$80.00 ,800,"$640,000 ","$160,000 ",25%,Outlet
,Foot Locker,1128299,7/9/21,West,Hawaii,Honolulu,Men's Athletic Footwear,$85.00 ,650,"$552,500 ","$110,500 ",20%,Outlet
,Foot Locker,1128299,7/9/21,West,Hawaii,Honolulu,Women's Street Footwear,$85.00 ,600,"$510,000 ","$127,500 ",25%,Outlet
,Foot Locker,1128299,7/9/21,West,Hawaii,Honolulu,Women's Athletic Footwear,$80.00 ,500,"$400,000 ","$100,000 ",25%,Outlet
,Foot Locker,1128299,7/9/21,West,Hawaii,Honolulu,Men's Apparel,$85.00 ,550,"$467,500 ","$70,125 ",15%,Outlet
,Foot Locker,1128299,7/9/21,West,Hawaii,Honolulu,Women's Apparel,$100.00 ,550,"$550,000 ","$220,000 ",40%,Outlet
,Foot Locker,1128299,8/10/21,West,Hawaii,Honolulu,Men's Street Footwear,$85.00 ,750,"$637,500 ","$159,375 ",25%,Outlet
,Foot Locker,1128299,8/10/21,West,Hawaii,Honolulu,Men's Athletic Footwear,$75.00 ,725,"$543,750 ","$108,750 ",20%,Outlet
,Foot Locker,1128299,8/10/21,West,Hawaii,Honolulu,Women's Street Footwear,$70.00 ,600,"$420,000 ","$105,000 ",25%,Outlet
,Foot Locker,1128299,8/10/21,West,Hawaii,Honolulu,Women's Athletic Footwear,$70.00 ,525,"$367,500 ","$91,875 ",25%,Outlet
,Walmart,1128299,8/10/21,West,Hawaii,Honolulu,Men's Apparel,$70.00 ,525,"$367,500 ","$55,125 ",15%,Outlet
,Walmart,1128299,8/10/21,West,Hawaii,Honolulu,Women's Apparel,$75.00 ,350,"$262,500 ","$105,000 ",40%,Outlet
,Walmart,1128299,9/11/21,West,Hawaii,Honolulu,Men's Street Footwear,$65.00 ,550,"$357,500 ","$89,375 ",25%,Outlet
,Walmart,1128299,9/11/21,West,Hawaii,Honolulu,Men's Athletic Footwear,$70.00 ,550,"$385,000 ","$77,000 ",20%,Outlet
,Walmart,1128299,9/11/21,West,Hawaii,Honolulu,Women's Street Footwear,$65.00 ,375,"$243,750 ","$60,938 ",25%,Outlet
,Walmart,1128299,9/11/21,West,Hawaii,Honolulu,Women's Athletic Footwear,$65.00 ,325,"$211,250 ","$52,813 ",25%,Outlet
,Walmart,1128299,9/11/21,West,Hawaii,Honolulu,Men's Apparel,$75.00 ,350,"$262,500 ","$39,375 ",15%,Outlet
,Walmart,1128299,9/11/21,West,Hawaii,Honolulu,Women's Apparel,$60.00 ,375,"$225,000 ","$90,000 ",40%,Outlet
,Walmart,1128299,10/10/21,West,Hawaii,Honolulu,Men's Street Footwear,$55.00 ,475,"$261,250 ","$65,313 ",25%,Outlet
,Walmart,1128299,10/10/21,West,Hawaii,Honolulu,Men's Athletic Footwear,$65.00 ,475,"$308,750 ","$61,750 ",20%,Outlet
,Walmart,1128299,10/10/21,West,Hawaii,Honolulu,Women's Street Footwear,$60.00 ,300,"$180,000 ","$45,000 ",25%,Outlet
,Walmart,1128299,10/10/21,West,Hawaii,Honolulu,Women's Athletic Footwear,$55.00 ,275,"$151,250 ","$37,813 ",25%,Outlet
,Walmart,1128299,10/10/21,West,Hawaii,Honolulu,Men's Apparel,$65.00 ,250,"$162,500 ","$24,375 ",15%,Outlet
,Walmart,1128299,10/10/21,West,Hawaii,Honolulu,Women's Apparel,$70.00 ,300,"$210,000 ","$84,000 ",40%,Outlet
,Walmart,1128299,11/10/21,West,Hawaii,Honolulu,Men's Street Footwear,$55.00 ,525,"$288,750 ","$72,188 ",25%,Outlet
,Walmart,1128299,11/10/21,West,Hawaii,Honolulu,Men's Athletic Footwear,$60.00 ,600,"$360,000 ","$72,000 ",20%,Outlet
,Walmart,1128299,11/10/21,West,Hawaii,Honolulu,Women's Street Footwear,$55.00 ,425,"$233,750 ","$58,438 ",25%,Outlet
,Walmart,1128299,11/10/21,West,Hawaii,Honolulu,Women's Athletic Footwear,$65.00 ,400,"$260,000 ","$65,000 ",25%,Outlet
,Walmart,1128299,11/10/21,West,Hawaii,Honolulu,Men's Apparel,$85.00 ,375,"$318,750 ","$47,813 ",15%,Outlet
,Walmart,1128299,11/10/21,West,Hawaii,Honolulu,Women's Apparel,$90.00 ,500,"$450,000 ","$180,000 ",40%,Outlet
,Walmart,1128299,12/9/21,West,Hawaii,Honolulu,Men's Street Footwear,$75.00 ,700,"$525,000 ","$131,250 ",25%,Outlet
,Walmart,1128299,12/9/21,West,Hawaii,Honolulu,Men's Athletic Footwear,$85.00 ,700,"$595,000 ","$119,000 ",20%,Outlet
,Sports Direct,1128299,12/9/21,West,Hawaii,Honolulu,Women's Street Footwear,$80.00 ,500,"$400,000 ","$100,000 ",25%,Outlet
,Sports Direct,1128299,12/9/21,West,Hawaii,Honolulu,Women's Athletic Footwear,$80.00 ,500,"$400,000 ","$100,000 ",25%,Outlet
,Sports Direct,1128299,12/9/21,West,Hawaii,Honolulu,Men's Apparel,$90.00 ,425,"$382,500 ","$57,375 ",15%,Outlet
,Sports Direct,1128299,12/9/21,West,Hawaii,Honolulu,Women's Apparel,$95.00 ,525,"$498,750 ","$199,500 ",40%,Outlet
,Sports Direct,1128299,1/17/21,West,Hawaii,Honolulu,Men's Street Footwear,$40.00 ,425,"$170,000 ","$51,000 ",30%,Outlet
,Sports Direct,1128299,1/17/21,West,Hawaii,Honolulu,Men's Athletic Footwear,$50.00 ,425,"$212,500 ","$53,125 ",25%,Outlet
,Sports Direct,1128299,1/17/21,West,Hawaii,Honolulu,Women's Street Footwear,$50.00 ,425,"$212,500 ","$63,750 ",30%,Outlet
,Sports Direct,1128299,1/17/21,West,Hawaii,Honolulu,Women's Athletic Footwear,$50.00 ,275,"$137,500 ","$41,250 ",30%,Outlet
,Sports Direct,1128299,1/17/21,West,Hawaii,Honolulu,Men's Apparel,$55.00 ,225,"$123,750 ","$24,750 ",20%,Outlet
,Sports Direct,1128299,1/17/21,West,Hawaii,Honolulu,Women's Apparel,$50.00 ,475,"$237,500 ","$106,875 ",45%,Outlet
,Sports Direct,1128299,2/17/21,West,Hawaii,Honolulu,Men's Street Footwear,$40.00 ,525,"$210,000 ","$63,000 ",30%,Outlet
,Sports Direct,1128299,2/17/21,West,Hawaii,Honolulu,Men's Athletic Footwear,$50.00 ,425,"$212,500 ","$53,125 ",25%,Outlet
,Sports Direct,1128299,2/17/21,West,Hawaii,Honolulu,Women's Street Footwear,$50.00 ,425,"$212,500 ","$63,750 ",30%,Outlet
,Sports Direct,1128299,2/17/21,Southeast,Florida,Orlando,Women's Athletic Footwear,$50.00 ,275,"$137,500 ","$41,250 ",30%,Outlet
,Sports Direct,1128299,2/17/21,Southeast,Florida,Orlando,Men's Apparel,$55.00 ,200,"$110,000 ","$22,000 ",20%,Outlet
,Sports Direct,1128299,2/17/21,Southeast,Florida,Orlando,Women's Apparel,$50.00 ,400,"$200,000 ","$90,000 ",45%,Outlet
,Sports Direct,1128299,3/16/21,Southeast,Florida,Orlando,Men's Street Footwear,$50.00 ,550,"$275,000 ","$82,500 ",30%,Outlet
,Sports Direct,1128299,3/16/21,Southeast,Florida,Orlando,Men's Athletic Footwear,$60.00 ,400,"$240,000 ","$60,000 ",25%,Outlet
,Sports Direct,1128299,3/16/21,Southeast,Florida,Orlando,Women's Street Footwear,$65.00 ,425,"$276,250 ","$82,875 ",30%,Outlet
,Sports Direct,1128299,3/16/21,Southeast,Florida,Orlando,Women's Athletic Footwear,$60.00 ,325,"$195,000 ","$58,500 ",30%,Outlet
,Sports Direct,1128299,3/16/21,Southeast,Florida,Orlando,Men's Apparel,$65.00 ,175,"$113,750 ","$22,750 ",20%,Outlet
,Sports Direct,1128299,3/16/21,Southeast,Florida,Orlando,Women's Apparel,$60.00 ,375,"$225,000 ","$101,250 ",45%,Outlet
,Walmart,1128299,4/17/21,Southeast,Florida,Orlando,Men's Street Footwear,$65.00 ,550,"$357,500 ","$107,250 ",30%,Outlet
,Walmart,1128299,4/17/21,Southeast,Florida,Orlando,Men's Athletic Footwear,$70.00 ,350,"$245,000 ","$61,250 ",25%,Outlet
,Walmart,1128299,4/17/21,Southeast,Florida,Orlando,Women's Street Footwear,$70.00 ,400,"$280,000 ","$84,000 ",30%,Outlet
,Walmart,1128299,4/17/21,Southeast,Florida,Orlando,Women's Athletic Footwear,$55.00 ,300,"$165,000 ","$49,500 ",30%,Outlet
,Walmart,1128299,4/17/21,Southeast,Florida,Orlando,Men's Apparel,$60.00 ,200,"$120,000 ","$24,000 ",20%,Outlet
,Walmart,1128299,4/17/21,Southeast,Florida,Orlando,Women's Apparel,$75.00 ,375,"$281,250 ","$126,563 ",45%,Outlet
,Walmart,1128299,5/18/21,Southeast,Florida,Orlando,Men's Street Footwear,$60.00 ,575,"$345,000 ","$103,500 ",30%,Outlet
,Walmart,1128299,5/18/21,Southeast,Florida,Orlando,Men's Athletic Footwear,$65.00 ,425,"$276,250 ","$69,063 ",25%,Outlet
,Walmart,1128299,5/18/21,Southeast,Florida,Orlando,Women's Street Footwear,$65.00 ,425,"$276,250 ","$82,875 ",30%,Outlet
,Walmart,1128299,5/18/21,Southeast,Florida,Orlando,Women's Athletic Footwear,$60.00 ,325,"$195,000 ","$58,500 ",30%,Outlet
,Walmart,1128299,5/18/21,Southeast,Florida,Orlando,Men's Apparel,$55.00 ,225,"$123,750 ","$24,750 ",20%,Outlet
,Walmart,1128299,5/18/21,Southeast,Florida,Orlando,Women's Apparel,$70.00 ,575,"$402,500 ","$181,125 ",45%,Outlet
,Walmart,1128299,6/17/21,Southeast,Florida,Orlando,Men's Street Footwear,$65.00 ,825,"$536,250 ","$160,875 ",30%,Outlet
,Walmart,1128299,6/17/21,Southeast,Florida,Orlando,Men's Athletic Footwear,$70.00 ,700,"$490,000 ","$122,500 ",25%,In-store
,Walmart,1128299,6/17/21,Southeast,Florida,Orlando,Women's Street Footwear,$85.00 ,700,"$595,000 ","$178,500 ",30%,In-store
,Walmart,1128299,6/17/21,Southeast,Florida,Orlando,Women's Athletic Footwear,$85.00 ,575,"$488,750 ","$146,625 ",30%,In-store
,Walmart,1128299,6/17/21,Southeast,Florida,Orlando,Men's Apparel,$95.00 ,450,"$427,500 ","$85,500 ",20%,In-store
,Walmart,1128299,6/17/21,Southeast,Florida,Orlando,Women's Apparel,$110.00 ,750,"$825,000 ","$371,250 ",45%,In-store
,Walmart,1128299,7/16/21,Southeast,Florida,Orlando,Men's Street Footwear,$90.00 ,900,"$810,000 ","$243,000 ",30%,In-store
,Walmart,1128299,7/16/21,Southeast,Florida,Orlando,Men's Athletic Footwear,$95.00 ,750,"$712,500 ","$178,125 ",25%,In-store
,Walmart,1128299,7/16/21,Southeast,Florida,Orlando,Women's Street Footwear,$95.00 ,700,"$665,000 ","$199,500 ",30%,In-store
,Walmart,1128299,7/16/21,Southeast,Florida,Orlando,Women's Athletic Footwear,$90.00 ,600,"$540,000 ","$162,000 ",30%,In-store
,Walmart,1128299,7/16/21,Southeast,Florida,Orlando,Men's Apparel,$95.00 ,650,"$617,500 ","$123,500 ",20%,In-store
,Walmart,1128299,7/16/21,Southeast,Florida,Orlando,Women's Apparel,$110.00 ,650,"$715,000 ","$321,750 ",45%,In-store
,Walmart,1128299,8/17/21,Southeast,Florida,Orlando,Men's Street Footwear,$95.00 ,850,"$807,500 ","$242,250 ",30%,In-store
,Walmart,1128299,8/17/21,Southeast,Florida,Orlando,Men's Athletic Footwear,$85.00 ,825,"$701,250 ","$175,313 ",25%,In-store
,Walmart,1128299,8/17/21,Southeast,Florida,Orlando,Women's Street Footwear,$80.00 ,700,"$560,000 ","$168,000 ",30%,In-store
,Walmart,1128299,8/17/21,Southeast,Florida,Orlando,Women's Athletic Footwear,$80.00 ,475,"$380,000 ","$114,000 ",30%,In-store
,Walmart,1128299,8/17/21,Southeast,Florida,Orlando,Men's Apparel,$80.00 ,475,"$380,000 ","$76,000 ",20%,In-store
,Walmart,1128299,8/17/21,Southeast,Florida,Orlando,Women's Apparel,$85.00 ,300,"$255,000 ","$114,750 ",45%,In-store
,Walmart,1128299,9/18/21,Southeast,Florida,Orlando,Men's Street Footwear,$60.00 ,500,"$300,000 ","$90,000 ",30%,In-store
,Walmart,1128299,9/18/21,Southeast,Florida,Orlando,Men's Athletic Footwear,$65.00 ,500,"$325,000 ","$81,250 ",25%,In-store
,Walmart,1128299,9/18/21,Southeast,Florida,Orlando,Women's Street Footwear,$60.00 ,300,"$180,000 ","$54,000 ",30%,In-store
,Walmart,1128299,9/18/21,Southeast,Florida,Orlando,Women's Athletic Footwear,$60.00 ,250,"$150,000 ","$45,000 ",30%,In-store
,Walmart,1128299,9/18/21,Southeast,Florida,Orlando,Men's Apparel,$70.00 ,275,"$192,500 ","$38,500 ",20%,In-store
,Walmart,1128299,9/18/21,Southeast,Florida,Orlando,Women's Apparel,$55.00 ,300,"$165,000 ","$74,250 ",45%,In-store
,Walmart,1128299,10/17/21,Southeast,Florida,Orlando,Men's Street Footwear,$50.00 ,400,"$200,000 ","$60,000 ",30%,In-store
,Walmart,1128299,10/17/21,Southeast,Florida,Orlando,Men's Athletic Footwear,$65.00 ,575,"$373,750 ","$93,438 ",25%,In-store
,Walmart,1128299,10/17/21,Southeast,Florida,Orlando,Women's Street Footwear,$60.00 ,400,"$240,000 ","$72,000 ",30%,In-store
,Walmart,1128299,10/17/21,Southeast,Florida,Orlando,Women's Athletic Footwear,$55.00 ,375,"$206,250 ","$61,875 ",30%,In-store
,Walmart,1128299,10/17/21,Southeast,Florida,Orlando,Men's Apparel,$65.00 ,350,"$227,500 ","$45,500 ",20%,In-store
,Walmart,1128299,10/17/21,Southeast,Florida,Orlando,Women's Apparel,$70.00 ,400,"$280,000 ","$126,000 ",45%,In-store
,Walmart,1128299,11/17/21,Southeast,Florida,Orlando,Men's Street Footwear,$55.00 ,625,"$343,750 ","$103,125 ",30%,In-store
,Walmart,1128299,11/17/21,Southeast,Florida,Orlando,Men's Athletic Footwear,$60.00 ,700,"$420,000 ","$105,000 ",25%,In-store
,Walmart,1128299,11/17/21,Southeast,Florida,Orlando,Women's Street Footwear,$55.00 ,525,"$288,750 ","$86,625 ",30%,In-store
,Walmart,1128299,11/17/21,Southeast,Florida,Orlando,Women's Athletic Footwear,$65.00 ,500,"$325,000 ","$97,500 ",30%,In-store
,Walmart,1128299,11/17/21,Southeast,Florida,Orlando,Men's Apparel,$85.00 ,475,"$403,750 ","$80,750 ",20%,In-store
,Walmart,1128299,11/17/21,Southeast,Florida,Orlando,Women's Apparel,$90.00 ,600,"$540,000 ","$243,000 ",45%,In-store
,Walmart,1128299,12/16/21,Southeast,Florida,Orlando,Men's Street Footwear,$75.00 ,800,"$600,000 ","$180,000 ",30%,In-store
,Walmart,1128299,12/16/21,Southeast,Florida,Orlando,Men's Athletic Footwear,$85.00 ,800,"$680,000 ","$170,000 ",25%,In-store
,West Gear,1128299,12/16/21,Southeast,Florida,Orlando,Women's Street Footwear,$80.00 ,600,"$480,000 ","$144,000 ",30%,In-store
,West Gear,1128299,12/16/21,Southeast,Florida,Orlando,Women's Athletic Footwear,$80.00 ,600,"$480,000 ","$144,000 ",30%,In-store
,West Gear,1128299,12/16/21,Southeast,Florida,Orlando,Men's Apparel,$90.00 ,525,"$472,500 ","$94,500 ",20%,In-store
,West Gear,1128299,12/16/21,Southeast,Florida,Orlando,Women's Apparel,$95.00 ,625,"$593,750 ","$267,188 ",45%,In-store
,West Gear,1185732,1/12/21,Southeast,Florida,Orlando,Men's Street Footwear,$45.00 ,850,"$382,500 ","$172,125 ",45%,In-store
,West Gear,1185732,1/12/21,Southeast,Florida,Orlando,Men's Athletic Footwear,$45.00 ,650,"$292,500 ","$102,375 ",35%,In-store
,West Gear,1185732,1/12/21,Southeast,Florida,Orlando,Women's Street Footwear,$35.00 ,650,"$227,500 ","$56,875 ",25%,In-store
,West Gear,1185732,1/12/21,Southeast,Florida,Orlando,Women's Athletic Footwear,$40.00 ,500,"$200,000 ","$60,000 ",30%,In-store
,West Gear,1185732,1/12/21,Southeast,Florida,Orlando,Men's Apparel,$55.00 ,550,"$302,500 ","$105,875 ",35%,In-store
,West Gear,1185732,1/12/21,Southeast,Florida,Orlando,Women's Apparel,$45.00 ,650,"$292,500 ","$146,250 ",50%,In-store
,West Gear,1185732,2/10/21,Southeast,Florida,Orlando,Men's Street Footwear,$45.00 ,900,"$405,000 ","$182,250 ",45%,In-store
,West Gear,1185732,2/10/21,Southeast,Florida,Orlando,Men's Athletic Footwear,$45.00 ,550,"$247,500 ","$86,625 ",35%,In-store
,West Gear,1185732,2/10/21,Southeast,Florida,Orlando,Women's Street Footwear,$35.00 ,600,"$210,000 ","$52,500 ",25%,In-store
,West Gear,1185732,2/10/21,Northeast,New York,Albany,Women's Athletic Footwear,$40.00 ,475,"$190,000 ","$57,000 ",30%,In-store
,West Gear,1185732,2/10/21,Northeast,New York,Albany,Men's Apparel,$55.00 ,550,"$302,500 ","$105,875 ",35%,In-store
,West Gear,1185732,2/10/21,Northeast,New York,Albany,Women's Apparel,$45.00 ,650,"$292,500 ","$146,250 ",50%,In-store
,West Gear,1185732,3/8/21,Northeast,New York,Albany,Men's Street Footwear,$45.00 ,870,"$391,500 ","$176,175 ",45%,In-store
,West Gear,1185732,3/8/21,Northeast,New York,Albany,Men's Athletic Footwear,$45.00 ,550,"$247,500 ","$86,625 ",35%,In-store
,West Gear,1185732,3/8/21,Northeast,New York,Albany,Women's Street Footwear,$35.00 ,575,"$201,250 ","$50,313 ",25%,In-store
,West Gear,1185732,3/8/21,Northeast,New York,Albany,Women's Athletic Footwear,$40.00 ,425,"$170,000 ","$51,000 ",30%,In-store
,West Gear,1185732,3/8/21,Northeast,New York,Albany,Men's Apparel,$55.00 ,475,"$261,250 ","$91,438 ",35%,In-store
,West Gear,1185732,3/8/21,Northeast,New York,Albany,Women's Apparel,$45.00 ,575,"$258,750 ","$129,375 ",50%,In-store
,West Gear,1185732,4/9/21,Northeast,New York,Albany,Men's Street Footwear,$45.00 ,825,"$371,250 ","$167,063 ",45%,In-store
,West Gear,1185732,4/9/21,Northeast,New York,Albany,Men's Athletic Footwear,$45.00 ,525,"$236,250 ","$82,688 ",35%,In-store
,West Gear,1185732,4/9/21,Northeast,New York,Albany,Women's Street Footwear,$35.00 ,525,"$183,750 ","$45,938 ",25%,In-store
,West Gear,1185732,4/9/21,Northeast,New York,Albany,Women's Athletic Footwear,$40.00 ,450,"$180,000 ","$54,000 ",30%,In-store
,West Gear,1185732,4/9/21,Northeast,New York,Albany,Men's Apparel,$55.00 ,475,"$261,250 ","$91,438 ",35%,In-store
,West Gear,1185732,4/9/21,Northeast,New York,Albany,Women's Apparel,$45.00 ,600,"$270,000 ","$135,000 ",50%,In-store
,West Gear,1185732,5/8/21,Northeast,New York,Albany,Men's Street Footwear,$55.00 ,870,"$478,500 ","$215,325 ",45%,In-store
,West Gear,1185732,5/8/21,Northeast,New York,Albany,Men's Athletic Footwear,$55.00 ,575,"$316,250 ","$110,688 ",35%,In-store
,West Gear,1185732,5/8/21,Northeast,New York,Albany,Women's Street Footwear,$50.00 ,550,"$275,000 ","$68,750 ",25%,In-store
,West Gear,1185732,5/8/21,Northeast,New York,Albany,Women's Athletic Footwear,$50.00 ,500,"$250,000 ","$75,000 ",30%,In-store
,West Gear,1185732,5/8/21,Northeast,New York,Albany,Men's Apparel,$60.00 ,525,"$315,000 ","$110,250 ",35%,In-store
,West Gear,1185732,5/8/21,Northeast,New York,Albany,Women's Apparel,$65.00 ,625,"$406,250 ","$203,125 ",50%,In-store
,West Gear,1185732,6/10/21,Northeast,New York,Albany,Men's Street Footwear,$60.00 ,875,"$525,000 ","$236,250 ",45%,In-store
,West Gear,1185732,6/10/21,Northeast,New York,Albany,Men's Athletic Footwear,$55.00 ,625,"$343,750 ","$120,313 ",35%,In-store
,West Gear,1185732,6/10/21,Northeast,New York,Albany,Women's Street Footwear,$50.00 ,600,"$300,000 ","$75,000 ",25%,In-store
,West Gear,1185732,6/10/21,Northeast,New York,Albany,Women's Athletic Footwear,$50.00 ,575,"$287,500 ","$86,250 ",30%,In-store
,West Gear,1185732,6/10/21,Northeast,New York,Albany,Men's Apparel,$65.00 ,575,"$373,750 ","$130,813 ",35%,In-store
,West Gear,1185732,6/10/21,Northeast,New York,Albany,Women's Apparel,$70.00 ,725,"$507,500 ","$253,750 ",50%,In-store
,West Gear,1185732,7/8/21,Northeast,New York,Albany,Men's Street Footwear,$65.00 ,950,"$617,500 ","$277,875 ",45%,In-store
,West Gear,1185732,7/8/21,Northeast,New York,Albany,Men's Athletic Footwear,$60.00 ,700,"$420,000 ","$147,000 ",35%,In-store
,West Gear,1185732,7/8/21,Northeast,New York,Albany,Women's Street Footwear,$55.00 ,625,"$343,750 ","$85,938 ",25%,In-store
,West Gear,1185732,7/8/21,Northeast,New York,Albany,Women's Athletic Footwear,$55.00 ,575,"$316,250 ","$94,875 ",30%,In-store
,West Gear,1185732,7/8/21,Northeast,New York,Albany,Men's Apparel,$65.00 ,600,"$390,000 ","$136,500 ",35%,In-store
,West Gear,1185732,7/8/21,Northeast,New York,Albany,Women's Apparel,$70.00 ,775,"$542,500 ","$271,250 ",50%,In-store
,West Gear,1185732,8/9/21,Northeast,New York,Albany,Men's Street Footwear,$65.00 ,925,"$601,250 ","$270,563 ",45%,In-store
,West Gear,1185732,8/9/21,Northeast,New York,Albany,Men's Athletic Footwear,$60.00 ,700,"$420,000 ","$147,000 ",35%,In-store
,West Gear,1185732,8/9/21,Northeast,New York,Albany,Women's Street Footwear,$55.00 ,625,"$343,750 ","$85,938 ",25%,In-store
,West Gear,1185732,8/9/21,Northeast,New York,Albany,Women's Athletic Footwear,$45.00 ,575,"$258,750 ","$77,625 ",30%,In-store
,West Gear,1185732,8/9/21,Northeast,New York,Albany,Men's Apparel,$55.00 ,550,"$302,500 ","$105,875 ",35%,In-store
,West Gear,1185732,8/9/21,Northeast,New York,Albany,Women's Apparel,$60.00 ,725,"$435,000 ","$217,500 ",50%,In-store
,West Gear,1185732,9/8/21,Northeast,New York,Albany,Men's Street Footwear,$55.00 ,850,"$467,500 ","$210,375 ",45%,In-store
,West Gear,1185732,9/8/21,Northeast,New York,Albany,Men's Athletic Footwear,$50.00 ,650,"$325,000 ","$113,750 ",35%,In-store
,West Gear,1185732,9/8/21,Northeast,New York,Albany,Women's Street Footwear,$45.00 ,550,"$247,500 ","$61,875 ",25%,In-store
,West Gear,1185732,9/8/21,Northeast,New York,Albany,Women's Athletic Footwear,$45.00 ,525,"$236,250 ","$70,875 ",30%,In-store
,West Gear,1185732,9/8/21,Northeast,New York,Albany,Men's Apparel,$55.00 ,525,"$288,750 ","$101,063 ",35%,In-store
,West Gear,1185732,9/8/21,Northeast,New York,Albany,Women's Apparel,$60.00 ,625,"$375,000 ","$187,500 ",50%,In-store
,West Gear,1185732,10/10/21,Northeast,New York,Albany,Men's Street Footwear,$60.00 ,800,"$480,000 ","$216,000 ",45%,In-store
,West Gear,1185732,10/10/21,Northeast,New York,Albany,Men's Athletic Footwear,$50.00 ,625,"$312,500 ","$109,375 ",35%,In-store
,West Gear,1185732,10/10/21,Northeast,New York,Albany,Women's Street Footwear,$50.00 ,525,"$262,500 ","$65,625 ",25%,In-store
,West Gear,1185732,10/10/21,Northeast,New York,Albany,Women's Athletic Footwear,$50.00 ,500,"$250,000 ","$75,000 ",30%,In-store
,West Gear,1185732,10/10/21,Northeast,New York,Albany,Men's Apparel,$60.00 ,500,"$300,000 ","$105,000 ",35%,In-store
,West Gear,1185732,10/10/21,Northeast,New York,Albany,Women's Apparel,$65.00 ,625,"$406,250 ","$203,125 ",50%,In-store
,West Gear,1185732,11/9/21,Northeast,New York,Albany,Men's Street Footwear,$60.00 ,775,"$465,000 ","$209,250 ",45%,In-store
,West Gear,1185732,11/9/21,Northeast,New York,Albany,Men's Athletic Footwear,$50.00 ,600,"$300,000 ","$105,000 ",35%,In-store
,West Gear,1185732,11/9/21,Northeast,New York,Albany,Women's Street Footwear,$50.00 ,545,"$272,500 ","$68,125 ",25%,In-store
,West Gear,1185732,11/9/21,Northeast,New York,Albany,Women's Athletic Footwear,$50.00 ,575,"$287,500 ","$86,250 ",30%,In-store
,West Gear,1185732,11/9/21,Northeast,New York,Albany,Men's Apparel,$65.00 ,550,"$357,500 ","$125,125 ",35%,In-store
,West Gear,1185732,11/9/21,Northeast,New York,Albany,Women's Apparel,$70.00 ,650,"$455,000 ","$227,500 ",50%,In-store
,West Gear,1185732,12/8/21,Northeast,New York,Albany,Men's Street Footwear,$65.00 ,875,"$568,750 ","$255,938 ",45%,In-store
,West Gear,1185732,12/8/21,Northeast,New York,Albany,Men's Athletic Footwear,$55.00 ,675,"$371,250 ","$129,938 ",35%,In-store
,Kohl's,1185732,12/8/21,Northeast,New York,Albany,Women's Street Footwear,$55.00 ,625,"$343,750 ","$85,938 ",25%,In-store
,Kohl's,1185732,12/8/21,Northeast,New York,Albany,Women's Athletic Footwear,$55.00 ,575,"$316,250 ","$94,875 ",30%,In-store
,Kohl's,1185732,12/8/21,Northeast,New York,Albany,Men's Apparel,$65.00 ,575,"$373,750 ","$130,813 ",35%,In-store
,Kohl's,1185732,12/8/21,Northeast,New York,Albany,Women's Apparel,$70.00 ,675,"$472,500 ","$236,250 ",50%,In-store
,Kohl's,1185732,1/14/21,Northeast,New York,Albany,Men's Street Footwear,$40.00 ,800,"$320,000 ","$160,000 ",50%,In-store
,Kohl's,1185732,1/14/21,Northeast,New York,Albany,Men's Athletic Footwear,$40.00 ,600,"$240,000 ","$72,000 ",30%,In-store
,Kohl's,1185732,1/14/21,Northeast,New York,Albany,Women's Street Footwear,$30.00 ,600,"$180,000 ","$63,000 ",35%,In-store
,Kohl's,1185732,1/14/21,Northeast,New York,Albany,Women's Athletic Footwear,$35.00 ,450,"$157,500 ","$55,125 ",35%,In-store
,Kohl's,1185732,1/14/21,Northeast,New York,Albany,Men's Apparel,$50.00 ,500,"$250,000 ","$75,000 ",30%,In-store
,Kohl's,1185732,1/14/21,Northeast,New York,Albany,Women's Apparel,$40.00 ,600,"$240,000 ","$60,000 ",25%,In-store
,Kohl's,1185732,2/12/21,Northeast,New York,Albany,Men's Street Footwear,$40.00 ,850,"$340,000 ","$170,000 ",50%,In-store
,Kohl's,1185732,2/12/21,Northeast,New York,Albany,Men's Athletic Footwear,$40.00 ,500,"$200,000 ","$60,000 ",30%,In-store
,Kohl's,1185732,2/12/21,Northeast,New York,Albany,Women's Street Footwear,$30.00 ,550,"$165,000 ","$57,750 ",35%,In-store
,Kohl's,1185732,2/12/21,West,Wyoming,Cheyenne,Women's Athletic Footwear,$35.00 ,425,"$148,750 ","$52,063 ",35%,In-store
,Kohl's,1185732,2/12/21,West,Wyoming,Cheyenne,Men's Apparel,$50.00 ,500,"$250,000 ","$75,000 ",30%,In-store
,Kohl's,1185732,2/12/21,West,Wyoming,Cheyenne,Women's Apparel,$40.00 ,600,"$240,000 ","$60,000 ",25%,In-store
,Kohl's,1185732,3/10/21,West,Wyoming,Cheyenne,Men's Street Footwear,$40.00 ,820,"$328,000 ","$164,000 ",50%,In-store
,Kohl's,1185732,3/10/21,West,Wyoming,Cheyenne,Men's Athletic Footwear,$40.00 ,525,"$210,000 ","$63,000 ",30%,In-store
,Kohl's,1185732,3/10/21,West,Wyoming,Cheyenne,Women's Street Footwear,$30.00 ,550,"$165,000 ","$57,750 ",35%,In-store
,Kohl's,1185732,3/10/21,West,Wyoming,Cheyenne,Women's Athletic Footwear,$35.00 ,400,"$140,000 ","$49,000 ",35%,In-store
,Kohl's,1185732,3/10/21,West,Wyoming,Cheyenne,Men's Apparel,$50.00 ,450,"$225,000 ","$67,500 ",30%,In-store
,Kohl's,1185732,3/10/21,West,Wyoming,Cheyenne,Women's Apparel,$40.00 ,550,"$220,000 ","$55,000 ",25%,In-store
,Kohl's,1185732,4/11/21,West,Wyoming,Cheyenne,Men's Street Footwear,$40.00 ,800,"$320,000 ","$160,000 ",50%,In-store
,Kohl's,1185732,4/11/21,West,Wyoming,Cheyenne,Men's Athletic Footwear,$40.00 ,500,"$200,000 ","$60,000 ",30%,In-store
,Kohl's,1185732,4/11/21,West,Wyoming,Cheyenne,Women's Street Footwear,$30.00 ,500,"$150,000 ","$52,500 ",35%,In-store
,Kohl's,1185732,4/11/21,West,Wyoming,Cheyenne,Women's Athletic Footwear,$35.00 ,425,"$148,750 ","$52,063 ",35%,In-store
,Kohl's,1185732,4/11/21,West,Wyoming,Cheyenne,Men's Apparel,$50.00 ,425,"$212,500 ","$63,750 ",30%,In-store
,Kohl's,1185732,4/11/21,West,Wyoming,Cheyenne,Women's Apparel,$40.00 ,550,"$220,000 ","$55,000 ",25%,In-store
,Kohl's,1185732,5/10/21,West,Wyoming,Cheyenne,Men's Street Footwear,$50.00 ,820,"$410,000 ","$205,000 ",50%,In-store
,Kohl's,1185732,5/10/21,West,Wyoming,Cheyenne,Men's Athletic Footwear,$45.00 ,525,"$236,250 ","$70,875 ",30%,In-store
,Kohl's,1185732,5/10/21,West,Wyoming,Cheyenne,Women's Street Footwear,$40.00 ,500,"$200,000 ","$70,000 ",35%,In-store
,Kohl's,1185732,5/10/21,West,Wyoming,Cheyenne,Women's Athletic Footwear,$40.00 ,450,"$180,000 ","$63,000 ",35%,In-store
,Kohl's,1185732,5/10/21,West,Wyoming,Cheyenne,Men's Apparel,$50.00 ,475,"$237,500 ","$71,250 ",30%,In-store
,Kohl's,1185732,5/10/21,West,Wyoming,Cheyenne,Women's Apparel,$55.00 ,600,"$330,000 ","$82,500 ",25%,In-store
,Kohl's,1185732,6/12/21,West,Wyoming,Cheyenne,Men's Street Footwear,$50.00 ,850,"$425,000 ","$212,500 ",50%,In-store
,Kohl's,1185732,6/12/21,West,Wyoming,Cheyenne,Men's Athletic Footwear,$45.00 ,600,"$270,000 ","$81,000 ",30%,In-store
,Kohl's,1185732,6/12/21,West,Wyoming,Cheyenne,Women's Street Footwear,$40.00 ,525,"$210,000 ","$73,500 ",35%,In-store
,Kohl's,1185732,6/12/21,West,Wyoming,Cheyenne,Women's Athletic Footwear,$40.00 ,500,"$200,000 ","$70,000 ",35%,In-store
,Kohl's,1185732,6/12/21,West,Wyoming,Cheyenne,Men's Apparel,$50.00 ,500,"$250,000 ","$75,000 ",30%,In-store
,Kohl's,1185732,6/12/21,West,Wyoming,Cheyenne,Women's Apparel,$55.00 ,650,"$357,500 ","$89,375 ",25%,In-store
,Kohl's,1185732,7/10/21,West,Wyoming,Cheyenne,Men's Street Footwear,$50.00 ,875,"$437,500 ","$218,750 ",50%,In-store
,Kohl's,1185732,7/10/21,West,Wyoming,Cheyenne,Men's Athletic Footwear,$45.00 ,625,"$281,250 ","$84,375 ",30%,In-store
,Kohl's,1185732,7/10/21,West,Wyoming,Cheyenne,Women's Street Footwear,$40.00 ,550,"$220,000 ","$77,000 ",35%,In-store
,Kohl's,1185732,7/10/21,West,Wyoming,Cheyenne,Women's Athletic Footwear,$40.00 ,500,"$200,000 ","$70,000 ",35%,In-store
,Kohl's,1185732,7/10/21,West,Wyoming,Cheyenne,Men's Apparel,$50.00 ,525,"$262,500 ","$78,750 ",30%,In-store
,Kohl's,1185732,7/10/21,West,Wyoming,Cheyenne,Women's Apparel,$55.00 ,700,"$385,000 ","$96,250 ",25%,In-store
,Kohl's,1185732,8/11/21,West,Wyoming,Cheyenne,Men's Street Footwear,$50.00 ,850,"$425,000 ","$212,500 ",50%,In-store
,Kohl's,1185732,8/11/21,West,Wyoming,Cheyenne,Men's Athletic Footwear,$45.00 ,625,"$281,250 ","$84,375 ",30%,In-store
,Kohl's,1185732,8/11/21,West,Wyoming,Cheyenne,Women's Street Footwear,$40.00 ,550,"$220,000 ","$77,000 ",35%,In-store
,Kohl's,1185732,8/11/21,West,Wyoming,Cheyenne,Women's Athletic Footwear,$40.00 ,525,"$210,000 ","$73,500 ",35%,In-store
,Kohl's,1185732,8/11/21,West,Wyoming,Cheyenne,Men's Apparel,$50.00 ,500,"$250,000 ","$75,000 ",30%,In-store
,Kohl's,1185732,8/11/21,West,Wyoming,Cheyenne,Women's Apparel,$55.00 ,675,"$371,250 ","$92,813 ",25%,In-store
,Kohl's,1185732,9/10/21,West,Wyoming,Cheyenne,Men's Street Footwear,$50.00 ,800,"$400,000 ","$200,000 ",50%,In-store
,Kohl's,1185732,9/10/21,West,Wyoming,Cheyenne,Men's Athletic Footwear,$45.00 ,600,"$270,000 ","$81,000 ",30%,In-store
,Kohl's,1185732,9/10/21,West,Wyoming,Cheyenne,Women's Street Footwear,$40.00 ,525,"$210,000 ","$73,500 ",35%,In-store
,Kohl's,1185732,9/10/21,West,Wyoming,Cheyenne,Women's Athletic Footwear,$40.00 ,500,"$200,000 ","$70,000 ",35%,In-store
,Kohl's,1185732,9/10/21,West,Wyoming,Cheyenne,Men's Apparel,$50.00 ,500,"$250,000 ","$75,000 ",30%,In-store
,Kohl's,1185732,9/10/21,West,Wyoming,Cheyenne,Women's Apparel,$55.00 ,600,"$330,000 ","$82,500 ",25%,In-store
,Kohl's,1185732,10/12/21,West,Wyoming,Cheyenne,Men's Street Footwear,$55.00 ,775,"$426,250 ","$213,125 ",50%,In-store
,Kohl's,1185732,10/12/21,West,Wyoming,Cheyenne,Men's Athletic Footwear,$45.00 ,600,"$270,000 ","$81,000 ",30%,In-store
,Kohl's,1185732,10/12/21,West,Wyoming,Cheyenne,Women's Street Footwear,$45.00 ,500,"$225,000 ","$78,750 ",35%,In-store
,Kohl's,1185732,10/12/21,West,Wyoming,Cheyenne,Women's Athletic Footwear,$45.00 ,475,"$213,750 ","$74,813 ",35%,In-store
,Kohl's,1185732,10/12/21,West,Wyoming,Cheyenne,Men's Apparel,$55.00 ,475,"$261,250 ","$78,375 ",30%,In-store
,Kohl's,1185732,10/12/21,West,Wyoming,Cheyenne,Women's Apparel,$60.00 ,600,"$360,000 ","$90,000 ",25%,In-store
,Kohl's,1185732,11/11/21,West,Wyoming,Cheyenne,Men's Street Footwear,$55.00 ,750,"$412,500 ","$206,250 ",50%,In-store
,Kohl's,1185732,11/11/21,West,Wyoming,Cheyenne,Men's Athletic Footwear,$45.00 ,575,"$258,750 ","$77,625 ",30%,In-store
,Kohl's,1185732,11/11/21,West,Wyoming,Cheyenne,Women's Street Footwear,$45.00 ,520,"$234,000 ","$81,900 ",35%,In-store
,Kohl's,1185732,11/11/21,West,Wyoming,Cheyenne,Women's Athletic Footwear,$45.00 ,500,"$225,000 ","$78,750 ",35%,In-store
,Kohl's,1185732,11/11/21,West,Wyoming,Cheyenne,Men's Apparel,$55.00 ,475,"$261,250 ","$78,375 ",30%,In-store
,Kohl's,1185732,11/11/21,West,Wyoming,Cheyenne,Women's Apparel,$60.00 ,575,"$345,000 ","$86,250 ",25%,In-store
,Kohl's,1185732,12/10/21,West,Wyoming,Cheyenne,Men's Street Footwear,$55.00 ,800,"$440,000 ","$220,000 ",50%,In-store
,Kohl's,1185732,12/10/21,West,Wyoming,Cheyenne,Men's Athletic Footwear,$45.00 ,600,"$270,000 ","$81,000 ",30%,In-store
,Foot Locker,1185732,12/10/21,West,Wyoming,Cheyenne,Women's Street Footwear,$45.00 ,550,"$247,500 ","$86,625 ",35%,In-store
,Foot Locker,1185732,12/10/21,West,Wyoming,Cheyenne,Women's Athletic Footwear,$45.00 ,500,"$225,000 ","$78,750 ",35%,In-store
,Foot Locker,1185732,12/10/21,West,Wyoming,Cheyenne,Men's Apparel,$55.00 ,500,"$275,000 ","$82,500 ",30%,In-store
,Foot Locker,1185732,12/10/21,West,Wyoming,Cheyenne,Women's Apparel,$60.00 ,600,"$360,000 ","$90,000 ",25%,In-store
,Foot Locker,1128299,1/24/21,West,Wyoming,Cheyenne,Men's Street Footwear,$30.00 ,350,"$105,000 ","$36,750 ",35%,In-store
,Foot Locker,1128299,1/24/21,West,Wyoming,Cheyenne,Men's Athletic Footwear,$40.00 ,350,"$140,000 ","$49,000 ",35%,In-store
,Foot Locker,1128299,1/24/21,West,Wyoming,Cheyenne,Women's Street Footwear,$40.00 ,350,"$140,000 ","$49,000 ",35%,In-store
,Foot Locker,1128299,1/24/21,West,Wyoming,Cheyenne,Women's Athletic Footwear,$40.00 ,200,"$80,000 ","$28,000 ",35%,In-store
,Foot Locker,1128299,1/24/21,West,Wyoming,Cheyenne,Men's Apparel,$45.00 ,150,"$67,500 ","$27,000 ",40%,In-store
,Foot Locker,1128299,1/24/21,West,Wyoming,Cheyenne,Women's Apparel,$40.00 ,400,"$160,000 ","$48,000 ",30%,In-store
,Foot Locker,1128299,2/24/21,West,Wyoming,Cheyenne,Men's Street Footwear,$30.00 ,450,"$135,000 ","$47,250 ",35%,In-store
,Foot Locker,1128299,2/24/21,West,Wyoming,Cheyenne,Men's Athletic Footwear,$40.00 ,350,"$140,000 ","$49,000 ",35%,In-store
,Foot Locker,1128299,2/24/21,West,Wyoming,Cheyenne,Women's Street Footwear,$40.00 ,350,"$140,000 ","$49,000 ",35%,In-store
,Foot Locker,1128299,2/24/21,Southeast,Virginia,Richmond,Women's Athletic Footwear,$40.00 ,200,"$80,000 ","$28,000 ",35%,In-store
,Foot Locker,1128299,2/24/21,Southeast,Virginia,Richmond,Men's Apparel,$45.00 ,125,"$56,250 ","$22,500 ",40%,In-store
,Foot Locker,1128299,2/24/21,Southeast,Virginia,Richmond,Women's Apparel,$40.00 ,325,"$130,000 ","$39,000 ",30%,In-store
,Foot Locker,1128299,3/23/21,Southeast,Virginia,Richmond,Men's Street Footwear,$40.00 ,475,"$190,000 ","$66,500 ",35%,In-store
,Foot Locker,1128299,3/23/21,Southeast,Virginia,Richmond,Men's Athletic Footwear,$50.00 ,325,"$162,500 ","$56,875 ",35%,In-store
,Foot Locker,1128299,3/23/21,Southeast,Virginia,Richmond,Women's Street Footwear,$55.00 ,350,"$192,500 ","$67,375 ",35%,In-store
,Foot Locker,1128299,3/23/21,Southeast,Virginia,Richmond,Women's Athletic Footwear,$50.00 ,250,"$125,000 ","$43,750 ",35%,In-store
,Foot Locker,1128299,3/23/21,Southeast,Virginia,Richmond,Men's Apparel,$55.00 ,100,"$55,000 ","$22,000 ",40%,In-store
,Foot Locker,1128299,3/23/21,Southeast,Virginia,Richmond,Women's Apparel,$50.00 ,300,"$150,000 ","$45,000 ",30%,In-store
,Foot Locker,1128299,4/24/21,Southeast,Virginia,Richmond,Men's Street Footwear,$55.00 ,475,"$261,250 ","$91,438 ",35%,In-store
,Foot Locker,1128299,4/24/21,Southeast,Virginia,Richmond,Men's Athletic Footwear,$60.00 ,275,"$165,000 ","$57,750 ",35%,In-store
,Foot Locker,1128299,4/24/21,Southeast,Virginia,Richmond,Women's Street Footwear,$60.00 ,325,"$195,000 ","$68,250 ",35%,In-store
,Foot Locker,1128299,4/24/21,Southeast,Virginia,Richmond,Women's Athletic Footwear,$45.00 ,225,"$101,250 ","$35,438 ",35%,In-store
,Foot Locker,1128299,4/24/21,Southeast,Virginia,Richmond,Men's Apparel,$50.00 ,125,"$62,500 ","$25,000 ",40%,In-store
,Foot Locker,1128299,4/24/21,Southeast,Virginia,Richmond,Women's Apparel,$65.00 ,300,"$195,000 ","$58,500 ",30%,In-store
,Foot Locker,1128299,5/25/21,Southeast,Virginia,Richmond,Men's Street Footwear,$50.00 ,500,"$250,000 ","$87,500 ",35%,In-store
,Foot Locker,1128299,5/25/21,Southeast,Virginia,Richmond,Men's Athletic Footwear,$55.00 ,350,"$192,500 ","$67,375 ",35%,In-store
,Foot Locker,1128299,5/25/21,Southeast,Virginia,Richmond,Women's Street Footwear,$55.00 ,350,"$192,500 ","$67,375 ",35%,In-store
,Foot Locker,1128299,5/25/21,Southeast,Virginia,Richmond,Women's Athletic Footwear,$50.00 ,275,"$137,500 ","$48,125 ",35%,In-store
,Foot Locker,1128299,5/25/21,Southeast,Virginia,Richmond,Men's Apparel,$45.00 ,175,"$78,750 ","$31,500 ",40%,In-store
,Foot Locker,1128299,5/25/21,Southeast,Virginia,Richmond,Women's Apparel,$60.00 ,525,"$315,000 ","$94,500 ",30%,In-store
,Foot Locker,1128299,6/24/21,Southeast,Virginia,Richmond,Men's Street Footwear,$55.00 ,775,"$426,250 ","$149,188 ",35%,In-store
,Foot Locker,1128299,6/24/21,Southeast,Virginia,Richmond,Men's Athletic Footwear,$65.00 ,650,"$422,500 ","$147,875 ",35%,In-store
,Foot Locker,1128299,6/24/21,Southeast,Virginia,Richmond,Women's Street Footwear,$80.00 ,650,"$520,000 ","$182,000 ",35%,In-store
,Foot Locker,1128299,6/24/21,Southeast,Virginia,Richmond,Women's Athletic Footwear,$80.00 ,525,"$420,000 ","$147,000 ",35%,In-store
,Foot Locker,1128299,6/24/21,Southeast,Virginia,Richmond,Men's Apparel,$90.00 ,400,"$360,000 ","$144,000 ",40%,In-store
,Foot Locker,1128299,6/24/21,Southeast,Virginia,Richmond,Women's Apparel,$105.00 ,700,"$735,000 ","$220,500 ",30%,In-store
,Foot Locker,1128299,7/23/21,Southeast,Virginia,Richmond,Men's Street Footwear,$85.00 ,850,"$722,500 ","$252,875 ",35%,In-store
,Foot Locker,1128299,7/23/21,Southeast,Virginia,Richmond,Men's Athletic Footwear,$90.00 ,700,"$630,000 ","$220,500 ",35%,In-store
,Foot Locker,1128299,7/23/21,Southeast,Virginia,Richmond,Women's Street Footwear,$90.00 ,650,"$585,000 ","$204,750 ",35%,In-store
,Foot Locker,1128299,7/23/21,Southeast,Virginia,Richmond,Women's Athletic Footwear,$85.00 ,550,"$467,500 ","$163,625 ",35%,In-store
,Foot Locker,1128299,7/23/21,Southeast,Virginia,Richmond,Men's Apparel,$90.00 ,600,"$540,000 ","$216,000 ",40%,In-store
,Foot Locker,1128299,7/23/21,Southeast,Virginia,Richmond,Women's Apparel,$105.00 ,600,"$630,000 ","$189,000 ",30%,In-store
,Foot Locker,1128299,8/24/21,Southeast,Virginia,Richmond,Men's Street Footwear,$90.00 ,800,"$720,000 ","$252,000 ",35%,In-store
,Foot Locker,1128299,8/24/21,Southeast,Virginia,Richmond,Men's Athletic Footwear,$80.00 ,775,"$620,000 ","$217,000 ",35%,In-store
,Foot Locker,1128299,8/24/21,Southeast,Virginia,Richmond,Women's Street Footwear,$70.00 ,650,"$455,000 ","$159,250 ",35%,In-store
,Foot Locker,1128299,8/24/21,Southeast,Virginia,Richmond,Women's Athletic Footwear,$70.00 ,425,"$297,500 ","$104,125 ",35%,In-store
,Foot Locker,1128299,8/24/21,Southeast,Virginia,Richmond,Men's Apparel,$70.00 ,425,"$297,500 ","$119,000 ",40%,In-store
,Foot Locker,1128299,8/24/21,Southeast,Virginia,Richmond,Women's Apparel,$75.00 ,250,"$187,500 ","$56,250 ",30%,In-store
,Foot Locker,1128299,9/25/21,Southeast,Virginia,Richmond,Men's Street Footwear,$50.00 ,450,"$225,000 ","$78,750 ",35%,In-store
,Foot Locker,1128299,9/25/21,Southeast,Virginia,Richmond,Men's Athletic Footwear,$55.00 ,450,"$247,500 ","$86,625 ",35%,In-store
,Foot Locker,1128299,9/25/21,Southeast,Virginia,Richmond,Women's Street Footwear,$50.00 ,250,"$125,000 ","$43,750 ",35%,In-store
,Foot Locker,1128299,9/25/21,Southeast,Virginia,Richmond,Women's Athletic Footwear,$50.00 ,200,"$100,000 ","$35,000 ",35%,In-store
,Foot Locker,1128299,9/25/21,Southeast,Virginia,Richmond,Men's Apparel,$60.00 ,225,"$135,000 ","$54,000 ",40%,In-store
,Foot Locker,1128299,9/25/21,Southeast,Virginia,Richmond,Women's Apparel,$45.00 ,250,"$112,500 ","$33,750 ",30%,In-store
,Foot Locker,1128299,10/24/21,Southeast,Virginia,Richmond,Men's Street Footwear,$40.00 ,350,"$140,000 ","$49,000 ",35%,In-store
,Foot Locker,1128299,10/24/21,Southeast,Virginia,Richmond,Men's Athletic Footwear,$55.00 ,525,"$288,750 ","$101,063 ",35%,In-store
,Foot Locker,1128299,10/24/21,Southeast,Virginia,Richmond,Women's Street Footwear,$50.00 ,350,"$175,000 ","$61,250 ",35%,In-store
,Foot Locker,1128299,10/24/21,Southeast,Virginia,Richmond,Women's Athletic Footwear,$45.00 ,325,"$146,250 ","$51,188 ",35%,In-store
,Foot Locker,1128299,10/24/21,Southeast,Virginia,Richmond,Men's Apparel,$55.00 ,300,"$165,000 ","$66,000 ",40%,In-store
,Foot Locker,1128299,10/24/21,Southeast,Virginia,Richmond,Women's Apparel,$60.00 ,350,"$210,000 ","$63,000 ",30%,In-store
,Foot Locker,1128299,11/24/21,Southeast,Virginia,Richmond,Men's Street Footwear,$45.00 ,575,"$258,750 ","$90,563 ",35%,In-store
,Foot Locker,1128299,11/24/21,Southeast,Virginia,Richmond,Men's Athletic Footwear,$50.00 ,650,"$325,000 ","$113,750 ",35%,In-store
,Foot Locker,1128299,11/24/21,Southeast,Virginia,Richmond,Women's Street Footwear,$45.00 ,475,"$213,750 ","$74,813 ",35%,In-store
,Foot Locker,1128299,11/24/21,Southeast,Virginia,Richmond,Women's Athletic Footwear,$55.00 ,450,"$247,500 ","$86,625 ",35%,In-store
,Foot Locker,1128299,11/24/21,Southeast,Virginia,Richmond,Men's Apparel,$75.00 ,425,"$318,750 ","$127,500 ",40%,In-store
,Foot Locker,1128299,11/24/21,Southeast,Virginia,Richmond,Women's Apparel,$80.00 ,550,"$440,000 ","$132,000 ",30%,In-store
,Foot Locker,1128299,12/23/21,Southeast,Virginia,Richmond,Men's Street Footwear,$65.00 ,750,"$487,500 ","$170,625 ",35%,In-store
,Foot Locker,1128299,12/23/21,Southeast,Virginia,Richmond,Men's Athletic Footwear,$75.00 ,750,"$562,500 ","$196,875 ",35%,In-store
,Sports Direct,1128299,12/23/21,Southeast,Virginia,Richmond,Women's Street Footwear,$70.00 ,550,"$385,000 ","$134,750 ",35%,In-store
,Sports Direct,1128299,12/23/21,Southeast,Virginia,Richmond,Women's Athletic Footwear,$70.00 ,550,"$385,000 ","$134,750 ",35%,In-store
,Sports Direct,1128299,12/23/21,Southeast,Virginia,Richmond,Men's Apparel,$80.00 ,475,"$380,000 ","$152,000 ",40%,In-store
,Sports Direct,1128299,12/23/21,Southeast,Virginia,Richmond,Women's Apparel,$85.00 ,575,"$488,750 ","$146,625 ",30%,In-store
,Sports Direct,1185732,1/19/21,Southeast,Virginia,Richmond,Men's Street Footwear,$35.00 ,750,"$262,500 ","$131,250 ",50%,In-store
,Sports Direct,1185732,1/19/21,Southeast,Virginia,Richmond,Men's Athletic Footwear,$35.00 ,550,"$192,500 ","$77,000 ",40%,In-store
,Sports Direct,1185732,1/19/21,Southeast,Virginia,Richmond,Women's Street Footwear,$25.00 ,550,"$137,500 ","$41,250 ",30%,In-store
,Sports Direct,1185732,1/19/21,Southeast,Virginia,Richmond,Women's Athletic Footwear,$30.00 ,400,"$120,000 ","$42,000 ",35%,In-store
,Sports Direct,1185732,1/19/21,Southeast,Virginia,Richmond,Men's Apparel,$45.00 ,450,"$202,500 ","$81,000 ",40%,In-store
,Sports Direct,1185732,1/19/21,Southeast,Virginia,Richmond,Women's Apparel,$35.00 ,550,"$192,500 ","$105,875 ",55%,In-store
,Sports Direct,1185732,2/17/21,Southeast,Virginia,Richmond,Men's Street Footwear,$35.00 ,800,"$280,000 ","$140,000 ",50%,In-store
,Sports Direct,1185732,2/17/21,Southeast,Virginia,Richmond,Men's Athletic Footwear,$35.00 ,450,"$157,500 ","$63,000 ",40%,In-store
,Sports Direct,1185732,2/17/21,Southeast,Virginia,Richmond,Women's Street Footwear,$25.00 ,500,"$125,000 ","$37,500 ",30%,In-store
,Sports Direct,1185732,2/17/21,Midwest,Michigan,Detroit,Women's Athletic Footwear,$30.00 ,375,"$112,500 ","$39,375 ",35%,In-store
,Sports Direct,1185732,2/17/21,Midwest,Michigan,Detroit,Men's Apparel,$45.00 ,450,"$202,500 ","$81,000 ",40%,In-store
,Sports Direct,1185732,2/17/21,Midwest,Michigan,Detroit,Women's Apparel,$35.00 ,550,"$192,500 ","$105,875 ",55%,In-store
,Sports Direct,1185732,3/15/21,Midwest,Michigan,Detroit,Men's Street Footwear,$35.00 ,770,"$269,500 ","$134,750 ",50%,In-store
,Sports Direct,1185732,3/15/21,Midwest,Michigan,Detroit,Men's Athletic Footwear,$35.00 ,450,"$157,500 ","$63,000 ",40%,In-store
,Sports Direct,1185732,3/15/21,Midwest,Michigan,Detroit,Women's Street Footwear,$25.00 ,475,"$118,750 ","$35,625 ",30%,In-store
,Sports Direct,1185732,3/15/21,Midwest,Michigan,Detroit,Women's Athletic Footwear,$30.00 ,325,"$97,500 ","$34,125 ",35%,In-store
,Sports Direct,1185732,3/15/21,Midwest,Michigan,Detroit,Men's Apparel,$45.00 ,375,"$168,750 ","$67,500 ",40%,In-store
,Sports Direct,1185732,3/15/21,Midwest,Michigan,Detroit,Women's Apparel,$35.00 ,475,"$166,250 ","$91,438 ",55%,In-store
,Sports Direct,1185732,4/16/21,Midwest,Michigan,Detroit,Men's Street Footwear,$35.00 ,725,"$253,750 ","$126,875 ",50%,In-store
,Sports Direct,1185732,4/16/21,Midwest,Michigan,Detroit,Men's Athletic Footwear,$40.00 ,425,"$170,000 ","$68,000 ",40%,In-store
,Sports Direct,1185732,4/16/21,Midwest,Michigan,Detroit,Women's Street Footwear,$30.00 ,450,"$135,000 ","$40,500 ",30%,In-store
,Sports Direct,1185732,4/16/21,Midwest,Michigan,Detroit,Women's Athletic Footwear,$35.00 ,375,"$131,250 ","$45,938 ",35%,In-store
,Sports Direct,1185732,4/16/21,Midwest,Michigan,Detroit,Men's Apparel,$50.00 ,400,"$200,000 ","$80,000 ",40%,In-store
,Sports Direct,1185732,4/16/21,Midwest,Michigan,Detroit,Women's Apparel,$40.00 ,525,"$210,000 ","$115,500 ",55%,In-store
,Sports Direct,1185732,5/15/21,Midwest,Michigan,Detroit,Men's Street Footwear,$50.00 ,795,"$397,500 ","$198,750 ",50%,In-store
,Sports Direct,1185732,5/15/21,Midwest,Michigan,Detroit,Men's Athletic Footwear,$50.00 ,500,"$250,000 ","$100,000 ",40%,In-store
,Sports Direct,1185732,5/15/21,Midwest,Michigan,Detroit,Women's Street Footwear,$45.00 ,475,"$213,750 ","$64,125 ",30%,In-store
,Sports Direct,1185732,5/15/21,Midwest,Michigan,Detroit,Women's Athletic Footwear,$45.00 ,450,"$202,500 ","$70,875 ",35%,In-store
,Sports Direct,1185732,5/15/21,Midwest,Michigan,Detroit,Men's Apparel,$55.00 ,475,"$261,250 ","$104,500 ",40%,In-store
,Sports Direct,1185732,5/15/21,Midwest,Michigan,Detroit,Women's Apparel,$60.00 ,575,"$345,000 ","$189,750 ",55%,In-store
,Sports Direct,1185732,6/17/21,Midwest,Michigan,Detroit,Men's Street Footwear,$55.00 ,825,"$453,750 ","$226,875 ",50%,In-store
,Sports Direct,1185732,6/17/21,Midwest,Michigan,Detroit,Men's Athletic Footwear,$50.00 ,575,"$287,500 ","$115,000 ",40%,In-store
,Sports Direct,1185732,6/17/21,Midwest,Michigan,Detroit,Women's Street Footwear,$45.00 ,550,"$247,500 ","$74,250 ",30%,In-store
,Sports Direct,1185732,6/17/21,Midwest,Michigan,Detroit,Women's Athletic Footwear,$45.00 ,525,"$236,250 ","$82,688 ",35%,In-store
,Sports Direct,1185732,6/17/21,Midwest,Michigan,Detroit,Men's Apparel,$60.00 ,525,"$315,000 ","$126,000 ",40%,In-store
,Sports Direct,1185732,6/17/21,Midwest,Michigan,Detroit,Women's Apparel,$65.00 ,675,"$438,750 ","$241,313 ",55%,In-store
,Sports Direct,1185732,7/15/21,Midwest,Michigan,Detroit,Men's Street Footwear,$60.00 ,900,"$540,000 ","$270,000 ",50%,In-store
,Sports Direct,1185732,7/15/21,Midwest,Michigan,Detroit,Men's Athletic Footwear,$55.00 ,650,"$357,500 ","$143,000 ",40%,In-store
,Sports Direct,1185732,7/15/21,Midwest,Michigan,Detroit,Women's Street Footwear,$50.00 ,575,"$287,500 ","$86,250 ",30%,In-store
,Sports Direct,1185732,7/15/21,Midwest,Michigan,Detroit,Women's Athletic Footwear,$50.00 ,525,"$262,500 ","$91,875 ",35%,In-store
,Sports Direct,1185732,7/15/21,Midwest,Michigan,Detroit,Men's Apparel,$60.00 ,550,"$330,000 ","$132,000 ",40%,In-store
,Sports Direct,1185732,7/15/21,Midwest,Michigan,Detroit,Women's Apparel,$65.00 ,725,"$471,250 ","$259,188 ",55%,In-store
,Sports Direct,1185732,8/16/21,Midwest,Michigan,Detroit,Men's Street Footwear,$60.00 ,875,"$525,000 ","$262,500 ",50%,In-store
,Sports Direct,1185732,8/16/21,Midwest,Michigan,Detroit,Men's Athletic Footwear,$55.00 ,650,"$357,500 ","$143,000 ",40%,In-store
,Sports Direct,1185732,8/16/21,Midwest,Michigan,Detroit,Women's Street Footwear,$45.00 ,575,"$258,750 ","$77,625 ",30%,In-store
,Sports Direct,1185732,8/16/21,Midwest,Michigan,Detroit,Women's Athletic Footwear,$35.00 ,525,"$183,750 ","$64,313 ",35%,In-store
,Sports Direct,1185732,8/16/21,Midwest,Michigan,Detroit,Men's Apparel,$45.00 ,500,"$225,000 ","$90,000 ",40%,In-store
,Sports Direct,1185732,8/16/21,Midwest,Michigan,Detroit,Women's Apparel,$50.00 ,675,"$337,500 ","$185,625 ",55%,In-store
,Sports Direct,1185732,9/15/21,Midwest,Michigan,Detroit,Men's Street Footwear,$45.00 ,800,"$360,000 ","$180,000 ",50%,In-store
,Sports Direct,1185732,9/15/21,Midwest,Michigan,Detroit,Men's Athletic Footwear,$40.00 ,600,"$240,000 ","$96,000 ",40%,In-store
,Sports Direct,1185732,9/15/21,Midwest,Michigan,Detroit,Women's Street Footwear,$35.00 ,500,"$175,000 ","$52,500 ",30%,In-store
,Sports Direct,1185732,9/15/21,Midwest,Michigan,Detroit,Women's Athletic Footwear,$35.00 ,475,"$166,250 ","$58,188 ",35%,In-store
,Sports Direct,1185732,9/15/21,Midwest,Michigan,Detroit,Men's Apparel,$45.00 ,475,"$213,750 ","$85,500 ",40%,In-store
,Sports Direct,1185732,9/15/21,Midwest,Michigan,Detroit,Women's Apparel,$50.00 ,575,"$287,500 ","$158,125 ",55%,In-store
,Sports Direct,1185732,10/17/21,Midwest,Michigan,Detroit,Men's Street Footwear,$50.00 ,750,"$375,000 ","$187,500 ",50%,In-store
,Sports Direct,1185732,10/17/21,Midwest,Michigan,Detroit,Men's Athletic Footwear,$40.00 ,575,"$230,000 ","$92,000 ",40%,In-store
,Sports Direct,1185732,10/17/21,Midwest,Michigan,Detroit,Women's Street Footwear,$40.00 ,425,"$170,000 ","$51,000 ",30%,In-store
,Sports Direct,1185732,10/17/21,Midwest,Michigan,Detroit,Women's Athletic Footwear,$40.00 ,400,"$160,000 ","$56,000 ",35%,In-store
,Sports Direct,1185732,10/17/21,Midwest,Michigan,Detroit,Men's Apparel,$50.00 ,400,"$200,000 ","$80,000 ",40%,In-store
,Sports Direct,1185732,10/17/21,Midwest,Michigan,Detroit,Women's Apparel,$55.00 ,525,"$288,750 ","$158,813 ",55%,In-store
,Sports Direct,1185732,11/16/21,Midwest,Michigan,Detroit,Men's Street Footwear,$50.00 ,675,"$337,500 ","$168,750 ",50%,In-store
,Sports Direct,1185732,11/16/21,Midwest,Michigan,Detroit,Men's Athletic Footwear,$45.00 ,500,"$225,000 ","$90,000 ",40%,In-store
,Sports Direct,1185732,11/16/21,Midwest,Michigan,Detroit,Women's Street Footwear,$45.00 ,445,"$200,250 ","$60,075 ",30%,In-store
,Sports Direct,1185732,11/16/21,Midwest,Michigan,Detroit,Women's Athletic Footwear,$45.00 ,475,"$213,750 ","$74,813 ",35%,In-store
,Sports Direct,1185732,11/16/21,Midwest,Michigan,Detroit,Men's Apparel,$60.00 ,450,"$270,000 ","$108,000 ",40%,In-store
,Sports Direct,1185732,11/16/21,Midwest,Michigan,Detroit,Women's Apparel,$65.00 ,625,"$406,250 ","$223,438 ",55%,In-store
,Sports Direct,1185732,12/15/21,Midwest,Michigan,Detroit,Men's Street Footwear,$60.00 ,850,"$510,000 ","$255,000 ",50%,In-store
,Sports Direct,1185732,12/15/21,Midwest,Michigan,Detroit,Men's Athletic Footwear,$50.00 ,650,"$325,000 ","$130,000 ",40%,In-store
,Foot Locker,1185732,12/15/21,Midwest,Michigan,Detroit,Women's Street Footwear,$50.00 ,600,"$300,000 ","$90,000 ",30%,In-store
,Foot Locker,1185732,12/15/21,Midwest,Michigan,Detroit,Women's Athletic Footwear,$50.00 ,550,"$275,000 ","$96,250 ",35%,In-store
,Foot Locker,1185732,12/15/21,Midwest,Michigan,Detroit,Men's Apparel,$60.00 ,550,"$330,000 ","$132,000 ",40%,In-store
,Foot Locker,1185732,12/15/21,Midwest,Michigan,Detroit,Women's Apparel,$65.00 ,650,"$422,500 ","$232,375 ",55%,In-store
,Foot Locker,1185732,1/18/21,Midwest,Michigan,Detroit,Men's Street Footwear,$30.00 ,625,"$187,500 ","$75,000 ",40%,In-store
,Foot Locker,1185732,1/18/21,Midwest,Michigan,Detroit,Men's Athletic Footwear,$30.00 ,425,"$127,500 ","$44,625 ",35%,In-store
,Foot Locker,1185732,1/18/21,Midwest,Michigan,Detroit,Women's Street Footwear,$20.00 ,425,"$85,000 ","$29,750 ",35%,In-store
,Foot Locker,1185732,1/18/21,Midwest,Michigan,Detroit,Women's Athletic Footwear,$25.00 ,275,"$68,750 ","$27,500 ",40%,In-store
,Foot Locker,1185732,1/18/21,Midwest,Michigan,Detroit,Men's Apparel,$40.00 ,325,"$130,000 ","$45,500 ",35%,In-store
,Foot Locker,1185732,1/18/21,Midwest,Michigan,Detroit,Women's Apparel,$30.00 ,425,"$127,500 ","$63,750 ",50%,In-store
,Foot Locker,1185732,2/18/21,Midwest,Michigan,Detroit,Men's Street Footwear,$30.00 ,675,"$202,500 ","$81,000 ",40%,In-store
,Foot Locker,1185732,2/18/21,Midwest,Michigan,Detroit,Men's Athletic Footwear,$30.00 ,325,"$97,500 ","$34,125 ",35%,In-store
,Foot Locker,1185732,2/18/21,Midwest,Michigan,Detroit,Women's Street Footwear,$20.00 ,375,"$75,000 ","$26,250 ",35%,In-store
,Foot Locker,1185732,2/18/21,Midwest,Missouri,St. Louis,Women's Athletic Footwear,$25.00 ,250,"$62,500 ","$25,000 ",40%,In-store
,Foot Locker,1185732,2/18/21,Midwest,Missouri,St. Louis,Men's Apparel,$40.00 ,325,"$130,000 ","$45,500 ",35%,In-store
,Foot Locker,1185732,2/18/21,Midwest,Missouri,St. Louis,Women's Apparel,$30.00 ,400,"$120,000 ","$60,000 ",50%,In-store
,Foot Locker,1185732,3/17/21,Midwest,Missouri,St. Louis,Men's Street Footwear,$35.00 ,620,"$217,000 ","$86,800 ",40%,In-store
,Foot Locker,1185732,3/17/21,Midwest,Missouri,St. Louis,Men's Athletic Footwear,$35.00 ,300,"$105,000 ","$36,750 ",35%,In-store
,Foot Locker,1185732,3/17/21,Midwest,Missouri,St. Louis,Women's Street Footwear,$25.00 ,350,"$87,500 ","$30,625 ",35%,In-store
,Foot Locker,1185732,3/17/21,Midwest,Missouri,St. Louis,Women's Athletic Footwear,$30.00 ,200,"$60,000 ","$24,000 ",40%,In-store
,Foot Locker,1185732,3/17/21,Midwest,Missouri,St. Louis,Men's Apparel,$45.00 ,250,"$112,500 ","$39,375 ",35%,In-store
,Foot Locker,1185732,3/17/21,Midwest,Missouri,St. Louis,Women's Apparel,$35.00 ,350,"$122,500 ","$61,250 ",50%,In-store
,Foot Locker,1185732,4/18/21,Midwest,Missouri,St. Louis,Men's Street Footwear,$35.00 ,575,"$201,250 ","$80,500 ",40%,In-store
,Foot Locker,1185732,4/18/21,Midwest,Missouri,St. Louis,Men's Athletic Footwear,$30.00 ,275,"$82,500 ","$28,875 ",35%,In-store
,Foot Locker,1185732,4/18/21,Midwest,Missouri,St. Louis,Women's Street Footwear,$20.00 ,275,"$55,000 ","$19,250 ",35%,In-store
,Foot Locker,1185732,4/18/21,Midwest,Missouri,St. Louis,Women's Athletic Footwear,$25.00 ,200,"$50,000 ","$20,000 ",40%,In-store
,Foot Locker,1185732,4/18/21,Midwest,Missouri,St. Louis,Men's Apparel,$40.00 ,225,"$90,000 ","$31,500 ",35%,In-store
,Foot Locker,1185732,4/18/21,Midwest,Missouri,St. Louis,Women's Apparel,$30.00 ,350,"$105,000 ","$52,500 ",50%,In-store
,Foot Locker,1185732,5/19/21,Midwest,Missouri,St. Louis,Men's Street Footwear,$40.00 ,620,"$248,000 ","$99,200 ",40%,In-store
,Foot Locker,1185732,5/19/21,Midwest,Missouri,St. Louis,Men's Athletic Footwear,$35.00 ,325,"$113,750 ","$39,813 ",35%,In-store
,Foot Locker,1185732,5/19/21,Midwest,Missouri,St. Louis,Women's Street Footwear,$30.00 ,300,"$90,000 ","$31,500 ",35%,In-store
,Foot Locker,1185732,5/19/21,Midwest,Missouri,St. Louis,Women's Athletic Footwear,$30.00 ,225,"$67,500 ","$27,000 ",40%,In-store
,Foot Locker,1185732,5/19/21,Midwest,Missouri,St. Louis,Men's Apparel,$45.00 ,250,"$112,500 ","$39,375 ",35%,In-store
,Foot Locker,1185732,5/19/21,Midwest,Missouri,St. Louis,Women's Apparel,$50.00 ,350,"$175,000 ","$87,500 ",50%,In-store
,Foot Locker,1185732,6/18/21,Midwest,Missouri,St. Louis,Men's Street Footwear,$35.00 ,600,"$210,000 ","$84,000 ",40%,In-store
,Foot Locker,1185732,6/18/21,Midwest,Missouri,St. Louis,Men's Athletic Footwear,$30.00 ,350,"$105,000 ","$36,750 ",35%,In-store
,Foot Locker,1185732,6/18/21,Midwest,Missouri,St. Louis,Women's Street Footwear,$25.00 ,375,"$93,750 ","$32,813 ",35%,In-store
,Foot Locker,1185732,6/18/21,Midwest,Missouri,St. Louis,Women's Athletic Footwear,$25.00 ,350,"$87,500 ","$35,000 ",40%,In-store
,Foot Locker,1185732,6/18/21,Midwest,Missouri,St. Louis,Men's Apparel,$40.00 ,350,"$140,000 ","$49,000 ",35%,In-store
,Foot Locker,1185732,6/18/21,Midwest,Missouri,St. Louis,Women's Apparel,$45.00 ,525,"$236,250 ","$118,125 ",50%,In-store
,Foot Locker,1185732,7/17/21,Midwest,Missouri,St. Louis,Men's Street Footwear,$40.00 ,750,"$300,000 ","$120,000 ",40%,In-store
,Foot Locker,1185732,7/17/21,Midwest,Missouri,St. Louis,Men's Athletic Footwear,$35.00 ,500,"$175,000 ","$61,250 ",35%,In-store
,Foot Locker,1185732,7/17/21,Midwest,Missouri,St. Louis,Women's Street Footwear,$30.00 ,425,"$127,500 ","$44,625 ",35%,In-store
,Foot Locker,1185732,7/17/21,Midwest,Missouri,St. Louis,Women's Athletic Footwear,$30.00 ,375,"$112,500 ","$45,000 ",40%,In-store
,Foot Locker,1185732,7/17/21,Midwest,Missouri,St. Louis,Men's Apparel,$40.00 ,375,"$150,000 ","$52,500 ",35%,In-store
,Foot Locker,1185732,7/17/21,Midwest,Missouri,St. Louis,Women's Apparel,$45.00 ,550,"$247,500 ","$123,750 ",50%,In-store
,Foot Locker,1185732,8/18/21,Midwest,Missouri,St. Louis,Men's Street Footwear,$40.00 ,700,"$280,000 ","$112,000 ",40%,In-store
,Foot Locker,1185732,8/18/21,Midwest,Missouri,St. Louis,Men's Athletic Footwear,$40.00 ,475,"$190,000 ","$66,500 ",35%,In-store
,Foot Locker,1185732,8/18/21,Midwest,Missouri,St. Louis,Women's Street Footwear,$35.00 ,400,"$140,000 ","$49,000 ",35%,In-store
,Foot Locker,1185732,8/18/21,Midwest,Missouri,St. Louis,Women's Athletic Footwear,$25.00 ,325,"$81,250 ","$32,500 ",40%,In-store
,Foot Locker,1185732,8/18/21,Midwest,Missouri,St. Louis,Men's Apparel,$35.00 ,300,"$105,000 ","$36,750 ",35%,In-store
,Foot Locker,1185732,8/18/21,Midwest,Missouri,St. Louis,Women's Apparel,$40.00 ,475,"$190,000 ","$95,000 ",50%,In-store
,Foot Locker,1185732,9/19/21,Midwest,Missouri,St. Louis,Men's Street Footwear,$35.00 ,600,"$210,000 ","$84,000 ",40%,In-store
,Foot Locker,1185732,9/19/21,Midwest,Missouri,St. Louis,Men's Athletic Footwear,$30.00 ,400,"$120,000 ","$42,000 ",35%,In-store
,Foot Locker,1185732,9/19/21,Midwest,Missouri,St. Louis,Women's Street Footwear,$15.00 ,300,"$45,000 ","$15,750 ",35%,In-store
,Foot Locker,1185732,9/19/21,Midwest,Missouri,St. Louis,Women's Athletic Footwear,$15.00 ,275,"$41,250 ","$16,500 ",40%,In-store
,Foot Locker,1185732,9/19/21,Midwest,Missouri,St. Louis,Men's Apparel,$25.00 ,275,"$68,750 ","$24,063 ",35%,In-store
,Foot Locker,1185732,9/19/21,Midwest,Missouri,St. Louis,Women's Apparel,$30.00 ,350,"$105,000 ","$52,500 ",50%,In-store
,Foot Locker,1185732,10/18/21,Midwest,Missouri,St. Louis,Men's Street Footwear,$35.00 ,525,"$183,750 ","$73,500 ",40%,In-store
,Foot Locker,1185732,10/18/21,Midwest,Missouri,St. Louis,Men's Athletic Footwear,$25.00 ,350,"$87,500 ","$30,625 ",35%,In-store
,Foot Locker,1185732,10/18/21,Midwest,Missouri,St. Louis,Women's Street Footwear,$25.00 ,250,"$62,500 ","$21,875 ",35%,In-store
,Foot Locker,1185732,10/18/21,Midwest,Missouri,St. Louis,Women's Athletic Footwear,$25.00 ,225,"$56,250 ","$22,500 ",40%,In-store
,Foot Locker,1185732,10/18/21,Midwest,Missouri,St. Louis,Men's Apparel,$35.00 ,225,"$78,750 ","$27,563 ",35%,In-store
,Foot Locker,1185732,10/18/21,Midwest,Missouri,St. Louis,Women's Apparel,$40.00 ,350,"$140,000 ","$70,000 ",50%,In-store
,Foot Locker,1185732,11/18/21,Midwest,Missouri,St. Louis,Men's Street Footwear,$35.00 ,500,"$175,000 ","$70,000 ",40%,In-store
,Foot Locker,1185732,11/18/21,Midwest,Missouri,St. Louis,Men's Athletic Footwear,$25.00 ,350,"$87,500 ","$30,625 ",35%,In-store
,Foot Locker,1185732,11/18/21,Midwest,Missouri,St. Louis,Women's Street Footwear,$25.00 ,295,"$73,750 ","$25,813 ",35%,In-store
,Foot Locker,1185732,11/18/21,Midwest,Missouri,St. Louis,Women's Athletic Footwear,$25.00 ,325,"$81,250 ","$32,500 ",40%,In-store
,Foot Locker,1185732,11/18/21,Midwest,Missouri,St. Louis,Men's Apparel,$45.00 ,300,"$135,000 ","$47,250 ",35%,In-store
,Foot Locker,1185732,11/18/21,Midwest,Missouri,St. Louis,Women's Apparel,$50.00 ,400,"$200,000 ","$100,000 ",50%,In-store
,Foot Locker,1185732,12/17/21,Midwest,Missouri,St. Louis,Men's Street Footwear,$45.00 ,650,"$292,500 ","$117,000 ",40%,In-store
,Foot Locker,1185732,12/17/21,Midwest,Missouri,St. Louis,Men's Athletic Footwear,$35.00 ,450,"$157,500 ","$55,125 ",35%,In-store
,West Gear,1185732,12/17/21,Midwest,Missouri,St. Louis,Women's Street Footwear,$35.00 ,400,"$140,000 ","$49,000 ",35%,In-store
,West Gear,1185732,12/17/21,Midwest,Missouri,St. Louis,Women's Athletic Footwear,$35.00 ,350,"$122,500 ","$49,000 ",40%,In-store
,West Gear,1185732,12/17/21,Midwest,Missouri,St. Louis,Men's Apparel,$45.00 ,350,"$157,500 ","$55,125 ",35%,In-store
,West Gear,1185732,12/17/21,Midwest,Missouri,St. Louis,Women's Apparel,$50.00 ,450,"$225,000 ","$112,500 ",50%,In-store
,West Gear,1185732,1/11/21,Midwest,Missouri,St. Louis,Men's Street Footwear,$25.00 ,675,"$168,750 ","$67,500 ",40%,In-store
,West Gear,1185732,1/11/21,Midwest,Missouri,St. Louis,Men's Athletic Footwear,$25.00 ,475,"$118,750 ","$41,563 ",35%,In-store
,West Gear,1185732,1/11/21,Midwest,Missouri,St. Louis,Women's Street Footwear,$15.00 ,475,"$71,250 ","$24,938 ",35%,In-store
,West Gear,1185732,1/11/21,Midwest,Missouri,St. Louis,Women's Athletic Footwear,$20.00 ,325,"$65,000 ","$26,000 ",40%,In-store
,West Gear,1185732,1/11/21,Midwest,Missouri,St. Louis,Men's Apparel,$35.00 ,375,"$131,250 ","$45,938 ",35%,In-store
,West Gear,1185732,1/11/21,Midwest,Missouri,St. Louis,Women's Apparel,$25.00 ,475,"$118,750 ","$59,375 ",50%,In-store
,West Gear,1185732,2/11/21,Midwest,Missouri,St. Louis,Men's Street Footwear,$25.00 ,725,"$181,250 ","$72,500 ",40%,In-store
,West Gear,1185732,2/11/21,Midwest,Missouri,St. Louis,Men's Athletic Footwear,$25.00 ,375,"$93,750 ","$32,813 ",35%,In-store
,West Gear,1185732,2/11/21,Midwest,Missouri,St. Louis,Women's Street Footwear,$15.00 ,425,"$63,750 ","$22,313 ",35%,In-store
,West Gear,1185732,2/11/21,West,Utah,Salt Lake City,Women's Athletic Footwear,$20.00 ,300,"$60,000 ","$24,000 ",40%,In-store
,West Gear,1185732,2/11/21,West,Utah,Salt Lake City,Men's Apparel,$35.00 ,375,"$131,250 ","$45,938 ",35%,In-store
,West Gear,1185732,2/11/21,West,Utah,Salt Lake City,Women's Apparel,$25.00 ,450,"$112,500 ","$56,250 ",50%,In-store
,West Gear,1185732,3/10/21,West,Utah,Salt Lake City,Men's Street Footwear,$30.00 ,670,"$201,000 ","$80,400 ",40%,In-store
,West Gear,1185732,3/10/21,West,Utah,Salt Lake City,Men's Athletic Footwear,$30.00 ,350,"$105,000 ","$36,750 ",35%,In-store
,West Gear,1185732,3/10/21,West,Utah,Salt Lake City,Women's Street Footwear,$20.00 ,400,"$80,000 ","$28,000 ",35%,In-store
,West Gear,1185732,3/10/21,West,Utah,Salt Lake City,Women's Athletic Footwear,$25.00 ,250,"$62,500 ","$25,000 ",40%,In-store
,West Gear,1185732,3/10/21,West,Utah,Salt Lake City,Men's Apparel,$40.00 ,300,"$120,000 ","$42,000 ",35%,In-store
,West Gear,1185732,3/10/21,West,Utah,Salt Lake City,Women's Apparel,$30.00 ,400,"$120,000 ","$60,000 ",50%,In-store
,West Gear,1185732,4/11/21,West,Utah,Salt Lake City,Men's Street Footwear,$30.00 ,625,"$187,500 ","$75,000 ",40%,In-store
,West Gear,1185732,4/11/21,West,Utah,Salt Lake City,Men's Athletic Footwear,$25.00 ,325,"$81,250 ","$28,438 ",35%,In-store
,West Gear,1185732,4/11/21,West,Utah,Salt Lake City,Women's Street Footwear,$15.00 ,325,"$48,750 ","$17,063 ",35%,In-store
,West Gear,1185732,4/11/21,West,Utah,Salt Lake City,Women's Athletic Footwear,$20.00 ,250,"$50,000 ","$20,000 ",40%,In-store
,West Gear,1185732,4/11/21,West,Utah,Salt Lake City,Men's Apparel,$35.00 ,275,"$96,250 ","$33,688 ",35%,In-store
,West Gear,1185732,4/11/21,West,Utah,Salt Lake City,Women's Apparel,$25.00 ,400,"$100,000 ","$50,000 ",50%,In-store
,West Gear,1185732,5/12/21,West,Utah,Salt Lake City,Men's Street Footwear,$35.00 ,670,"$234,500 ","$93,800 ",40%,In-store
,West Gear,1185732,5/12/21,West,Utah,Salt Lake City,Men's Athletic Footwear,$30.00 ,375,"$112,500 ","$39,375 ",35%,In-store
,West Gear,1185732,5/12/21,West,Utah,Salt Lake City,Women's Street Footwear,$25.00 ,350,"$87,500 ","$30,625 ",35%,In-store
,West Gear,1185732,5/12/21,West,Utah,Salt Lake City,Women's Athletic Footwear,$25.00 ,275,"$68,750 ","$27,500 ",40%,In-store
,West Gear,1185732,5/12/21,West,Utah,Salt Lake City,Men's Apparel,$40.00 ,300,"$120,000 ","$42,000 ",35%,In-store
,West Gear,1185732,5/12/21,West,Utah,Salt Lake City,Women's Apparel,$45.00 ,400,"$180,000 ","$90,000 ",50%,In-store
,West Gear,1185732,6/11/21,West,Utah,Salt Lake City,Men's Street Footwear,$30.00 ,650,"$195,000 ","$78,000 ",40%,In-store
,West Gear,1185732,6/11/21,West,Utah,Salt Lake City,Men's Athletic Footwear,$25.00 ,400,"$100,000 ","$35,000 ",35%,In-store
,West Gear,1185732,6/11/21,West,Utah,Salt Lake City,Women's Street Footwear,$20.00 ,425,"$85,000 ","$29,750 ",35%,In-store
,West Gear,1185732,6/11/21,West,Utah,Salt Lake City,Women's Athletic Footwear,$20.00 ,400,"$80,000 ","$32,000 ",40%,In-store
,West Gear,1185732,6/11/21,West,Utah,Salt Lake City,Men's Apparel,$35.00 ,400,"$140,000 ","$49,000 ",35%,In-store
,West Gear,1185732,6/11/21,West,Utah,Salt Lake City,Women's Apparel,$40.00 ,575,"$230,000 ","$115,000 ",50%,In-store
,West Gear,1185732,7/10/21,West,Utah,Salt Lake City,Men's Street Footwear,$35.00 ,800,"$280,000 ","$112,000 ",40%,In-store
,West Gear,1185732,7/10/21,West,Utah,Salt Lake City,Men's Athletic Footwear,$30.00 ,550,"$165,000 ","$57,750 ",35%,In-store
,West Gear,1185732,7/10/21,West,Utah,Salt Lake City,Women's Street Footwear,$25.00 ,475,"$118,750 ","$41,563 ",35%,In-store
,West Gear,1185732,7/10/21,West,Utah,Salt Lake City,Women's Athletic Footwear,$25.00 ,425,"$106,250 ","$42,500 ",40%,In-store
,West Gear,1185732,7/10/21,West,Utah,Salt Lake City,Men's Apparel,$35.00 ,425,"$148,750 ","$52,063 ",35%,In-store
,West Gear,1185732,7/10/21,West,Utah,Salt Lake City,Women's Apparel,$40.00 ,600,"$240,000 ","$120,000 ",50%,In-store
,West Gear,1185732,8/11/21,West,Utah,Salt Lake City,Men's Street Footwear,$35.00 ,750,"$262,500 ","$105,000 ",40%,In-store
,West Gear,1185732,8/11/21,West,Utah,Salt Lake City,Men's Athletic Footwear,$35.00 ,525,"$183,750 ","$64,313 ",35%,In-store
,West Gear,1185732,8/11/21,West,Utah,Salt Lake City,Women's Street Footwear,$30.00 ,450,"$135,000 ","$47,250 ",35%,In-store
,West Gear,1185732,8/11/21,West,Utah,Salt Lake City,Women's Athletic Footwear,$20.00 ,375,"$75,000 ","$30,000 ",40%,In-store
,West Gear,1185732,8/11/21,West,Utah,Salt Lake City,Men's Apparel,$30.00 ,350,"$105,000 ","$36,750 ",35%,In-store
,West Gear,1185732,8/11/21,West,Utah,Salt Lake City,Women's Apparel,$35.00 ,525,"$183,750 ","$91,875 ",50%,In-store
,West Gear,1185732,9/12/21,West,Utah,Salt Lake City,Men's Street Footwear,$30.00 ,650,"$195,000 ","$78,000 ",40%,In-store
,West Gear,1185732,9/12/21,West,Utah,Salt Lake City,Men's Athletic Footwear,$25.00 ,450,"$112,500 ","$39,375 ",35%,In-store
,West Gear,1185732,9/12/21,West,Utah,Salt Lake City,Women's Street Footwear,$10.00 ,350,"$35,000 ","$12,250 ",35%,In-store
,West Gear,1185732,9/12/21,West,Utah,Salt Lake City,Women's Athletic Footwear,$10.00 ,325,"$32,500 ","$13,000 ",40%,In-store
,West Gear,1185732,9/12/21,West,Utah,Salt Lake City,Men's Apparel,$20.00 ,325,"$65,000 ","$22,750 ",35%,In-store
,West Gear,1185732,9/12/21,West,Utah,Salt Lake City,Women's Apparel,$25.00 ,400,"$100,000 ","$50,000 ",50%,In-store
,West Gear,1185732,10/11/21,West,Utah,Salt Lake City,Men's Street Footwear,$30.00 ,575,"$172,500 ","$69,000 ",40%,In-store
,West Gear,1185732,10/11/21,West,Utah,Salt Lake City,Men's Athletic Footwear,$20.00 ,400,"$80,000 ","$28,000 ",35%,In-store
,West Gear,1185732,10/11/21,West,Utah,Salt Lake City,Women's Street Footwear,$20.00 ,300,"$60,000 ","$21,000 ",35%,In-store
,West Gear,1185732,10/11/21,West,Utah,Salt Lake City,Women's Athletic Footwear,$20.00 ,275,"$55,000 ","$22,000 ",40%,In-store
,West Gear,1185732,10/11/21,West,Utah,Salt Lake City,Men's Apparel,$30.00 ,275,"$82,500 ","$28,875 ",35%,In-store
,West Gear,1185732,10/11/21,West,Utah,Salt Lake City,Women's Apparel,$35.00 ,400,"$140,000 ","$70,000 ",50%,In-store
,West Gear,1185732,11/11/21,West,Utah,Salt Lake City,Men's Street Footwear,$30.00 ,550,"$165,000 ","$66,000 ",40%,In-store
,West Gear,1185732,11/11/21,West,Utah,Salt Lake City,Men's Athletic Footwear,$20.00 ,400,"$80,000 ","$28,000 ",35%,In-store
,West Gear,1185732,11/11/21,West,Utah,Salt Lake City,Women's Street Footwear,$20.00 ,345,"$69,000 ","$24,150 ",35%,In-store
,West Gear,1185732,11/11/21,West,Utah,Salt Lake City,Women's Athletic Footwear,$20.00 ,375,"$75,000 ","$30,000 ",40%,In-store
,West Gear,1185732,11/11/21,West,Utah,Salt Lake City,Men's Apparel,$40.00 ,350,"$140,000 ","$49,000 ",35%,In-store
,West Gear,1185732,11/11/21,West,Utah,Salt Lake City,Women's Apparel,$45.00 ,450,"$202,500 ","$101,250 ",50%,In-store
,West Gear,1185732,12/10/21,West,Utah,Salt Lake City,Men's Street Footwear,$40.00 ,700,"$280,000 ","$112,000 ",40%,In-store
,West Gear,1185732,12/10/21,West,Utah,Salt Lake City,Men's Athletic Footwear,$30.00 ,500,"$150,000 ","$52,500 ",35%,In-store
,West Gear,1185732,12/10/21,West,Utah,Salt Lake City,Women's Street Footwear,$30.00 ,450,"$135,000 ","$47,250 ",35%,In-store
,West Gear,1185732,12/10/21,West,Utah,Salt Lake City,Women's Athletic Footwear,$30.00 ,400,"$120,000 ","$48,000 ",40%,In-store
,West Gear,1185732,12/10/21,West,Utah,Salt Lake City,Men's Apparel,$40.00 ,400,"$160,000 ","$56,000 ",35%,In-store
,West Gear,1185732,12/10/21,West,Utah,Salt Lake City,Women's Apparel,$45.00 ,500,"$225,000 ","$112,500 ",50%,In-store
,West Gear,1128299,1/24/21,West,Utah,Salt Lake City,Men's Street Footwear,$30.00 ,350,"$105,000 ","$36,750 ",35%,In-store
,West Gear,1128299,1/24/21,West,Utah,Salt Lake City,Men's Athletic Footwear,$40.00 ,350,"$140,000 ","$49,000 ",35%,In-store
,West Gear,1128299,1/24/21,West,Utah,Salt Lake City,Women's Street Footwear,$40.00 ,350,"$140,000 ","$49,000 ",35%,In-store
,West Gear,1128299,1/24/21,West,Utah,Salt Lake City,Women's Athletic Footwear,$40.00 ,200,"$80,000 ","$28,000 ",35%,In-store
,West Gear,1128299,1/24/21,West,Utah,Salt Lake City,Men's Apparel,$45.00 ,150,"$67,500 ","$27,000 ",40%,In-store
,West Gear,1128299,1/24/21,West,Utah,Salt Lake City,Women's Apparel,$40.00 ,400,"$160,000 ","$48,000 ",30%,In-store
,West Gear,1128299,2/24/21,West,Utah,Salt Lake City,Men's Street Footwear,$30.00 ,450,"$135,000 ","$47,250 ",35%,In-store
,West Gear,1128299,2/24/21,West,Utah,Salt Lake City,Men's Athletic Footwear,$40.00 ,350,"$140,000 ","$49,000 ",35%,In-store
,West Gear,1128299,2/24/21,West,Utah,Salt Lake City,Women's Street Footwear,$40.00 ,350,"$140,000 ","$49,000 ",35%,In-store
,West Gear,1128299,2/24/21,West,Oregon,Portland,Women's Athletic Footwear,$40.00 ,200,"$80,000 ","$28,000 ",35%,In-store
,West Gear,1128299,2/24/21,West,Oregon,Portland,Men's Apparel,$45.00 ,125,"$56,250 ","$22,500 ",40%,In-store
,West Gear,1128299,2/24/21,West,Oregon,Portland,Women's Apparel,$40.00 ,325,"$130,000 ","$39,000 ",30%,In-store
,West Gear,1128299,3/23/21,West,Oregon,Portland,Men's Street Footwear,$40.00 ,475,"$190,000 ","$66,500 ",35%,In-store
,West Gear,1128299,3/23/21,West,Oregon,Portland,Men's Athletic Footwear,$50.00 ,325,"$162,500 ","$56,875 ",35%,In-store
,West Gear,1128299,3/23/21,West,Oregon,Portland,Women's Street Footwear,$55.00 ,350,"$192,500 ","$67,375 ",35%,In-store
,West Gear,1128299,3/23/21,West,Oregon,Portland,Women's Athletic Footwear,$50.00 ,250,"$125,000 ","$43,750 ",35%,In-store
,West Gear,1128299,3/23/21,West,Oregon,Portland,Men's Apparel,$55.00 ,100,"$55,000 ","$22,000 ",40%,In-store
,West Gear,1128299,3/23/21,West,Oregon,Portland,Women's Apparel,$50.00 ,300,"$150,000 ","$45,000 ",30%,In-store
,West Gear,1128299,4/24/21,West,Oregon,Portland,Men's Street Footwear,$55.00 ,475,"$261,250 ","$91,438 ",35%,In-store
,West Gear,1128299,4/24/21,West,Oregon,Portland,Men's Athletic Footwear,$60.00 ,275,"$165,000 ","$57,750 ",35%,In-store
,West Gear,1128299,4/24/21,West,Oregon,Portland,Women's Street Footwear,$60.00 ,325,"$195,000 ","$68,250 ",35%,In-store
,West Gear,1128299,4/24/21,West,Oregon,Portland,Women's Athletic Footwear,$45.00 ,225,"$101,250 ","$35,438 ",35%,In-store
,West Gear,1128299,4/24/21,West,Oregon,Portland,Men's Apparel,$50.00 ,125,"$62,500 ","$25,000 ",40%,In-store
,West Gear,1128299,4/24/21,West,Oregon,Portland,Women's Apparel,$65.00 ,300,"$195,000 ","$58,500 ",30%,In-store
,West Gear,1128299,5/25/21,West,Oregon,Portland,Men's Street Footwear,$50.00 ,500,"$250,000 ","$87,500 ",35%,In-store
,West Gear,1128299,5/25/21,West,Oregon,Portland,Men's Athletic Footwear,$55.00 ,350,"$192,500 ","$67,375 ",35%,In-store
,West Gear,1128299,5/25/21,West,Oregon,Portland,Women's Street Footwear,$55.00 ,350,"$192,500 ","$67,375 ",35%,In-store
,West Gear,1128299,5/25/21,West,Oregon,Portland,Women's Athletic Footwear,$50.00 ,275,"$137,500 ","$48,125 ",35%,In-store
,West Gear,1128299,5/25/21,West,Oregon,Portland,Men's Apparel,$45.00 ,175,"$78,750 ","$31,500 ",40%,In-store
,West Gear,1128299,5/25/21,West,Oregon,Portland,Women's Apparel,$60.00 ,525,"$315,000 ","$94,500 ",30%,In-store
,West Gear,1128299,6/24/21,West,Oregon,Portland,Men's Street Footwear,$55.00 ,775,"$426,250 ","$149,188 ",35%,In-store
,West Gear,1128299,6/24/21,West,Oregon,Portland,Men's Athletic Footwear,$65.00 ,650,"$422,500 ","$147,875 ",35%,In-store
,West Gear,1128299,6/24/21,West,Oregon,Portland,Women's Street Footwear,$80.00 ,650,"$520,000 ","$182,000 ",35%,In-store
,West Gear,1128299,6/24/21,West,Oregon,Portland,Women's Athletic Footwear,$80.00 ,525,"$420,000 ","$147,000 ",35%,In-store
,West Gear,1128299,6/24/21,West,Oregon,Portland,Men's Apparel,$90.00 ,400,"$360,000 ","$144,000 ",40%,In-store
,West Gear,1128299,6/24/21,West,Oregon,Portland,Women's Apparel,$105.00 ,700,"$735,000 ","$220,500 ",30%,In-store
,West Gear,1128299,7/23/21,West,Oregon,Portland,Men's Street Footwear,$85.00 ,850,"$722,500 ","$252,875 ",35%,In-store
,West Gear,1128299,7/23/21,West,Oregon,Portland,Men's Athletic Footwear,$90.00 ,700,"$630,000 ","$220,500 ",35%,In-store
,West Gear,1128299,7/23/21,West,Oregon,Portland,Women's Street Footwear,$90.00 ,650,"$585,000 ","$204,750 ",35%,In-store
,West Gear,1128299,7/23/21,West,Oregon,Portland,Women's Athletic Footwear,$85.00 ,550,"$467,500 ","$163,625 ",35%,In-store
,West Gear,1128299,7/23/21,West,Oregon,Portland,Men's Apparel,$90.00 ,600,"$540,000 ","$216,000 ",40%,In-store
,West Gear,1128299,7/23/21,West,Oregon,Portland,Women's Apparel,$105.00 ,600,"$630,000 ","$189,000 ",30%,In-store
,West Gear,1128299,8/24/21,West,Oregon,Portland,Men's Street Footwear,$90.00 ,800,"$720,000 ","$252,000 ",35%,In-store
,West Gear,1128299,8/24/21,West,Oregon,Portland,Men's Athletic Footwear,$80.00 ,775,"$620,000 ","$217,000 ",35%,In-store
,West Gear,1128299,8/24/21,West,Oregon,Portland,Women's Street Footwear,$70.00 ,650,"$455,000 ","$159,250 ",35%,In-store
,West Gear,1128299,8/24/21,West,Oregon,Portland,Women's Athletic Footwear,$70.00 ,425,"$297,500 ","$104,125 ",35%,In-store
,West Gear,1128299,8/24/21,West,Oregon,Portland,Men's Apparel,$70.00 ,425,"$297,500 ","$119,000 ",40%,In-store
,West Gear,1128299,8/24/21,West,Oregon,Portland,Women's Apparel,$75.00 ,250,"$187,500 ","$56,250 ",30%,In-store
,West Gear,1128299,9/25/21,West,Oregon,Portland,Men's Street Footwear,$50.00 ,450,"$225,000 ","$78,750 ",35%,In-store
,West Gear,1128299,9/25/21,West,Oregon,Portland,Men's Athletic Footwear,$55.00 ,450,"$247,500 ","$86,625 ",35%,In-store
,West Gear,1128299,9/25/21,West,Oregon,Portland,Women's Street Footwear,$50.00 ,250,"$125,000 ","$43,750 ",35%,In-store
,West Gear,1128299,9/25/21,West,Oregon,Portland,Women's Athletic Footwear,$50.00 ,200,"$100,000 ","$35,000 ",35%,In-store
,West Gear,1128299,9/25/21,West,Oregon,Portland,Men's Apparel,$60.00 ,225,"$135,000 ","$54,000 ",40%,In-store
,West Gear,1128299,9/25/21,West,Oregon,Portland,Women's Apparel,$45.00 ,250,"$112,500 ","$33,750 ",30%,In-store
,West Gear,1128299,10/24/21,West,Oregon,Portland,Men's Street Footwear,$40.00 ,350,"$140,000 ","$49,000 ",35%,In-store
,West Gear,1128299,10/24/21,West,Oregon,Portland,Men's Athletic Footwear,$55.00 ,525,"$288,750 ","$101,063 ",35%,In-store
,West Gear,1128299,10/24/21,West,Oregon,Portland,Women's Street Footwear,$50.00 ,350,"$175,000 ","$61,250 ",35%,In-store
,West Gear,1128299,10/24/21,West,Oregon,Portland,Women's Athletic Footwear,$45.00 ,325,"$146,250 ","$51,188 ",35%,In-store
,West Gear,1128299,10/24/21,West,Oregon,Portland,Men's Apparel,$55.00 ,300,"$165,000 ","$66,000 ",40%,In-store
,West Gear,1128299,10/24/21,West,Oregon,Portland,Women's Apparel,$60.00 ,350,"$210,000 ","$63,000 ",30%,In-store
,West Gear,1128299,11/24/21,West,Oregon,Portland,Men's Street Footwear,$45.00 ,575,"$258,750 ","$90,563 ",35%,In-store
,West Gear,1128299,11/24/21,West,Oregon,Portland,Men's Athletic Footwear,$50.00 ,650,"$325,000 ","$113,750 ",35%,In-store
,West Gear,1128299,11/24/21,West,Oregon,Portland,Women's Street Footwear,$45.00 ,475,"$213,750 ","$74,813 ",35%,In-store
,West Gear,1128299,11/24/21,West,Oregon,Portland,Women's Athletic Footwear,$55.00 ,450,"$247,500 ","$86,625 ",35%,In-store
,West Gear,1128299,11/24/21,West,Oregon,Portland,Men's Apparel,$75.00 ,425,"$318,750 ","$127,500 ",40%,In-store
,West Gear,1128299,11/24/21,West,Oregon,Portland,Women's Apparel,$80.00 ,550,"$440,000 ","$132,000 ",30%,In-store
,West Gear,1128299,12/23/21,West,Oregon,Portland,Men's Street Footwear,$65.00 ,750,"$487,500 ","$170,625 ",35%,In-store
,West Gear,1128299,12/23/21,West,Oregon,Portland,Men's Athletic Footwear,$75.00 ,750,"$562,500 ","$196,875 ",35%,In-store
,West Gear,1128299,12/23/21,West,Oregon,Portland,Women's Street Footwear,$70.00 ,550,"$385,000 ","$134,750 ",35%,In-store
,West Gear,1128299,12/23/21,West,Oregon,Portland,Women's Athletic Footwear,$70.00 ,550,"$385,000 ","$134,750 ",35%,In-store
,West Gear,1128299,12/23/21,West,Oregon,Portland,Men's Apparel,$80.00 ,475,"$380,000 ","$152,000 ",40%,In-store
,West Gear,1128299,12/23/21,West,Oregon,Portland,Women's Apparel,$85.00 ,575,"$488,750 ","$146,625 ",30%,In-store
,West Gear,1128299,1/17/21,West,Oregon,Portland,Men's Street Footwear,$35.00 ,400,"$140,000 ","$56,000 ",40%,In-store
,West Gear,1128299,1/17/21,West,Oregon,Portland,Men's Athletic Footwear,$45.00 ,400,"$180,000 ","$72,000 ",40%,In-store
,West Gear,1128299,1/17/21,West,Oregon,Portland,Women's Street Footwear,$45.00 ,400,"$180,000 ","$72,000 ",40%,In-store
,West Gear,1128299,1/17/21,West,Oregon,Portland,Women's Athletic Footwear,$45.00 ,250,"$112,500 ","$45,000 ",40%,In-store
,West Gear,1128299,1/17/21,West,Oregon,Portland,Men's Apparel,$50.00 ,200,"$100,000 ","$45,000 ",45%,In-store
,West Gear,1128299,1/17/21,West,Oregon,Portland,Women's Apparel,$45.00 ,450,"$202,500 ","$70,875 ",35%,In-store
,West Gear,1128299,2/17/21,West,Oregon,Portland,Men's Street Footwear,$35.00 ,500,"$175,000 ","$70,000 ",40%,In-store
,West Gear,1128299,2/17/21,West,Oregon,Portland,Men's Athletic Footwear,$45.00 ,400,"$180,000 ","$72,000 ",40%,In-store
,West Gear,1128299,2/17/21,West,Oregon,Portland,Women's Street Footwear,$45.00 ,400,"$180,000 ","$72,000 ",40%,In-store
,West Gear,1128299,2/17/21,South,Louisiana,New Orleans,Women's Athletic Footwear,$45.00 ,250,"$112,500 ","$45,000 ",40%,In-store
,West Gear,1128299,2/17/21,South,Louisiana,New Orleans,Men's Apparel,$50.00 ,175,"$87,500 ","$39,375 ",45%,In-store
,West Gear,1128299,2/17/21,South,Louisiana,New Orleans,Women's Apparel,$45.00 ,375,"$168,750 ","$59,063 ",35%,In-store
,West Gear,1128299,3/16/21,South,Louisiana,New Orleans,Men's Street Footwear,$45.00 ,525,"$236,250 ","$94,500 ",40%,In-store
,West Gear,1128299,3/16/21,South,Louisiana,New Orleans,Men's Athletic Footwear,$55.00 ,375,"$206,250 ","$82,500 ",40%,In-store
,West Gear,1128299,3/16/21,South,Louisiana,New Orleans,Women's Street Footwear,$60.00 ,400,"$240,000 ","$96,000 ",40%,In-store
,West Gear,1128299,3/16/21,South,Louisiana,New Orleans,Women's Athletic Footwear,$55.00 ,300,"$165,000 ","$66,000 ",40%,In-store
,West Gear,1128299,3/16/21,South,Louisiana,New Orleans,Men's Apparel,$60.00 ,150,"$90,000 ","$40,500 ",45%,In-store
,West Gear,1128299,3/16/21,South,Louisiana,New Orleans,Women's Apparel,$45.00 ,350,"$157,500 ","$55,125 ",35%,In-store
,West Gear,1128299,4/17/21,South,Louisiana,New Orleans,Men's Street Footwear,$50.00 ,525,"$262,500 ","$105,000 ",40%,In-store
,West Gear,1128299,4/17/21,South,Louisiana,New Orleans,Men's Athletic Footwear,$55.00 ,325,"$178,750 ","$71,500 ",40%,In-store
,West Gear,1128299,4/17/21,South,Louisiana,New Orleans,Women's Street Footwear,$55.00 ,375,"$206,250 ","$82,500 ",40%,In-store
,West Gear,1128299,4/17/21,South,Louisiana,New Orleans,Women's Athletic Footwear,$40.00 ,275,"$110,000 ","$44,000 ",40%,In-store
,West Gear,1128299,4/17/21,South,Louisiana,New Orleans,Men's Apparel,$45.00 ,175,"$78,750 ","$35,438 ",45%,In-store
,West Gear,1128299,4/17/21,South,Louisiana,New Orleans,Women's Apparel,$60.00 ,350,"$210,000 ","$73,500 ",35%,In-store
,West Gear,1128299,5/18/21,South,Louisiana,New Orleans,Men's Street Footwear,$45.00 ,550,"$247,500 ","$99,000 ",40%,In-store
,West Gear,1128299,5/18/21,South,Louisiana,New Orleans,Men's Athletic Footwear,$50.00 ,400,"$200,000 ","$80,000 ",40%,In-store
,West Gear,1128299,5/18/21,South,Louisiana,New Orleans,Women's Street Footwear,$50.00 ,400,"$200,000 ","$80,000 ",40%,In-store
,West Gear,1128299,5/18/21,South,Louisiana,New Orleans,Women's Athletic Footwear,$45.00 ,325,"$146,250 ","$58,500 ",40%,In-store
,West Gear,1128299,5/18/21,South,Louisiana,New Orleans,Men's Apparel,$40.00 ,225,"$90,000 ","$40,500 ",45%,In-store
,West Gear,1128299,5/18/21,South,Louisiana,New Orleans,Women's Apparel,$65.00 ,575,"$373,750 ","$130,813 ",35%,Online
,West Gear,1128299,6/17/21,South,Louisiana,New Orleans,Men's Street Footwear,$60.00 ,825,"$495,000 ","$198,000 ",40%,Online
,West Gear,1128299,6/17/21,South,Louisiana,New Orleans,Men's Athletic Footwear,$70.00 ,700,"$490,000 ","$196,000 ",40%,Online
,West Gear,1128299,6/17/21,South,Louisiana,New Orleans,Women's Street Footwear,$85.00 ,700,"$595,000 ","$238,000 ",40%,Online
,West Gear,1128299,6/17/21,South,Louisiana,New Orleans,Women's Athletic Footwear,$85.00 ,575,"$488,750 ","$195,500 ",40%,Online
,West Gear,1128299,6/17/21,South,Louisiana,New Orleans,Men's Apparel,$95.00 ,450,"$427,500 ","$192,375 ",45%,Online
,West Gear,1128299,6/17/21,South,Louisiana,New Orleans,Women's Apparel,$110.00 ,750,"$825,000 ","$288,750 ",35%,Online
,West Gear,1128299,7/16/21,South,Louisiana,New Orleans,Men's Street Footwear,$90.00 ,900,"$810,000 ","$324,000 ",40%,Online
,West Gear,1128299,7/16/21,South,Louisiana,New Orleans,Men's Athletic Footwear,$95.00 ,750,"$712,500 ","$285,000 ",40%,Online
,West Gear,1128299,7/16/21,South,Louisiana,New Orleans,Women's Street Footwear,$95.00 ,700,"$665,000 ","$266,000 ",40%,Online
,West Gear,1128299,7/16/21,South,Louisiana,New Orleans,Women's Athletic Footwear,$90.00 ,600,"$540,000 ","$216,000 ",40%,Online
,West Gear,1128299,7/16/21,South,Louisiana,New Orleans,Men's Apparel,$95.00 ,650,"$617,500 ","$277,875 ",45%,Online
,West Gear,1128299,7/16/21,South,Louisiana,New Orleans,Women's Apparel,$110.00 ,650,"$715,000 ","$250,250 ",35%,Online
,West Gear,1128299,8/17/21,South,Louisiana,New Orleans,Men's Street Footwear,$95.00 ,850,"$807,500 ","$323,000 ",40%,Online
,West Gear,1128299,8/17/21,South,Louisiana,New Orleans,Men's Athletic Footwear,$85.00 ,825,"$701,250 ","$280,500 ",40%,Online
,West Gear,1128299,8/17/21,South,Louisiana,New Orleans,Women's Street Footwear,$75.00 ,700,"$525,000 ","$210,000 ",40%,Online
,West Gear,1128299,8/17/21,South,Louisiana,New Orleans,Women's Athletic Footwear,$75.00 ,475,"$356,250 ","$142,500 ",40%,Online
,West Gear,1128299,8/17/21,South,Louisiana,New Orleans,Men's Apparel,$65.00 ,475,"$308,750 ","$138,938 ",45%,Online
,West Gear,1128299,8/17/21,South,Louisiana,New Orleans,Women's Apparel,$70.00 ,300,"$210,000 ","$73,500 ",35%,Online
,West Gear,1128299,9/18/21,South,Louisiana,New Orleans,Men's Street Footwear,$45.00 ,500,"$225,000 ","$90,000 ",40%,Online
,West Gear,1128299,9/18/21,South,Louisiana,New Orleans,Men's Athletic Footwear,$50.00 ,500,"$250,000 ","$100,000 ",40%,Online
,West Gear,1128299,9/18/21,South,Louisiana,New Orleans,Women's Street Footwear,$45.00 ,300,"$135,000 ","$54,000 ",40%,Online
,West Gear,1128299,9/18/21,South,Louisiana,New Orleans,Women's Athletic Footwear,$45.00 ,250,"$112,500 ","$45,000 ",40%,Online
,West Gear,1128299,9/18/21,South,Louisiana,New Orleans,Men's Apparel,$55.00 ,275,"$151,250 ","$68,063 ",45%,Online
,West Gear,1128299,9/18/21,South,Louisiana,New Orleans,Women's Apparel,$40.00 ,300,"$120,000 ","$42,000 ",35%,Online
,West Gear,1128299,10/17/21,South,Louisiana,New Orleans,Men's Street Footwear,$35.00 ,400,"$140,000 ","$56,000 ",40%,Online
,West Gear,1128299,10/17/21,South,Louisiana,New Orleans,Men's Athletic Footwear,$50.00 ,575,"$287,500 ","$115,000 ",40%,Online
,West Gear,1128299,10/17/21,South,Louisiana,New Orleans,Women's Street Footwear,$45.00 ,400,"$180,000 ","$72,000 ",40%,Online
,West Gear,1128299,10/17/21,South,Louisiana,New Orleans,Women's Athletic Footwear,$40.00 ,375,"$150,000 ","$60,000 ",40%,Online
,West Gear,1128299,10/17/21,South,Louisiana,New Orleans,Men's Apparel,$50.00 ,350,"$175,000 ","$78,750 ",45%,Online
,West Gear,1128299,10/17/21,South,Louisiana,New Orleans,Women's Apparel,$55.00 ,400,"$220,000 ","$77,000 ",35%,Online
,West Gear,1128299,11/17/21,South,Louisiana,New Orleans,Men's Street Footwear,$40.00 ,625,"$250,000 ","$100,000 ",40%,Online
,West Gear,1128299,11/17/21,South,Louisiana,New Orleans,Men's Athletic Footwear,$45.00 ,700,"$315,000 ","$126,000 ",40%,Online
,West Gear,1128299,11/17/21,South,Louisiana,New Orleans,Women's Street Footwear,$40.00 ,525,"$210,000 ","$84,000 ",40%,Online
,West Gear,1128299,11/17/21,South,Louisiana,New Orleans,Women's Athletic Footwear,$50.00 ,500,"$250,000 ","$100,000 ",40%,Online
,West Gear,1128299,11/17/21,South,Louisiana,New Orleans,Men's Apparel,$70.00 ,475,"$332,500 ","$149,625 ",45%,Online
,West Gear,1128299,11/17/21,South,Louisiana,New Orleans,Women's Apparel,$85.00 ,600,"$510,000 ","$178,500 ",35%,Online
,West Gear,1128299,12/16/21,South,Louisiana,New Orleans,Men's Street Footwear,$70.00 ,800,"$560,000 ","$224,000 ",40%,Online
,West Gear,1128299,12/16/21,South,Louisiana,New Orleans,Men's Athletic Footwear,$80.00 ,800,"$640,000 ","$256,000 ",40%,Online
,Foot Locker,1128299,12/16/21,South,Louisiana,New Orleans,Women's Street Footwear,$75.00 ,600,"$450,000 ","$180,000 ",40%,Online
,Foot Locker,1128299,12/16/21,South,Louisiana,New Orleans,Women's Athletic Footwear,$75.00 ,600,"$450,000 ","$180,000 ",40%,Online
,Foot Locker,1128299,12/16/21,South,Louisiana,New Orleans,Men's Apparel,$85.00 ,525,"$446,250 ","$200,813 ",45%,Online
,Foot Locker,1128299,12/16/21,South,Louisiana,New Orleans,Women's Apparel,$90.00 ,625,"$562,500 ","$196,875 ",35%,Online
,Foot Locker,1197831,1/5/21,South,Louisiana,New Orleans,Men's Street Footwear,$20.00 ,675,"$135,000 ","$40,500 ",30%,Online
,Foot Locker,1197831,1/5/21,South,Louisiana,New Orleans,Men's Athletic Footwear,$30.00 ,675,"$202,500 ","$60,750 ",30%,Online
,Foot Locker,1197831,1/5/21,South,Louisiana,New Orleans,Women's Street Footwear,$30.00 ,475,"$142,500 ","$42,750 ",30%,Online
,Foot Locker,1197831,1/5/21,South,Louisiana,New Orleans,Women's Athletic Footwear,$35.00 ,475,"$166,250 ","$66,500 ",40%,Online
,Foot Locker,1197831,1/5/21,South,Louisiana,New Orleans,Men's Apparel,$40.00 ,325,"$130,000 ","$32,500 ",25%,Online
,West Gear,1197831,1/5/21,South,Louisiana,New Orleans,Women's Apparel,$35.00 ,475,"$166,250 ","$74,813 ",45%,Online
,Foot Locker,1197831,2/4/21,South,Louisiana,New Orleans,Men's Street Footwear,$25.00 ,625,"$156,250 ","$46,875 ",30%,Online
,Foot Locker,1197831,2/4/21,South,Louisiana,New Orleans,Men's Athletic Footwear,$35.00 ,600,"$210,000 ","$63,000 ",30%,Online
,Foot Locker,1197831,2/4/21,South,Louisiana,New Orleans,Women's Street Footwear,$35.00 ,425,"$148,750 ","$44,625 ",30%,Online
,Foot Locker,1197831,2/4/21,West,Idaho,Boise,Women's Athletic Footwear,$35.00 ,375,"$131,250 ","$52,500 ",40%,Online
,Foot Locker,1197831,2/4/21,West,Idaho,Boise,Men's Apparel,$40.00 ,250,"$100,000 ","$25,000 ",25%,Online
,Foot Locker,1197831,2/4/21,West,Idaho,Boise,Women's Apparel,$35.00 ,450,"$157,500 ","$70,875 ",45%,Online
,Foot Locker,1197831,3/6/21,West,Idaho,Boise,Men's Street Footwear,$30.00 ,625,"$187,500 ","$65,625 ",35%,Online
,Foot Locker,1197831,3/6/21,West,Idaho,Boise,Men's Athletic Footwear,$40.00 ,625,"$250,000 ","$87,500 ",35%,Online
,Foot Locker,1197831,3/6/21,West,Idaho,Boise,Women's Street Footwear,$30.00 ,450,"$135,000 ","$47,250 ",35%,Online
,Foot Locker,1197831,3/6/21,West,Idaho,Boise,Women's Athletic Footwear,$35.00 ,350,"$122,500 ","$55,125 ",45%,Online
,West Gear,1197831,3/6/21,West,Idaho,Boise,Men's Apparel,$40.00 ,250,"$100,000 ","$30,000 ",30%,Online
,West Gear,1197831,3/6/21,West,Idaho,Boise,Women's Apparel,$35.00 ,400,"$140,000 ","$70,000 ",50%,Online
,West Gear,1197831,4/5/21,West,Idaho,Boise,Men's Street Footwear,$20.00 ,650,"$130,000 ","$45,500 ",35%,Online
,West Gear,1197831,4/5/21,West,Idaho,Boise,Men's Athletic Footwear,$30.00 ,650,"$195,000 ","$68,250 ",35%,Online
,West Gear,1197831,4/5/21,West,Idaho,Boise,Women's Street Footwear,$25.00 ,475,"$118,750 ","$41,563 ",35%,Online
,West Gear,1197831,4/5/21,West,Idaho,Boise,Women's Athletic Footwear,$30.00 ,375,"$112,500 ","$50,625 ",45%,Online
,West Gear,1197831,4/5/21,West,Idaho,Boise,Men's Apparel,$35.00 ,275,"$96,250 ","$28,875 ",30%,Online
,West Gear,1197831,4/5/21,West,Idaho,Boise,Women's Apparel,$30.00 ,550,"$165,000 ","$82,500 ",50%,Online
,West Gear,1197831,5/5/21,West,Idaho,Boise,Men's Street Footwear,$20.00 ,700,"$140,000 ","$49,000 ",35%,Online
,West Gear,1197831,5/5/21,West,Idaho,Boise,Men's Athletic Footwear,$30.00 ,725,"$217,500 ","$76,125 ",35%,Online
,West Gear,1197831,5/5/21,West,Idaho,Boise,Women's Street Footwear,$25.00 ,575,"$143,750 ","$50,313 ",35%,Online
,West Gear,1197831,5/5/21,West,Idaho,Boise,Women's Athletic Footwear,$35.00 ,500,"$175,000 ","$78,750 ",45%,Online
,West Gear,1197831,5/5/21,West,Idaho,Boise,Men's Apparel,$50.00 ,400,"$200,000 ","$60,000 ",30%,Online
,West Gear,1197831,5/5/21,West,Idaho,Boise,Women's Apparel,$45.00 ,750,"$337,500 ","$168,750 ",50%,Online
,West Gear,1197831,6/4/21,West,Idaho,Boise,Men's Street Footwear,$45.00 ,750,"$337,500 ","$118,125 ",35%,Online
,West Gear,1197831,6/4/21,West,Idaho,Boise,Men's Athletic Footwear,$50.00 ,750,"$375,000 ","$131,250 ",35%,Online
,West Gear,1197831,6/4/21,West,Idaho,Boise,Women's Street Footwear,$50.00 ,600,"$300,000 ","$105,000 ",35%,Online
,West Gear,1197831,6/4/21,West,Idaho,Boise,Women's Athletic Footwear,$50.00 ,550,"$275,000 ","$123,750 ",45%,Online
,West Gear,1197831,6/4/21,West,Idaho,Boise,Men's Apparel,$55.00 ,450,"$247,500 ","$74,250 ",30%,Online
,West Gear,1197831,6/4/21,West,Idaho,Boise,Women's Apparel,$60.00 ,825,"$495,000 ","$247,500 ",50%,Online
,West Gear,1197831,7/6/21,West,Idaho,Boise,Men's Street Footwear,$50.00 ,775,"$387,500 ","$155,000 ",40%,Online
,West Gear,1197831,7/6/21,West,Idaho,Boise,Men's Athletic Footwear,$55.00 ,775,"$426,250 ","$170,500 ",40%,Online
,West Gear,1197831,7/6/21,West,Idaho,Boise,Women's Street Footwear,$50.00 ,925,"$462,500 ","$185,000 ",40%,Online
,West Gear,1197831,7/6/21,West,Idaho,Boise,Women's Athletic Footwear,$50.00 ,525,"$262,500 ","$131,250 ",50%,Online
,West Gear,1197831,7/6/21,West,Idaho,Boise,Men's Apparel,$55.00 ,525,"$288,750 ","$101,063 ",35%,Online
,Foot Locker,1197831,7/6/21,West,Idaho,Boise,Women's Apparel,$65.00 ,800,"$520,000 ","$286,000 ",55%,Online
,Foot Locker,1197831,8/8/21,West,Idaho,Boise,Men's Street Footwear,$50.00 ,750,"$375,000 ","$150,000 ",40%,Online
,Foot Locker,1197831,8/8/21,West,Idaho,Boise,Men's Athletic Footwear,$55.00 ,750,"$412,500 ","$165,000 ",40%,Online
,Foot Locker,1197831,8/8/21,West,Idaho,Boise,Women's Street Footwear,$50.00 ,925,"$462,500 ","$185,000 ",40%,Online
,Foot Locker,1197831,8/8/21,West,Idaho,Boise,Women's Athletic Footwear,$50.00 ,475,"$237,500 ","$118,750 ",50%,Online
,Sports Direct,1197831,8/8/21,West,Idaho,Boise,Men's Apparel,$55.00 ,475,"$261,250 ","$91,438 ",35%,Online
,Sports Direct,1197831,8/8/21,West,Idaho,Boise,Women's Apparel,$60.00 ,725,"$435,000 ","$239,250 ",55%,Online
,Sports Direct,1197831,9/5/21,West,Idaho,Boise,Men's Street Footwear,$55.00 ,675,"$371,250 ","$148,500 ",40%,Online
,Sports Direct,1197831,9/5/21,West,Idaho,Boise,Men's Athletic Footwear,$55.00 ,625,"$343,750 ","$137,500 ",40%,Online
,Sports Direct,1197831,9/5/21,West,Idaho,Boise,Women's Street Footwear,$60.00 ,675,"$405,000 ","$162,000 ",40%,Online
,Sports Direct,1197831,9/5/21,West,Idaho,Boise,Women's Athletic Footwear,$60.00 ,400,"$240,000 ","$120,000 ",50%,Online
,Sports Direct,1197831,9/5/21,West,Idaho,Boise,Men's Apparel,$55.00 ,400,"$220,000 ","$77,000 ",35%,Online
,Sports Direct,1197831,9/5/21,West,Idaho,Boise,Women's Apparel,$50.00 ,625,"$312,500 ","$171,875 ",55%,Online
,Sports Direct,1197831,10/4/21,West,Idaho,Boise,Men's Street Footwear,$40.00 ,575,"$230,000 ","$92,000 ",40%,Online
,Sports Direct,1197831,10/4/21,West,Idaho,Boise,Men's Athletic Footwear,$40.00 ,575,"$230,000 ","$92,000 ",40%,Online
,Sports Direct,1197831,10/4/21,West,Idaho,Boise,Women's Street Footwear,$45.00 ,525,"$236,250 ","$94,500 ",40%,Online
,Sports Direct,1197831,10/4/21,West,Idaho,Boise,Women's Athletic Footwear,$45.00 ,375,"$168,750 ","$84,375 ",50%,Online
,Sports Direct,1197831,10/4/21,West,Idaho,Boise,Men's Apparel,$35.00 ,350,"$122,500 ","$42,875 ",35%,Online
,Sports Direct,1197831,10/4/21,West,Idaho,Boise,Women's Apparel,$45.00 ,525,"$236,250 ","$129,938 ",55%,Online
,Sports Direct,1197831,11/5/21,West,Idaho,Boise,Men's Street Footwear,$35.00 ,675,"$236,250 ","$94,500 ",40%,Online
,Sports Direct,1197831,11/5/21,West,Idaho,Boise,Men's Athletic Footwear,$35.00 ,675,"$236,250 ","$94,500 ",40%,Online
,Sports Direct,1197831,11/5/21,West,Idaho,Boise,Women's Street Footwear,$60.00 ,600,"$360,000 ","$144,000 ",40%,Online
,Sports Direct,1197831,11/5/21,West,Idaho,Boise,Women's Athletic Footwear,$60.00 ,450,"$270,000 ","$135,000 ",50%,Online
,Sports Direct,1197831,11/5/21,West,Idaho,Boise,Men's Apparel,$55.00 ,425,"$233,750 ","$81,813 ",35%,Online
,Sports Direct,1197831,11/5/21,West,Idaho,Boise,Women's Apparel,$65.00 ,625,"$406,250 ","$223,438 ",55%,Online
,Foot Locker,1197831,12/4/21,West,Idaho,Boise,Men's Street Footwear,$55.00 ,775,"$426,250 ","$170,500 ",40%,Online
,Foot Locker,1197831,12/4/21,West,Idaho,Boise,Men's Athletic Footwear,$55.00 ,775,"$426,250 ","$170,500 ",40%,Online
,Foot Locker,1197831,12/4/21,West,Idaho,Boise,Women's Street Footwear,$60.00 ,675,"$405,000 ","$162,000 ",40%,Online
,Foot Locker,1197831,12/4/21,West,Idaho,Boise,Women's Athletic Footwear,$60.00 ,525,"$315,000 ","$157,500 ",50%,Online
,Foot Locker,1197831,12/4/21,West,Idaho,Boise,Men's Apparel,$55.00 ,475,"$261,250 ","$91,438 ",35%,Online
,Foot Locker,1197831,12/4/21,West,Idaho,Boise,Women's Apparel,$65.00 ,725,"$471,250 ","$259,188 ",55%,Online
,Foot Locker,1128299,1/23/21,West,Idaho,Boise,Men's Street Footwear,$30.00 ,425,"$127,500 ","$44,625 ",35%,Online
,Foot Locker,1128299,1/23/21,West,Idaho,Boise,Men's Athletic Footwear,$40.00 ,425,"$170,000 ","$68,000 ",40%,Online
,Foot Locker,1128299,1/23/21,West,Idaho,Boise,Women's Street Footwear,$40.00 ,425,"$170,000 ","$59,500 ",35%,Online
,Foot Locker,1128299,1/23/21,West,Idaho,Boise,Women's Athletic Footwear,$40.00 ,275,"$110,000 ","$38,500 ",35%,Online
,Foot Locker,1128299,1/23/21,West,Idaho,Boise,Men's Apparel,$45.00 ,225,"$101,250 ","$30,375 ",30%,Online
,Foot Locker,1128299,1/23/21,West,Idaho,Boise,Women's Apparel,$40.00 ,425,"$170,000 ","$42,500 ",25%,Online
,Foot Locker,1128299,2/23/21,West,Idaho,Boise,Men's Street Footwear,$30.00 ,475,"$142,500 ","$49,875 ",35%,Online
,Foot Locker,1128299,2/23/21,West,Idaho,Boise,Men's Athletic Footwear,$40.00 ,375,"$150,000 ","$60,000 ",40%,Online
,Foot Locker,1128299,2/23/21,West,Idaho,Boise,Women's Street Footwear,$40.00 ,375,"$150,000 ","$52,500 ",35%,Online
,Foot Locker,1128299,2/23/21,West,Arizona,Phoenix,Women's Athletic Footwear,$40.00 ,225,"$90,000 ","$31,500 ",35%,Online
,Foot Locker,1128299,2/23/21,West,Arizona,Phoenix,Men's Apparel,$45.00 ,150,"$67,500 ","$20,250 ",30%,Online
,Foot Locker,1128299,2/23/21,West,Arizona,Phoenix,Women's Apparel,$40.00 ,350,"$140,000 ","$35,000 ",25%,Online
,Foot Locker,1128299,3/22/21,West,Arizona,Phoenix,Men's Street Footwear,$40.00 ,500,"$200,000 ","$70,000 ",35%,Online
,Foot Locker,1128299,3/22/21,West,Arizona,Phoenix,Men's Athletic Footwear,$50.00 ,350,"$175,000 ","$70,000 ",40%,Online
,Foot Locker,1128299,3/22/21,West,Arizona,Phoenix,Women's Street Footwear,$50.00 ,350,"$175,000 ","$61,250 ",35%,Online
,Foot Locker,1128299,3/22/21,West,Arizona,Phoenix,Women's Athletic Footwear,$50.00 ,225,"$112,500 ","$39,375 ",35%,Online
,Foot Locker,1128299,3/22/21,West,Arizona,Phoenix,Men's Apparel,$55.00 ,125,"$68,750 ","$20,625 ",30%,Online
,Foot Locker,1128299,3/22/21,West,Arizona,Phoenix,Women's Apparel,$50.00 ,325,"$162,500 ","$40,625 ",25%,Online
,Foot Locker,1128299,4/23/21,West,Arizona,Phoenix,Men's Street Footwear,$50.00 ,500,"$250,000 ","$87,500 ",35%,Online
,Foot Locker,1128299,4/23/21,West,Arizona,Phoenix,Men's Athletic Footwear,$55.00 ,300,"$165,000 ","$66,000 ",40%,Online
,Foot Locker,1128299,4/23/21,West,Arizona,Phoenix,Women's Street Footwear,$55.00 ,350,"$192,500 ","$67,375 ",35%,Online
,Foot Locker,1128299,4/23/21,West,Arizona,Phoenix,Women's Athletic Footwear,$50.00 ,250,"$125,000 ","$43,750 ",35%,Online
,Foot Locker,1128299,4/23/21,West,Arizona,Phoenix,Men's Apparel,$55.00 ,150,"$82,500 ","$24,750 ",30%,Online
,Foot Locker,1128299,4/23/21,West,Arizona,Phoenix,Women's Apparel,$70.00 ,325,"$227,500 ","$56,875 ",25%,Online
,Foot Locker,1128299,5/24/21,West,Arizona,Phoenix,Men's Street Footwear,$50.00 ,525,"$262,500 ","$91,875 ",35%,Online
,Foot Locker,1128299,5/24/21,West,Arizona,Phoenix,Men's Athletic Footwear,$55.00 ,375,"$206,250 ","$82,500 ",40%,Online
,Foot Locker,1128299,5/24/21,West,Arizona,Phoenix,Women's Street Footwear,$55.00 ,400,"$220,000 ","$77,000 ",35%,Online
,Foot Locker,1128299,5/24/21,West,Arizona,Phoenix,Women's Athletic Footwear,$50.00 ,300,"$150,000 ","$52,500 ",35%,Online
,Foot Locker,1128299,5/24/21,West,Arizona,Phoenix,Men's Apparel,$55.00 ,200,"$110,000 ","$33,000 ",30%,Online
,Foot Locker,1128299,5/24/21,West,Arizona,Phoenix,Women's Apparel,$70.00 ,375,"$262,500 ","$65,625 ",25%,Online
,Foot Locker,1128299,6/23/21,West,Arizona,Phoenix,Men's Street Footwear,$50.00 ,625,"$312,500 ","$109,375 ",35%,Online
,Foot Locker,1128299,6/23/21,West,Arizona,Phoenix,Men's Athletic Footwear,$55.00 ,475,"$261,250 ","$104,500 ",40%,Online
,Foot Locker,1128299,6/23/21,West,Arizona,Phoenix,Women's Street Footwear,$55.00 ,475,"$261,250 ","$91,438 ",35%,Online
,Foot Locker,1128299,6/23/21,West,Arizona,Phoenix,Women's Athletic Footwear,$50.00 ,350,"$175,000 ","$61,250 ",35%,Online
,Foot Locker,1128299,6/23/21,West,Arizona,Phoenix,Men's Apparel,$55.00 ,225,"$123,750 ","$37,125 ",30%,Online
,Foot Locker,1128299,6/23/21,West,Arizona,Phoenix,Women's Apparel,$70.00 ,525,"$367,500 ","$91,875 ",25%,Online
,Foot Locker,1128299,7/22/21,West,Arizona,Phoenix,Men's Street Footwear,$50.00 ,675,"$337,500 ","$118,125 ",35%,Online
,Foot Locker,1128299,7/22/21,West,Arizona,Phoenix,Men's Athletic Footwear,$55.00 ,525,"$288,750 ","$115,500 ",40%,Online
,Foot Locker,1128299,7/22/21,West,Arizona,Phoenix,Women's Street Footwear,$55.00 ,475,"$261,250 ","$91,438 ",35%,Online
,Foot Locker,1128299,7/22/21,West,Arizona,Phoenix,Women's Athletic Footwear,$50.00 ,375,"$187,500 ","$65,625 ",35%,Online
,Foot Locker,1128299,7/22/21,West,Arizona,Phoenix,Men's Apparel,$55.00 ,425,"$233,750 ","$70,125 ",30%,Online
,Foot Locker,1128299,7/22/21,West,Arizona,Phoenix,Women's Apparel,$70.00 ,425,"$297,500 ","$74,375 ",25%,Online
,Foot Locker,1128299,8/23/21,West,Arizona,Phoenix,Men's Street Footwear,$55.00 ,625,"$343,750 ","$120,313 ",35%,Online
,Foot Locker,1128299,8/23/21,West,Arizona,Phoenix,Men's Athletic Footwear,$60.00 ,575,"$345,000 ","$138,000 ",40%,Online
,Foot Locker,1128299,8/23/21,West,Arizona,Phoenix,Women's Street Footwear,$55.00 ,450,"$247,500 ","$86,625 ",35%,Online
,Foot Locker,1128299,8/23/21,West,Arizona,Phoenix,Women's Athletic Footwear,$55.00 ,400,"$220,000 ","$77,000 ",35%,Online
,Foot Locker,1128299,8/23/21,West,Arizona,Phoenix,Men's Apparel,$65.00 ,400,"$260,000 ","$78,000 ",30%,Online
,Foot Locker,1128299,8/23/21,West,Arizona,Phoenix,Women's Apparel,$70.00 ,375,"$262,500 ","$65,625 ",25%,Online
,Foot Locker,1128299,9/24/21,West,Arizona,Phoenix,Men's Street Footwear,$45.00 ,575,"$258,750 ","$90,563 ",35%,Online
,Foot Locker,1128299,9/24/21,West,Arizona,Phoenix,Men's Athletic Footwear,$50.00 ,575,"$287,500 ","$115,000 ",40%,Online
,Foot Locker,1128299,9/24/21,West,Arizona,Phoenix,Women's Street Footwear,$45.00 ,425,"$191,250 ","$66,938 ",35%,Online
,Foot Locker,1128299,9/24/21,West,Arizona,Phoenix,Women's Athletic Footwear,$45.00 ,375,"$168,750 ","$59,063 ",35%,Online
,Foot Locker,1128299,9/24/21,West,Arizona,Phoenix,Men's Apparel,$55.00 ,375,"$206,250 ","$61,875 ",30%,Online
,Foot Locker,1128299,9/24/21,West,Arizona,Phoenix,Women's Apparel,$60.00 ,425,"$255,000 ","$63,750 ",25%,Online
,Foot Locker,1128299,10/23/21,West,Arizona,Phoenix,Men's Street Footwear,$45.00 ,500,"$225,000 ","$78,750 ",35%,Online
,Foot Locker,1128299,10/23/21,West,Arizona,Phoenix,Men's Athletic Footwear,$50.00 ,500,"$250,000 ","$100,000 ",40%,Online
,Foot Locker,1128299,10/23/21,West,Arizona,Phoenix,Women's Street Footwear,$45.00 ,325,"$146,250 ","$51,188 ",35%,Online
,Foot Locker,1128299,10/23/21,West,Arizona,Phoenix,Women's Athletic Footwear,$45.00 ,300,"$135,000 ","$47,250 ",35%,Online
,Foot Locker,1128299,10/23/21,West,Arizona,Phoenix,Men's Apparel,$55.00 ,275,"$151,250 ","$45,375 ",30%,Online
,Foot Locker,1128299,10/23/21,West,Arizona,Phoenix,Women's Apparel,$60.00 ,325,"$195,000 ","$48,750 ",25%,Online
,Foot Locker,1128299,11/23/21,West,Arizona,Phoenix,Men's Street Footwear,$45.00 ,500,"$225,000 ","$78,750 ",35%,Online
,Foot Locker,1128299,11/23/21,West,Arizona,Phoenix,Men's Athletic Footwear,$50.00 ,525,"$262,500 ","$105,000 ",40%,Online
,Foot Locker,1128299,11/23/21,West,Arizona,Phoenix,Women's Street Footwear,$45.00 ,375,"$168,750 ","$59,063 ",35%,Online
,Foot Locker,1128299,11/23/21,West,Arizona,Phoenix,Women's Athletic Footwear,$45.00 ,350,"$157,500 ","$55,125 ",35%,Online
,Foot Locker,1128299,11/23/21,West,Arizona,Phoenix,Men's Apparel,$55.00 ,300,"$165,000 ","$49,500 ",30%,Online
,Foot Locker,1128299,11/23/21,West,Arizona,Phoenix,Women's Apparel,$60.00 ,425,"$255,000 ","$63,750 ",25%,Online
,Foot Locker,1128299,12/22/21,West,Arizona,Phoenix,Men's Street Footwear,$45.00 ,625,"$281,250 ","$98,438 ",35%,Online
,Foot Locker,1128299,12/22/21,West,Arizona,Phoenix,Men's Athletic Footwear,$50.00 ,625,"$312,500 ","$125,000 ",40%,Online
,Kohl's,1128299,12/22/21,West,Arizona,Phoenix,Women's Street Footwear,$45.00 ,425,"$191,250 ","$66,938 ",35%,Online
,Kohl's,1128299,12/22/21,West,Arizona,Phoenix,Women's Athletic Footwear,$45.00 ,425,"$191,250 ","$66,938 ",35%,Online
,Kohl's,1128299,12/22/21,West,Arizona,Phoenix,Men's Apparel,$55.00 ,350,"$192,500 ","$57,750 ",30%,Online
,Kohl's,1128299,12/22/21,West,Arizona,Phoenix,Women's Apparel,$60.00 ,450,"$270,000 ","$67,500 ",25%,Online
,Kohl's,1128299,1/26/21,West,Arizona,Phoenix,Men's Street Footwear,$35.00 ,475,"$166,250 ","$58,188 ",35%,Online
,Kohl's,1128299,1/26/21,West,Arizona,Phoenix,Men's Athletic Footwear,$45.00 ,475,"$213,750 ","$85,500 ",40%,Online
,Kohl's,1128299,1/26/21,West,Arizona,Phoenix,Women's Street Footwear,$45.00 ,475,"$213,750 ","$74,813 ",35%,Online
,Kohl's,1128299,1/26/21,West,Arizona,Phoenix,Women's Athletic Footwear,$45.00 ,325,"$146,250 ","$51,188 ",35%,Online
,Kohl's,1128299,1/26/21,West,Arizona,Phoenix,Men's Apparel,$50.00 ,275,"$137,500 ","$41,250 ",30%,Online
,Kohl's,1128299,1/26/21,West,Arizona,Phoenix,Women's Apparel,$45.00 ,475,"$213,750 ","$53,438 ",25%,Online
,Kohl's,1128299,2/26/21,West,Arizona,Phoenix,Men's Street Footwear,$35.00 ,525,"$183,750 ","$64,313 ",35%,Online
,Kohl's,1128299,2/26/21,West,Arizona,Phoenix,Men's Athletic Footwear,$45.00 ,425,"$191,250 ","$76,500 ",40%,Online
,Kohl's,1128299,2/26/21,West,Arizona,Phoenix,Women's Street Footwear,$45.00 ,425,"$191,250 ","$66,938 ",35%,Online
,Kohl's,1128299,2/26/21,West,New Mexico,Albuquerque,Women's Athletic Footwear,$45.00 ,275,"$123,750 ","$43,313 ",35%,Online
,Kohl's,1128299,2/26/21,West,New Mexico,Albuquerque,Men's Apparel,$50.00 ,200,"$100,000 ","$30,000 ",30%,Online
,Kohl's,1128299,2/26/21,West,New Mexico,Albuquerque,Women's Apparel,$45.00 ,400,"$180,000 ","$45,000 ",25%,Online
,Kohl's,1128299,3/25/21,West,New Mexico,Albuquerque,Men's Street Footwear,$45.00 ,550,"$247,500 ","$86,625 ",35%,Online
,Kohl's,1128299,3/25/21,West,New Mexico,Albuquerque,Men's Athletic Footwear,$55.00 ,400,"$220,000 ","$88,000 ",40%,Online
,Kohl's,1128299,3/25/21,West,New Mexico,Albuquerque,Women's Street Footwear,$55.00 ,400,"$220,000 ","$77,000 ",35%,Online
,Kohl's,1128299,3/25/21,West,New Mexico,Albuquerque,Women's Athletic Footwear,$55.00 ,275,"$151,250 ","$52,938 ",35%,Online
,Kohl's,1128299,3/25/21,West,New Mexico,Albuquerque,Men's Apparel,$60.00 ,175,"$105,000 ","$31,500 ",30%,Online
,Kohl's,1128299,3/25/21,West,New Mexico,Albuquerque,Women's Apparel,$55.00 ,375,"$206,250 ","$51,563 ",25%,Online
,Kohl's,1128299,4/26/21,West,New Mexico,Albuquerque,Men's Street Footwear,$55.00 ,550,"$302,500 ","$105,875 ",35%,Online
,Kohl's,1128299,4/26/21,West,New Mexico,Albuquerque,Men's Athletic Footwear,$60.00 ,350,"$210,000 ","$84,000 ",40%,Online
,Kohl's,1128299,4/26/21,West,New Mexico,Albuquerque,Women's Street Footwear,$60.00 ,400,"$240,000 ","$84,000 ",35%,Online
,Kohl's,1128299,4/26/21,West,New Mexico,Albuquerque,Women's Athletic Footwear,$55.00 ,300,"$165,000 ","$57,750 ",35%,Online
,Kohl's,1128299,4/26/21,West,New Mexico,Albuquerque,Men's Apparel,$60.00 ,200,"$120,000 ","$36,000 ",30%,Online
,Kohl's,1128299,4/26/21,West,New Mexico,Albuquerque,Women's Apparel,$75.00 ,375,"$281,250 ","$70,313 ",25%,Online
,Kohl's,1128299,5/27/21,West,New Mexico,Albuquerque,Men's Street Footwear,$55.00 ,575,"$316,250 ","$110,688 ",35%,Online
,Kohl's,1128299,5/27/21,West,New Mexico,Albuquerque,Men's Athletic Footwear,$60.00 ,425,"$255,000 ","$102,000 ",40%,Online
,Kohl's,1128299,5/27/21,West,New Mexico,Albuquerque,Women's Street Footwear,$60.00 ,450,"$270,000 ","$94,500 ",35%,Online
,Kohl's,1128299,5/27/21,West,New Mexico,Albuquerque,Women's Athletic Footwear,$55.00 ,350,"$192,500 ","$67,375 ",35%,Online
,Kohl's,1128299,5/27/21,West,New Mexico,Albuquerque,Men's Apparel,$60.00 ,250,"$150,000 ","$45,000 ",30%,Online
,Kohl's,1128299,5/27/21,West,New Mexico,Albuquerque,Women's Apparel,$75.00 ,425,"$318,750 ","$79,688 ",25%,Online
,Kohl's,1128299,6/26/21,West,New Mexico,Albuquerque,Men's Street Footwear,$55.00 ,700,"$385,000 ","$134,750 ",35%,Online
,Kohl's,1128299,6/26/21,West,New Mexico,Albuquerque,Men's Athletic Footwear,$60.00 ,550,"$330,000 ","$132,000 ",40%,Online
,Kohl's,1128299,6/26/21,West,New Mexico,Albuquerque,Women's Street Footwear,$60.00 ,550,"$330,000 ","$115,500 ",35%,Online
,Kohl's,1128299,6/26/21,West,New Mexico,Albuquerque,Women's Athletic Footwear,$55.00 ,425,"$233,750 ","$81,813 ",35%,Online
,Kohl's,1128299,6/26/21,West,New Mexico,Albuquerque,Men's Apparel,$60.00 ,300,"$180,000 ","$54,000 ",30%,Online
,Kohl's,1128299,6/26/21,West,New Mexico,Albuquerque,Women's Apparel,$75.00 ,600,"$450,000 ","$112,500 ",25%,Online
,Kohl's,1128299,7/25/21,West,New Mexico,Albuquerque,Men's Street Footwear,$55.00 ,750,"$412,500 ","$144,375 ",35%,Online
,Kohl's,1128299,7/25/21,West,New Mexico,Albuquerque,Men's Athletic Footwear,$60.00 ,600,"$360,000 ","$144,000 ",40%,Online
,Kohl's,1128299,7/25/21,West,New Mexico,Albuquerque,Women's Street Footwear,$60.00 ,550,"$330,000 ","$115,500 ",35%,Online
,Kohl's,1128299,7/25/21,West,New Mexico,Albuquerque,Women's Athletic Footwear,$55.00 ,450,"$247,500 ","$86,625 ",35%,Online
,Kohl's,1128299,7/25/21,West,New Mexico,Albuquerque,Men's Apparel,$60.00 ,500,"$300,000 ","$90,000 ",30%,Online
,Kohl's,1128299,7/25/21,West,New Mexico,Albuquerque,Women's Apparel,$75.00 ,500,"$375,000 ","$93,750 ",25%,Online
,Kohl's,1128299,8/26/21,West,New Mexico,Albuquerque,Men's Street Footwear,$60.00 ,700,"$420,000 ","$147,000 ",35%,Online
,Kohl's,1128299,8/26/21,West,New Mexico,Albuquerque,Men's Athletic Footwear,$65.00 ,650,"$422,500 ","$169,000 ",40%,Online
,Kohl's,1128299,8/26/21,West,New Mexico,Albuquerque,Women's Street Footwear,$60.00 ,525,"$315,000 ","$110,250 ",35%,Online
,Kohl's,1128299,8/26/21,West,New Mexico,Albuquerque,Women's Athletic Footwear,$60.00 ,475,"$285,000 ","$99,750 ",35%,Online
,Kohl's,1128299,8/26/21,West,New Mexico,Albuquerque,Men's Apparel,$70.00 ,475,"$332,500 ","$99,750 ",30%,Online
,Kohl's,1128299,8/26/21,West,New Mexico,Albuquerque,Women's Apparel,$75.00 ,450,"$337,500 ","$84,375 ",25%,Online
,Kohl's,1128299,9/27/21,West,New Mexico,Albuquerque,Men's Street Footwear,$50.00 ,625,"$312,500 ","$109,375 ",35%,Online
,Kohl's,1128299,9/27/21,West,New Mexico,Albuquerque,Men's Athletic Footwear,$55.00 ,625,"$343,750 ","$137,500 ",40%,Online
,Kohl's,1128299,9/27/21,West,New Mexico,Albuquerque,Women's Street Footwear,$50.00 ,475,"$237,500 ","$83,125 ",35%,Online
,Kohl's,1128299,9/27/21,West,New Mexico,Albuquerque,Women's Athletic Footwear,$50.00 ,425,"$212,500 ","$74,375 ",35%,Online
,Kohl's,1128299,9/27/21,West,New Mexico,Albuquerque,Men's Apparel,$60.00 ,425,"$255,000 ","$76,500 ",30%,Online
,Kohl's,1128299,9/27/21,West,New Mexico,Albuquerque,Women's Apparel,$65.00 ,475,"$308,750 ","$77,188 ",25%,Online
,Kohl's,1128299,10/26/21,West,New Mexico,Albuquerque,Men's Street Footwear,$50.00 ,550,"$275,000 ","$96,250 ",35%,Online
,Kohl's,1128299,10/26/21,West,New Mexico,Albuquerque,Men's Athletic Footwear,$55.00 ,550,"$302,500 ","$121,000 ",40%,Online
,Kohl's,1128299,10/26/21,West,New Mexico,Albuquerque,Women's Street Footwear,$50.00 ,375,"$187,500 ","$65,625 ",35%,Online
,Kohl's,1128299,10/26/21,West,New Mexico,Albuquerque,Women's Athletic Footwear,$50.00 ,350,"$175,000 ","$61,250 ",35%,Online
,Kohl's,1128299,10/26/21,West,New Mexico,Albuquerque,Men's Apparel,$60.00 ,325,"$195,000 ","$58,500 ",30%,Online
,Kohl's,1128299,10/26/21,West,New Mexico,Albuquerque,Women's Apparel,$75.00 ,375,"$281,250 ","$70,313 ",25%,Online
,Kohl's,1128299,11/26/21,West,New Mexico,Albuquerque,Men's Street Footwear,$60.00 ,550,"$330,000 ","$115,500 ",35%,Online
,Kohl's,1128299,11/26/21,West,New Mexico,Albuquerque,Men's Athletic Footwear,$65.00 ,600,"$390,000 ","$156,000 ",40%,Online
,Kohl's,1128299,11/26/21,West,New Mexico,Albuquerque,Women's Street Footwear,$60.00 ,450,"$270,000 ","$94,500 ",35%,Online
,Kohl's,1128299,11/26/21,West,New Mexico,Albuquerque,Women's Athletic Footwear,$60.00 ,425,"$255,000 ","$89,250 ",35%,Online
,Kohl's,1128299,11/26/21,West,New Mexico,Albuquerque,Men's Apparel,$70.00 ,375,"$262,500 ","$78,750 ",30%,Online
,Kohl's,1128299,11/26/21,West,New Mexico,Albuquerque,Women's Apparel,$75.00 ,500,"$375,000 ","$93,750 ",25%,Online
,Kohl's,1128299,12/25/21,West,New Mexico,Albuquerque,Men's Street Footwear,$60.00 ,700,"$420,000 ","$147,000 ",35%,Online
,Kohl's,1128299,12/25/21,West,New Mexico,Albuquerque,Men's Athletic Footwear,$65.00 ,700,"$455,000 ","$182,000 ",40%,Online
,Sports Direct,1128299,12/25/21,West,New Mexico,Albuquerque,Women's Street Footwear,$60.00 ,500,"$300,000 ","$105,000 ",35%,Online
,Sports Direct,1128299,12/25/21,West,New Mexico,Albuquerque,Women's Athletic Footwear,$60.00 ,500,"$300,000 ","$105,000 ",35%,Online
,Sports Direct,1128299,12/25/21,West,New Mexico,Albuquerque,Men's Apparel,$70.00 ,425,"$297,500 ","$89,250 ",30%,Online
,Sports Direct,1128299,12/25/21,West,New Mexico,Albuquerque,Women's Apparel,$75.00 ,525,"$393,750 ","$98,438 ",25%,Online
,Sports Direct,1128299,1/13/21,West,New Mexico,Albuquerque,Men's Street Footwear,$30.00 ,450,"$135,000 ","$54,000 ",40%,Online
,Sports Direct,1128299,1/13/21,West,New Mexico,Albuquerque,Men's Athletic Footwear,$40.00 ,450,"$180,000 ","$72,000 ",40%,Online
,Sports Direct,1128299,1/13/21,West,New Mexico,Albuquerque,Women's Street Footwear,$40.00 ,450,"$180,000 ","$63,000 ",35%,Online
,Sports Direct,1128299,1/13/21,West,New Mexico,Albuquerque,Women's Athletic Footwear,$40.00 ,300,"$120,000 ","$48,000 ",40%,Online
,Sports Direct,1128299,1/13/21,West,New Mexico,Albuquerque,Men's Apparel,$45.00 ,250,"$112,500 ","$39,375 ",35%,Online
,Sports Direct,1128299,1/13/21,West,New Mexico,Albuquerque,Women's Apparel,$40.00 ,450,"$180,000 ","$45,000 ",25%,Online
,Sports Direct,1128299,2/13/21,West,New Mexico,Albuquerque,Men's Street Footwear,$30.00 ,500,"$150,000 ","$60,000 ",40%,Online
,Sports Direct,1128299,2/13/21,West,New Mexico,Albuquerque,Men's Athletic Footwear,$40.00 ,400,"$160,000 ","$64,000 ",40%,Online
,Sports Direct,1128299,2/13/21,West,New Mexico,Albuquerque,Women's Street Footwear,$40.00 ,400,"$160,000 ","$56,000 ",35%,Online
,Sports Direct,1128299,2/13/21,Southeast,Georgia,Atlanta,Women's Athletic Footwear,$40.00 ,250,"$100,000 ","$40,000 ",40%,Online
,Sports Direct,1128299,2/13/21,Southeast,Georgia,Atlanta,Men's Apparel,$45.00 ,175,"$78,750 ","$27,563 ",35%,Online
,Sports Direct,1128299,2/13/21,Southeast,Georgia,Atlanta,Women's Apparel,$40.00 ,375,"$150,000 ","$37,500 ",25%,Online
,Sports Direct,1128299,3/12/21,Southeast,Georgia,Atlanta,Men's Street Footwear,$40.00 ,525,"$210,000 ","$84,000 ",40%,Online
,Sports Direct,1128299,3/12/21,Southeast,Georgia,Atlanta,Men's Athletic Footwear,$50.00 ,375,"$187,500 ","$75,000 ",40%,Online
,Sports Direct,1128299,3/12/21,Southeast,Georgia,Atlanta,Women's Street Footwear,$50.00 ,375,"$187,500 ","$65,625 ",35%,Online
,Sports Direct,1128299,3/12/21,Southeast,Georgia,Atlanta,Women's Athletic Footwear,$50.00 ,250,"$125,000 ","$50,000 ",40%,Online
,Sports Direct,1128299,3/12/21,Southeast,Georgia,Atlanta,Men's Apparel,$55.00 ,150,"$82,500 ","$28,875 ",35%,Online
,Sports Direct,1128299,3/12/21,Southeast,Georgia,Atlanta,Women's Apparel,$50.00 ,350,"$175,000 ","$43,750 ",25%,Online
,Sports Direct,1128299,4/13/21,Southeast,Georgia,Atlanta,Men's Street Footwear,$50.00 ,525,"$262,500 ","$105,000 ",40%,Online
,Sports Direct,1128299,4/13/21,Southeast,Georgia,Atlanta,Men's Athletic Footwear,$55.00 ,325,"$178,750 ","$71,500 ",40%,Online
,Sports Direct,1128299,4/13/21,Southeast,Georgia,Atlanta,Women's Street Footwear,$55.00 ,375,"$206,250 ","$72,188 ",35%,Online
,Sports Direct,1128299,4/13/21,Southeast,Georgia,Atlanta,Women's Athletic Footwear,$50.00 ,275,"$137,500 ","$55,000 ",40%,Online
,Sports Direct,1128299,4/13/21,Southeast,Georgia,Atlanta,Men's Apparel,$55.00 ,175,"$96,250 ","$33,688 ",35%,Online
,Sports Direct,1128299,4/13/21,Southeast,Georgia,Atlanta,Women's Apparel,$70.00 ,350,"$245,000 ","$61,250 ",25%,Online
,Sports Direct,1128299,5/14/21,Southeast,Georgia,Atlanta,Men's Street Footwear,$50.00 ,550,"$275,000 ","$110,000 ",40%,Online
,Sports Direct,1128299,5/14/21,Southeast,Georgia,Atlanta,Men's Athletic Footwear,$55.00 ,400,"$220,000 ","$88,000 ",40%,Online
,Sports Direct,1128299,5/14/21,Southeast,Georgia,Atlanta,Women's Street Footwear,$55.00 ,425,"$233,750 ","$81,813 ",35%,Online
,Sports Direct,1128299,5/14/21,Southeast,Georgia,Atlanta,Women's Athletic Footwear,$50.00 ,325,"$162,500 ","$65,000 ",40%,Online
,Sports Direct,1128299,5/14/21,Southeast,Georgia,Atlanta,Men's Apparel,$55.00 ,225,"$123,750 ","$43,313 ",35%,Online
,Sports Direct,1128299,5/14/21,Southeast,Georgia,Atlanta,Women's Apparel,$70.00 ,400,"$280,000 ","$70,000 ",25%,Online
,Sports Direct,1128299,6/13/21,Southeast,Georgia,Atlanta,Men's Street Footwear,$50.00 ,675,"$337,500 ","$135,000 ",40%,Online
,Sports Direct,1128299,6/13/21,Southeast,Georgia,Atlanta,Men's Athletic Footwear,$55.00 ,525,"$288,750 ","$115,500 ",40%,Online
,Sports Direct,1128299,6/13/21,Southeast,Georgia,Atlanta,Women's Street Footwear,$55.00 ,525,"$288,750 ","$101,063 ",35%,Online
,Sports Direct,1128299,6/13/21,Southeast,Georgia,Atlanta,Women's Athletic Footwear,$50.00 ,400,"$200,000 ","$80,000 ",40%,Online
,Sports Direct,1128299,6/13/21,Southeast,Georgia,Atlanta,Men's Apparel,$55.00 ,275,"$151,250 ","$52,938 ",35%,Online
,Sports Direct,1128299,6/13/21,Southeast,Georgia,Atlanta,Women's Apparel,$70.00 ,575,"$402,500 ","$100,625 ",25%,Online
,Sports Direct,1128299,7/12/21,Southeast,Georgia,Atlanta,Men's Street Footwear,$50.00 ,725,"$362,500 ","$145,000 ",40%,Online
,Sports Direct,1128299,7/12/21,Southeast,Georgia,Atlanta,Men's Athletic Footwear,$55.00 ,575,"$316,250 ","$126,500 ",40%,Online
,Sports Direct,1128299,7/12/21,Southeast,Georgia,Atlanta,Women's Street Footwear,$55.00 ,525,"$288,750 ","$101,063 ",35%,Online
,Sports Direct,1128299,7/12/21,Southeast,Georgia,Atlanta,Women's Athletic Footwear,$50.00 ,425,"$212,500 ","$85,000 ",40%,Online
,Sports Direct,1128299,7/12/21,Southeast,Georgia,Atlanta,Men's Apparel,$55.00 ,475,"$261,250 ","$91,438 ",35%,Online
,Sports Direct,1128299,7/12/21,Southeast,Georgia,Atlanta,Women's Apparel,$70.00 ,475,"$332,500 ","$83,125 ",25%,Online
,Sports Direct,1128299,8/13/21,Southeast,Georgia,Atlanta,Men's Street Footwear,$55.00 ,675,"$371,250 ","$148,500 ",40%,Online
,Sports Direct,1128299,8/13/21,Southeast,Georgia,Atlanta,Men's Athletic Footwear,$60.00 ,625,"$375,000 ","$150,000 ",40%,Online
,Sports Direct,1128299,8/13/21,Southeast,Georgia,Atlanta,Women's Street Footwear,$55.00 ,500,"$275,000 ","$96,250 ",35%,Online
,Sports Direct,1128299,8/13/21,Southeast,Georgia,Atlanta,Women's Athletic Footwear,$55.00 ,450,"$247,500 ","$99,000 ",40%,Online
,Sports Direct,1128299,8/13/21,Southeast,Georgia,Atlanta,Men's Apparel,$65.00 ,450,"$292,500 ","$102,375 ",35%,Online
,Sports Direct,1128299,8/13/21,Southeast,Georgia,Atlanta,Women's Apparel,$70.00 ,425,"$297,500 ","$74,375 ",25%,Online
,Sports Direct,1128299,9/14/21,Southeast,Georgia,Atlanta,Men's Street Footwear,$45.00 ,600,"$270,000 ","$108,000 ",40%,Online
,Sports Direct,1128299,9/14/21,Southeast,Georgia,Atlanta,Men's Athletic Footwear,$50.00 ,600,"$300,000 ","$120,000 ",40%,Online
,Sports Direct,1128299,9/14/21,Southeast,Georgia,Atlanta,Women's Street Footwear,$45.00 ,450,"$202,500 ","$70,875 ",35%,Online
,Sports Direct,1128299,9/14/21,Southeast,Georgia,Atlanta,Women's Athletic Footwear,$45.00 ,400,"$180,000 ","$72,000 ",40%,Online
,Sports Direct,1128299,9/14/21,Southeast,Georgia,Atlanta,Men's Apparel,$55.00 ,400,"$220,000 ","$77,000 ",35%,Online
,Sports Direct,1128299,9/14/21,Southeast,Georgia,Atlanta,Women's Apparel,$60.00 ,450,"$270,000 ","$67,500 ",25%,Online
,Sports Direct,1128299,10/13/21,Southeast,Georgia,Atlanta,Men's Street Footwear,$45.00 ,525,"$236,250 ","$94,500 ",40%,Online
,Sports Direct,1128299,10/13/21,Southeast,Georgia,Atlanta,Men's Athletic Footwear,$50.00 ,525,"$262,500 ","$105,000 ",40%,Online
,Sports Direct,1128299,10/13/21,Southeast,Georgia,Atlanta,Women's Street Footwear,$45.00 ,350,"$157,500 ","$55,125 ",35%,Online
,Sports Direct,1128299,10/13/21,Southeast,Georgia,Atlanta,Women's Athletic Footwear,$45.00 ,325,"$146,250 ","$58,500 ",40%,Online
,Sports Direct,1128299,10/13/21,Southeast,Georgia,Atlanta,Men's Apparel,$55.00 ,300,"$165,000 ","$57,750 ",35%,Online
,Sports Direct,1128299,10/13/21,Southeast,Georgia,Atlanta,Women's Apparel,$70.00 ,350,"$245,000 ","$61,250 ",25%,Online
,Sports Direct,1128299,11/13/21,Southeast,Georgia,Atlanta,Men's Street Footwear,$55.00 ,525,"$288,750 ","$115,500 ",40%,Online
,Sports Direct,1128299,11/13/21,Southeast,Georgia,Atlanta,Men's Athletic Footwear,$60.00 ,575,"$345,000 ","$138,000 ",40%,Online
,Sports Direct,1128299,11/13/21,Southeast,Georgia,Atlanta,Women's Street Footwear,$55.00 ,425,"$233,750 ","$81,813 ",35%,Online
,Sports Direct,1128299,11/13/21,Southeast,Georgia,Atlanta,Women's Athletic Footwear,$55.00 ,400,"$220,000 ","$88,000 ",40%,Online
,Sports Direct,1128299,11/13/21,Southeast,Georgia,Atlanta,Men's Apparel,$65.00 ,350,"$227,500 ","$79,625 ",35%,Online
,Sports Direct,1128299,11/13/21,Southeast,Georgia,Atlanta,Women's Apparel,$70.00 ,475,"$332,500 ","$83,125 ",25%,Online
,Sports Direct,1128299,12/12/21,Southeast,Georgia,Atlanta,Men's Street Footwear,$55.00 ,675,"$371,250 ","$148,500 ",40%,Online
,Sports Direct,1128299,12/12/21,Southeast,Georgia,Atlanta,Men's Athletic Footwear,$60.00 ,675,"$405,000 ","$162,000 ",40%,Online
,Foot Locker,1128299,12/12/21,Southeast,Georgia,Atlanta,Women's Street Footwear,$55.00 ,475,"$261,250 ","$91,438 ",35%,Online
,Foot Locker,1128299,12/12/21,Southeast,Georgia,Atlanta,Women's Athletic Footwear,$55.00 ,475,"$261,250 ","$104,500 ",40%,Online
,Foot Locker,1128299,12/12/21,Southeast,Georgia,Atlanta,Men's Apparel,$65.00 ,400,"$260,000 ","$91,000 ",35%,Online
,Foot Locker,1128299,12/12/21,Southeast,Georgia,Atlanta,Women's Apparel,$70.00 ,500,"$350,000 ","$87,500 ",25%,Online
,Foot Locker,1185732,1/9/21,Southeast,Georgia,Atlanta,Men's Street Footwear,$40.00 ,"1,025","$410,000 ","$184,500 ",45%,Online
,Foot Locker,1185732,1/9/21,Southeast,Georgia,Atlanta,Men's Athletic Footwear,$40.00 ,825,"$330,000 ","$115,500 ",35%,Online
,Foot Locker,1185732,1/9/21,Southeast,Georgia,Atlanta,Women's Street Footwear,$30.00 ,825,"$247,500 ","$61,875 ",25%,Online
,Foot Locker,1185732,1/9/21,Southeast,Georgia,Atlanta,Women's Athletic Footwear,$35.00 ,675,"$236,250 ","$70,875 ",30%,Online
,Foot Locker,1185732,1/9/21,Southeast,Georgia,Atlanta,Men's Apparel,$50.00 ,725,"$362,500 ","$126,875 ",35%,Online
,Foot Locker,1185732,1/9/21,Southeast,Georgia,Atlanta,Women's Apparel,$40.00 ,825,"$330,000 ","$165,000 ",50%,Online
,Foot Locker,1185732,2/7/21,Southeast,Georgia,Atlanta,Men's Street Footwear,$40.00 ,"1,075","$430,000 ","$193,500 ",45%,Online
,Foot Locker,1185732,2/7/21,Southeast,Georgia,Atlanta,Men's Athletic Footwear,$40.00 ,725,"$290,000 ","$101,500 ",35%,Online
,Foot Locker,1185732,2/7/21,Southeast,Georgia,Atlanta,Women's Street Footwear,$30.00 ,775,"$232,500 ","$58,125 ",25%,Online
,Foot Locker,1185732,2/7/21,Southeast,South Carolina,Charleston,Women's Athletic Footwear,$35.00 ,625,"$218,750 ","$65,625 ",30%,Online
,Foot Locker,1185732,2/7/21,Southeast,South Carolina,Charleston,Men's Apparel,$50.00 ,700,"$350,000 ","$122,500 ",35%,Online
,Foot Locker,1185732,2/7/21,Southeast,South Carolina,Charleston,Women's Apparel,$35.00 ,800,"$280,000 ","$140,000 ",50%,Online
,Foot Locker,1185732,3/5/21,Southeast,South Carolina,Charleston,Men's Street Footwear,$35.00 ,"1,020","$357,000 ","$160,650 ",45%,Online
,Foot Locker,1185732,3/5/21,Southeast,South Carolina,Charleston,Men's Athletic Footwear,$35.00 ,700,"$245,000 ","$85,750 ",35%,Online
,Foot Locker,1185732,3/5/21,Southeast,South Carolina,Charleston,Women's Street Footwear,$25.00 ,725,"$181,250 ","$45,313 ",25%,Online
,Foot Locker,1185732,3/5/21,Southeast,South Carolina,Charleston,Women's Athletic Footwear,$30.00 ,575,"$172,500 ","$51,750 ",30%,Online
,Foot Locker,1185732,3/5/21,Southeast,South Carolina,Charleston,Men's Apparel,$45.00 ,625,"$281,250 ","$98,438 ",35%,Online
,Foot Locker,1185732,3/5/21,Southeast,South Carolina,Charleston,Women's Apparel,$35.00 ,725,"$253,750 ","$126,875 ",50%,Online
,Foot Locker,1185732,4/6/21,Southeast,South Carolina,Charleston,Men's Street Footwear,$35.00 ,975,"$341,250 ","$153,563 ",45%,Online
,Foot Locker,1185732,4/6/21,Southeast,South Carolina,Charleston,Men's Athletic Footwear,$35.00 ,675,"$236,250 ","$82,688 ",35%,Online
,Foot Locker,1185732,4/6/21,Southeast,South Carolina,Charleston,Women's Street Footwear,$25.00 ,675,"$168,750 ","$42,188 ",25%,Online
,Foot Locker,1185732,4/6/21,Southeast,South Carolina,Charleston,Women's Athletic Footwear,$30.00 ,600,"$180,000 ","$54,000 ",30%,Online
,Foot Locker,1185732,4/6/21,Southeast,South Carolina,Charleston,Men's Apparel,$50.00 ,625,"$312,500 ","$109,375 ",35%,Online
,Foot Locker,1185732,4/6/21,Southeast,South Carolina,Charleston,Women's Apparel,$40.00 ,775,"$310,000 ","$155,000 ",50%,Online
,Foot Locker,1185732,5/5/21,Southeast,South Carolina,Charleston,Men's Street Footwear,$50.00 ,"1,045","$522,500 ","$235,125 ",45%,Online
,Foot Locker,1185732,5/5/21,Southeast,South Carolina,Charleston,Men's Athletic Footwear,$50.00 ,750,"$375,000 ","$131,250 ",35%,Online
,Foot Locker,1185732,5/5/21,Southeast,South Carolina,Charleston,Women's Street Footwear,$45.00 ,725,"$326,250 ","$81,563 ",25%,Online
,Foot Locker,1185732,5/5/21,Southeast,South Carolina,Charleston,Women's Athletic Footwear,$45.00 ,675,"$303,750 ","$91,125 ",30%,Online
,Foot Locker,1185732,5/5/21,Southeast,South Carolina,Charleston,Men's Apparel,$55.00 ,700,"$385,000 ","$134,750 ",35%,Online
,Foot Locker,1185732,5/5/21,Southeast,South Carolina,Charleston,Women's Apparel,$60.00 ,800,"$480,000 ","$240,000 ",50%,Online
,Foot Locker,1185732,6/7/21,Southeast,South Carolina,Charleston,Men's Street Footwear,$55.00 ,"1,050","$577,500 ","$259,875 ",45%,Online
,Foot Locker,1185732,6/7/21,Southeast,South Carolina,Charleston,Men's Athletic Footwear,$50.00 ,800,"$400,000 ","$140,000 ",35%,Online
,Foot Locker,1185732,6/7/21,Southeast,South Carolina,Charleston,Women's Street Footwear,$50.00 ,775,"$387,500 ","$96,875 ",25%,Online
,Foot Locker,1185732,6/7/21,Southeast,South Carolina,Charleston,Women's Athletic Footwear,$50.00 ,750,"$375,000 ","$112,500 ",30%,Online
,Foot Locker,1185732,6/7/21,Southeast,South Carolina,Charleston,Men's Apparel,$65.00 ,750,"$487,500 ","$170,625 ",35%,Online
,Foot Locker,1185732,6/7/21,Southeast,South Carolina,Charleston,Women's Apparel,$70.00 ,925,"$647,500 ","$323,750 ",50%,Online
,Foot Locker,1185732,7/5/21,Southeast,South Carolina,Charleston,Men's Street Footwear,$65.00 ,"1,150","$747,500 ","$336,375 ",45%,Online
,Foot Locker,1185732,7/5/21,Southeast,South Carolina,Charleston,Men's Athletic Footwear,$60.00 ,900,"$540,000 ","$189,000 ",35%,Online
,Foot Locker,1185732,7/5/21,Southeast,South Carolina,Charleston,Women's Street Footwear,$55.00 ,825,"$453,750 ","$113,438 ",25%,Online
,Foot Locker,1185732,7/5/21,Southeast,South Carolina,Charleston,Women's Athletic Footwear,$55.00 ,775,"$426,250 ","$127,875 ",30%,Online
,Foot Locker,1185732,7/5/21,Southeast,South Carolina,Charleston,Men's Apparel,$65.00 ,800,"$520,000 ","$182,000 ",35%,Online
,Foot Locker,1185732,7/5/21,Southeast,South Carolina,Charleston,Women's Apparel,$70.00 ,975,"$682,500 ","$341,250 ",50%,Online
,Foot Locker,1185732,8/6/21,Southeast,South Carolina,Charleston,Men's Street Footwear,$65.00 ,"1,125","$731,250 ","$329,063 ",45%,Online
,Foot Locker,1185732,8/6/21,Southeast,South Carolina,Charleston,Men's Athletic Footwear,$60.00 ,900,"$540,000 ","$189,000 ",35%,Online
,Foot Locker,1185732,8/6/21,Southeast,South Carolina,Charleston,Women's Street Footwear,$55.00 ,825,"$453,750 ","$113,438 ",25%,Online
,Foot Locker,1185732,8/6/21,Southeast,South Carolina,Charleston,Women's Athletic Footwear,$45.00 ,775,"$348,750 ","$104,625 ",30%,Online
,Foot Locker,1185732,8/6/21,Southeast,South Carolina,Charleston,Men's Apparel,$55.00 ,750,"$412,500 ","$144,375 ",35%,Online
,Foot Locker,1185732,8/6/21,Southeast,South Carolina,Charleston,Women's Apparel,$60.00 ,925,"$555,000 ","$277,500 ",50%,Online
,Foot Locker,1185732,9/5/21,Southeast,South Carolina,Charleston,Men's Street Footwear,$55.00 ,"1,025","$563,750 ","$253,688 ",45%,Online
,Foot Locker,1185732,9/5/21,Southeast,South Carolina,Charleston,Men's Athletic Footwear,$50.00 ,825,"$412,500 ","$144,375 ",35%,Online
,Foot Locker,1185732,9/5/21,Southeast,South Carolina,Charleston,Women's Street Footwear,$40.00 ,725,"$290,000 ","$72,500 ",25%,Online
,Foot Locker,1185732,9/5/21,Southeast,South Carolina,Charleston,Women's Athletic Footwear,$40.00 ,700,"$280,000 ","$84,000 ",30%,Online
,Foot Locker,1185732,9/5/21,Southeast,South Carolina,Charleston,Men's Apparel,$50.00 ,700,"$350,000 ","$122,500 ",35%,Online
,Foot Locker,1185732,9/5/21,Southeast,South Carolina,Charleston,Women's Apparel,$55.00 ,800,"$440,000 ","$220,000 ",50%,Online
,Foot Locker,1185732,10/7/21,Southeast,South Carolina,Charleston,Men's Street Footwear,$55.00 ,975,"$536,250 ","$241,313 ",45%,Online
,Foot Locker,1185732,10/7/21,Southeast,South Carolina,Charleston,Men's Athletic Footwear,$45.00 ,800,"$360,000 ","$126,000 ",35%,Online
,Foot Locker,1185732,10/7/21,Southeast,South Carolina,Charleston,Women's Street Footwear,$45.00 ,675,"$303,750 ","$75,938 ",25%,Online
,Foot Locker,1185732,10/7/21,Southeast,South Carolina,Charleston,Women's Athletic Footwear,$45.00 ,650,"$292,500 ","$87,750 ",30%,Online
,Foot Locker,1185732,10/7/21,Southeast,South Carolina,Charleston,Men's Apparel,$55.00 ,650,"$357,500 ","$125,125 ",35%,Online
,Foot Locker,1185732,10/7/21,Southeast,South Carolina,Charleston,Women's Apparel,$60.00 ,775,"$465,000 ","$232,500 ",50%,Online
,Foot Locker,1185732,11/6/21,Southeast,South Carolina,Charleston,Men's Street Footwear,$55.00 ,925,"$508,750 ","$228,938 ",45%,Online
,Foot Locker,1185732,11/6/21,Southeast,South Carolina,Charleston,Men's Athletic Footwear,$45.00 ,750,"$337,500 ","$118,125 ",35%,Online
,Foot Locker,1185732,11/6/21,Southeast,South Carolina,Charleston,Women's Street Footwear,$45.00 ,695,"$312,750 ","$78,188 ",25%,Online
,Foot Locker,1185732,11/6/21,Southeast,South Carolina,Charleston,Women's Athletic Footwear,$55.00 ,750,"$412,500 ","$123,750 ",30%,Online
,Foot Locker,1185732,11/6/21,Southeast,South Carolina,Charleston,Men's Apparel,$70.00 ,725,"$507,500 ","$177,625 ",35%,Online
,Foot Locker,1185732,11/6/21,Southeast,South Carolina,Charleston,Women's Apparel,$75.00 ,825,"$618,750 ","$309,375 ",50%,Online
,Foot Locker,1185732,12/5/21,Southeast,South Carolina,Charleston,Men's Street Footwear,$70.00 ,"1,075","$752,500 ","$338,625 ",45%,Online
,Foot Locker,1185732,12/5/21,Southeast,South Carolina,Charleston,Men's Athletic Footwear,$60.00 ,875,"$525,000 ","$183,750 ",35%,Online
,Sports Direct,1185732,12/5/21,Southeast,South Carolina,Charleston,Women's Street Footwear,$60.00 ,825,"$495,000 ","$123,750 ",25%,Online
,Sports Direct,1185732,12/5/21,Southeast,South Carolina,Charleston,Women's Athletic Footwear,$60.00 ,775,"$465,000 ","$139,500 ",30%,Online
,Sports Direct,1185732,12/5/21,Southeast,South Carolina,Charleston,Men's Apparel,$70.00 ,775,"$542,500 ","$189,875 ",35%,Online
,Sports Direct,1185732,12/5/21,Southeast,South Carolina,Charleston,Women's Apparel,$75.00 ,875,"$656,250 ","$328,125 ",50%,Online
,Sports Direct,1185732,1/6/21,Southeast,South Carolina,Charleston,Men's Street Footwear,$35.00 ,925,"$323,750 ","$129,500 ",40%,Online
,Sports Direct,1185732,1/6/21,Southeast,South Carolina,Charleston,Men's Athletic Footwear,$35.00 ,725,"$253,750 ","$88,813 ",35%,Online
,Sports Direct,1185732,1/6/21,Southeast,South Carolina,Charleston,Women's Street Footwear,$25.00 ,725,"$181,250 ","$72,500 ",40%,Online
,Sports Direct,1185732,1/6/21,Southeast,South Carolina,Charleston,Women's Athletic Footwear,$30.00 ,575,"$172,500 ","$69,000 ",40%,Online
,Sports Direct,1185732,1/6/21,Southeast,South Carolina,Charleston,Men's Apparel,$45.00 ,625,"$281,250 ","$98,438 ",35%,Online
,Sports Direct,1185732,1/6/21,Southeast,South Carolina,Charleston,Women's Apparel,$35.00 ,725,"$253,750 ","$126,875 ",50%,Online
,Sports Direct,1185732,2/4/21,Southeast,South Carolina,Charleston,Men's Street Footwear,$35.00 ,975,"$341,250 ","$136,500 ",40%,Online
,Sports Direct,1185732,2/4/21,Southeast,South Carolina,Charleston,Men's Athletic Footwear,$35.00 ,625,"$218,750 ","$76,563 ",35%,Online
,Sports Direct,1185732,2/4/21,Southeast,South Carolina,Charleston,Women's Street Footwear,$25.00 ,675,"$168,750 ","$67,500 ",40%,Online
,Sports Direct,1185732,2/4/21,Southeast,North Carolina,Charlotte,Women's Athletic Footwear,$30.00 ,525,"$157,500 ","$63,000 ",40%,Online
,Sports Direct,1185732,2/4/21,Southeast,North Carolina,Charlotte,Men's Apparel,$45.00 ,600,"$270,000 ","$94,500 ",35%,Online
,Sports Direct,1185732,2/4/21,Southeast,North Carolina,Charlotte,Women's Apparel,$30.00 ,700,"$210,000 ","$105,000 ",50%,Online
,Sports Direct,1185732,3/2/21,Southeast,North Carolina,Charlotte,Men's Street Footwear,$30.00 ,920,"$276,000 ","$110,400 ",40%,Online
,Sports Direct,1185732,3/2/21,Southeast,North Carolina,Charlotte,Men's Athletic Footwear,$30.00 ,600,"$180,000 ","$63,000 ",35%,Online
,Sports Direct,1185732,3/2/21,Southeast,North Carolina,Charlotte,Women's Street Footwear,$20.00 ,625,"$125,000 ","$50,000 ",40%,Online
,Sports Direct,1185732,3/2/21,Southeast,North Carolina,Charlotte,Women's Athletic Footwear,$25.00 ,475,"$118,750 ","$47,500 ",40%,Online
,Sports Direct,1185732,3/2/21,Southeast,North Carolina,Charlotte,Men's Apparel,$40.00 ,525,"$210,000 ","$73,500 ",35%,Online
,Sports Direct,1185732,3/2/21,Southeast,North Carolina,Charlotte,Women's Apparel,$30.00 ,625,"$187,500 ","$93,750 ",50%,Online
,Sports Direct,1185732,4/3/21,Southeast,North Carolina,Charlotte,Men's Street Footwear,$30.00 ,875,"$262,500 ","$105,000 ",40%,Online
,Sports Direct,1185732,4/3/21,Southeast,North Carolina,Charlotte,Men's Athletic Footwear,$30.00 ,575,"$172,500 ","$60,375 ",35%,Online
,Sports Direct,1185732,4/3/21,Southeast,North Carolina,Charlotte,Women's Street Footwear,$20.00 ,575,"$115,000 ","$46,000 ",40%,Online
,Sports Direct,1185732,4/3/21,Southeast,North Carolina,Charlotte,Women's Athletic Footwear,$25.00 ,500,"$125,000 ","$50,000 ",40%,Online
,Sports Direct,1185732,4/3/21,Southeast,North Carolina,Charlotte,Men's Apparel,$45.00 ,525,"$236,250 ","$82,688 ",35%,Online
,Sports Direct,1185732,4/3/21,Southeast,North Carolina,Charlotte,Women's Apparel,$35.00 ,675,"$236,250 ","$118,125 ",50%,Online
,Sports Direct,1185732,5/2/21,Southeast,North Carolina,Charlotte,Men's Street Footwear,$45.00 ,945,"$425,250 ","$170,100 ",40%,Online
,Sports Direct,1185732,5/2/21,Southeast,North Carolina,Charlotte,Men's Athletic Footwear,$45.00 ,650,"$292,500 ","$102,375 ",35%,Online
,Sports Direct,1185732,5/2/21,Southeast,North Carolina,Charlotte,Women's Street Footwear,$40.00 ,625,"$250,000 ","$100,000 ",40%,Online
,Sports Direct,1185732,5/2/21,Southeast,North Carolina,Charlotte,Women's Athletic Footwear,$40.00 ,575,"$230,000 ","$92,000 ",40%,Online
,Sports Direct,1185732,5/2/21,Southeast,North Carolina,Charlotte,Men's Apparel,$50.00 ,600,"$300,000 ","$105,000 ",35%,Online
,Sports Direct,1185732,5/2/21,Southeast,North Carolina,Charlotte,Women's Apparel,$55.00 ,700,"$385,000 ","$192,500 ",50%,Online
,Sports Direct,1185732,6/4/21,Southeast,North Carolina,Charlotte,Men's Street Footwear,$50.00 ,950,"$475,000 ","$190,000 ",40%,Online
,Sports Direct,1185732,6/4/21,Southeast,North Carolina,Charlotte,Men's Athletic Footwear,$45.00 ,700,"$315,000 ","$110,250 ",35%,Online
,Sports Direct,1185732,6/4/21,Southeast,North Carolina,Charlotte,Women's Street Footwear,$50.00 ,675,"$337,500 ","$135,000 ",40%,Online
,Sports Direct,1185732,6/4/21,Southeast,North Carolina,Charlotte,Women's Athletic Footwear,$50.00 ,650,"$325,000 ","$130,000 ",40%,Online
,Sports Direct,1185732,6/4/21,Southeast,North Carolina,Charlotte,Men's Apparel,$65.00 ,650,"$422,500 ","$147,875 ",35%,Online
,Sports Direct,1185732,6/4/21,Southeast,North Carolina,Charlotte,Women's Apparel,$70.00 ,825,"$577,500 ","$288,750 ",50%,Online
,Sports Direct,1185732,7/2/21,Southeast,North Carolina,Charlotte,Men's Street Footwear,$65.00 ,"1,050","$682,500 ","$273,000 ",40%,Online
,Sports Direct,1185732,7/2/21,Southeast,North Carolina,Charlotte,Men's Athletic Footwear,$60.00 ,800,"$480,000 ","$168,000 ",35%,Online
,Sports Direct,1185732,7/2/21,Southeast,North Carolina,Charlotte,Women's Street Footwear,$55.00 ,725,"$398,750 ","$159,500 ",40%,Online
,Sports Direct,1185732,7/2/21,Southeast,North Carolina,Charlotte,Women's Athletic Footwear,$55.00 ,675,"$371,250 ","$148,500 ",40%,Online
,Sports Direct,1185732,7/2/21,Southeast,North Carolina,Charlotte,Men's Apparel,$65.00 ,700,"$455,000 ","$159,250 ",35%,Online
,Sports Direct,1185732,7/2/21,Southeast,North Carolina,Charlotte,Women's Apparel,$70.00 ,875,"$612,500 ","$306,250 ",50%,Online
,Sports Direct,1185732,8/3/21,Southeast,North Carolina,Charlotte,Men's Street Footwear,$65.00 ,"1,025","$666,250 ","$266,500 ",40%,Online
,Sports Direct,1185732,8/3/21,Southeast,North Carolina,Charlotte,Men's Athletic Footwear,$60.00 ,800,"$480,000 ","$168,000 ",35%,Online
,Sports Direct,1185732,8/3/21,Southeast,North Carolina,Charlotte,Women's Street Footwear,$55.00 ,725,"$398,750 ","$159,500 ",40%,Online
,Sports Direct,1185732,8/3/21,Southeast,North Carolina,Charlotte,Women's Athletic Footwear,$45.00 ,675,"$303,750 ","$121,500 ",40%,Online
,Sports Direct,1185732,8/3/21,Southeast,North Carolina,Charlotte,Men's Apparel,$55.00 ,650,"$357,500 ","$125,125 ",35%,Online
,Sports Direct,1185732,8/3/21,Southeast,North Carolina,Charlotte,Women's Apparel,$60.00 ,825,"$495,000 ","$247,500 ",50%,Online
,Sports Direct,1185732,9/2/21,Southeast,North Carolina,Charlotte,Men's Street Footwear,$55.00 ,925,"$508,750 ","$203,500 ",40%,Online
,Sports Direct,1185732,9/2/21,Southeast,North Carolina,Charlotte,Men's Athletic Footwear,$50.00 ,725,"$362,500 ","$126,875 ",35%,Online
,Sports Direct,1185732,9/2/21,Southeast,North Carolina,Charlotte,Women's Street Footwear,$30.00 ,625,"$187,500 ","$75,000 ",40%,Online
,Sports Direct,1185732,9/2/21,Southeast,North Carolina,Charlotte,Women's Athletic Footwear,$30.00 ,600,"$180,000 ","$72,000 ",40%,Online
,Sports Direct,1185732,9/2/21,Southeast,North Carolina,Charlotte,Men's Apparel,$40.00 ,600,"$240,000 ","$84,000 ",35%,Online
,Sports Direct,1185732,9/2/21,Southeast,North Carolina,Charlotte,Women's Apparel,$45.00 ,700,"$315,000 ","$157,500 ",50%,Online
,Sports Direct,1185732,10/4/21,Southeast,North Carolina,Charlotte,Men's Street Footwear,$45.00 ,875,"$393,750 ","$157,500 ",40%,Online
,Sports Direct,1185732,10/4/21,Southeast,North Carolina,Charlotte,Men's Athletic Footwear,$35.00 ,700,"$245,000 ","$85,750 ",35%,Online
,Sports Direct,1185732,10/4/21,Southeast,North Carolina,Charlotte,Women's Street Footwear,$35.00 ,575,"$201,250 ","$80,500 ",40%,Online
,Sports Direct,1185732,10/4/21,Southeast,North Carolina,Charlotte,Women's Athletic Footwear,$35.00 ,550,"$192,500 ","$77,000 ",40%,Online
,Sports Direct,1185732,10/4/21,Southeast,North Carolina,Charlotte,Men's Apparel,$45.00 ,550,"$247,500 ","$86,625 ",35%,Online
,Sports Direct,1185732,10/4/21,Southeast,North Carolina,Charlotte,Women's Apparel,$50.00 ,675,"$337,500 ","$168,750 ",50%,Online
,Sports Direct,1185732,11/3/21,Southeast,North Carolina,Charlotte,Men's Street Footwear,$45.00 ,825,"$371,250 ","$148,500 ",40%,Online
,Sports Direct,1185732,11/3/21,Southeast,North Carolina,Charlotte,Men's Athletic Footwear,$35.00 ,650,"$227,500 ","$79,625 ",35%,Online
,Sports Direct,1185732,11/3/21,Southeast,North Carolina,Charlotte,Women's Street Footwear,$40.00 ,595,"$238,000 ","$95,200 ",40%,Online
,Sports Direct,1185732,11/3/21,Southeast,North Carolina,Charlotte,Women's Athletic Footwear,$60.00 ,650,"$390,000 ","$156,000 ",40%,Online
,Sports Direct,1185732,11/3/21,Southeast,North Carolina,Charlotte,Men's Apparel,$75.00 ,625,"$468,750 ","$164,063 ",35%,Online
,Sports Direct,1185732,11/3/21,Southeast,North Carolina,Charlotte,Women's Apparel,$75.00 ,725,"$543,750 ","$271,875 ",50%,Online
,Sports Direct,1185732,12/2/21,Southeast,North Carolina,Charlotte,Men's Street Footwear,$70.00 ,975,"$682,500 ","$273,000 ",40%,Online
,Sports Direct,1185732,12/2/21,Southeast,North Carolina,Charlotte,Men's Athletic Footwear,$60.00 ,775,"$465,000 ","$162,750 ",35%,Online
,Amazon,1185732,12/2/21,Southeast,North Carolina,Charlotte,Women's Street Footwear,$60.00 ,725,"$435,000 ","$174,000 ",40%,Online
,Amazon,1185732,12/2/21,Southeast,North Carolina,Charlotte,Women's Athletic Footwear,$60.00 ,675,"$405,000 ","$162,000 ",40%,Online
,Amazon,1185732,12/2/21,Southeast,North Carolina,Charlotte,Men's Apparel,$70.00 ,675,"$472,500 ","$165,375 ",35%,Online
,Amazon,1185732,12/2/21,Southeast,North Carolina,Charlotte,Women's Apparel,$75.00 ,775,"$581,250 ","$290,625 ",50%,Online
,Amazon,1185732,1/13/21,Southeast,North Carolina,Charlotte,Men's Street Footwear,$35.00 ,775,"$271,250 ","$108,500 ",40%,Online
,Amazon,1185732,1/13/21,Southeast,North Carolina,Charlotte,Men's Athletic Footwear,$35.00 ,575,"$201,250 ","$70,438 ",35%,Online
,Amazon,1185732,1/13/21,Southeast,North Carolina,Charlotte,Women's Street Footwear,$25.00 ,575,"$143,750 ","$57,500 ",40%,Online
,Amazon,1185732,1/13/21,Southeast,North Carolina,Charlotte,Women's Athletic Footwear,$30.00 ,425,"$127,500 ","$51,000 ",40%,Online
,Amazon,1185732,1/13/21,Southeast,North Carolina,Charlotte,Men's Apparel,$45.00 ,475,"$213,750 ","$74,813 ",35%,Online
,Amazon,1185732,1/13/21,Southeast,North Carolina,Charlotte,Women's Apparel,$35.00 ,575,"$201,250 ","$100,625 ",50%,Online
,Amazon,1185732,2/11/21,Southeast,North Carolina,Charlotte,Men's Street Footwear,$35.00 ,825,"$288,750 ","$115,500 ",40%,Online
,Amazon,1185732,2/11/21,Southeast,North Carolina,Charlotte,Men's Athletic Footwear,$35.00 ,475,"$166,250 ","$58,188 ",35%,Online
,Amazon,1185732,2/11/21,Southeast,North Carolina,Charlotte,Women's Street Footwear,$25.00 ,525,"$131,250 ","$52,500 ",40%,Online
,Amazon,1185732,2/11/21,Midwest,Ohio,Columbus,Women's Athletic Footwear,$30.00 ,375,"$112,500 ","$45,000 ",40%,Online
,Amazon,1185732,2/11/21,Midwest,Ohio,Columbus,Men's Apparel,$45.00 ,450,"$202,500 ","$70,875 ",35%,Online
,Amazon,1185732,2/11/21,Midwest,Ohio,Columbus,Women's Apparel,$30.00 ,550,"$165,000 ","$82,500 ",50%,Online
,Amazon,1185732,3/9/21,Midwest,Ohio,Columbus,Men's Street Footwear,$30.00 ,770,"$231,000 ","$92,400 ",40%,Online
,Amazon,1185732,3/9/21,Midwest,Ohio,Columbus,Men's Athletic Footwear,$30.00 ,450,"$135,000 ","$47,250 ",35%,Online
,Amazon,1185732,3/9/21,Midwest,Ohio,Columbus,Women's Street Footwear,$20.00 ,475,"$95,000 ","$38,000 ",40%,Online
,Amazon,1185732,3/9/21,Midwest,Ohio,Columbus,Women's Athletic Footwear,$25.00 ,325,"$81,250 ","$32,500 ",40%,Online
,Amazon,1185732,3/9/21,Midwest,Ohio,Columbus,Men's Apparel,$40.00 ,375,"$150,000 ","$52,500 ",35%,Online
,Amazon,1185732,3/9/21,Midwest,Ohio,Columbus,Women's Apparel,$30.00 ,475,"$142,500 ","$71,250 ",50%,Online
,Amazon,1185732,4/10/21,Midwest,Ohio,Columbus,Men's Street Footwear,$30.00 ,725,"$217,500 ","$87,000 ",40%,Online
,Amazon,1185732,4/10/21,Midwest,Ohio,Columbus,Men's Athletic Footwear,$30.00 ,425,"$127,500 ","$44,625 ",35%,Online
,Amazon,1185732,4/10/21,Midwest,Ohio,Columbus,Women's Street Footwear,$20.00 ,425,"$85,000 ","$34,000 ",40%,Online
,Amazon,1185732,4/10/21,Midwest,Ohio,Columbus,Women's Athletic Footwear,$25.00 ,350,"$87,500 ","$35,000 ",40%,Online
,Amazon,1185732,4/10/21,Midwest,Ohio,Columbus,Men's Apparel,$45.00 ,375,"$168,750 ","$59,063 ",35%,Online
,Amazon,1185732,4/10/21,Midwest,Ohio,Columbus,Women's Apparel,$35.00 ,525,"$183,750 ","$91,875 ",50%,Online
,Amazon,1185732,5/9/21,Midwest,Ohio,Columbus,Men's Street Footwear,$45.00 ,795,"$357,750 ","$143,100 ",40%,Online
,Amazon,1185732,5/9/21,Midwest,Ohio,Columbus,Men's Athletic Footwear,$45.00 ,500,"$225,000 ","$78,750 ",35%,Online
,Amazon,1185732,5/9/21,Midwest,Ohio,Columbus,Women's Street Footwear,$40.00 ,475,"$190,000 ","$76,000 ",40%,Online
,Amazon,1185732,5/9/21,Midwest,Ohio,Columbus,Women's Athletic Footwear,$40.00 ,425,"$170,000 ","$68,000 ",40%,Online
,Amazon,1185732,5/9/21,Midwest,Ohio,Columbus,Men's Apparel,$50.00 ,450,"$225,000 ","$78,750 ",35%,Online
,Amazon,1185732,5/9/21,Midwest,Ohio,Columbus,Women's Apparel,$55.00 ,550,"$302,500 ","$151,250 ",50%,Online
,Amazon,1185732,6/11/21,Midwest,Ohio,Columbus,Men's Street Footwear,$50.00 ,800,"$400,000 ","$160,000 ",40%,Online
,Amazon,1185732,6/11/21,Midwest,Ohio,Columbus,Men's Athletic Footwear,$45.00 ,550,"$247,500 ","$86,625 ",35%,Online
,Amazon,1185732,6/11/21,Midwest,Ohio,Columbus,Women's Street Footwear,$50.00 ,525,"$262,500 ","$105,000 ",40%,Online
,Amazon,1185732,6/11/21,Midwest,Ohio,Columbus,Women's Athletic Footwear,$50.00 ,500,"$250,000 ","$100,000 ",40%,Online
,Amazon,1185732,6/11/21,Midwest,Ohio,Columbus,Men's Apparel,$65.00 ,500,"$325,000 ","$113,750 ",35%,Online
,Amazon,1185732,6/11/21,Midwest,Ohio,Columbus,Women's Apparel,$70.00 ,675,"$472,500 ","$236,250 ",50%,Online
,Amazon,1185732,7/9/21,Midwest,Ohio,Columbus,Men's Street Footwear,$65.00 ,900,"$585,000 ","$234,000 ",40%,Online
,Amazon,1185732,7/9/21,Midwest,Ohio,Columbus,Men's Athletic Footwear,$60.00 ,650,"$390,000 ","$136,500 ",35%,Online
,Amazon,1185732,7/9/21,Midwest,Ohio,Columbus,Women's Street Footwear,$55.00 ,575,"$316,250 ","$126,500 ",40%,Online
,Amazon,1185732,7/9/21,Midwest,Ohio,Columbus,Women's Athletic Footwear,$55.00 ,525,"$288,750 ","$115,500 ",40%,Online
,Amazon,1185732,7/9/21,Midwest,Ohio,Columbus,Men's Apparel,$65.00 ,550,"$357,500 ","$125,125 ",35%,Online
,Amazon,1185732,7/9/21,Midwest,Ohio,Columbus,Women's Apparel,$70.00 ,725,"$507,500 ","$253,750 ",50%,Online
,Amazon,1185732,8/10/21,Midwest,Ohio,Columbus,Men's Street Footwear,$65.00 ,875,"$568,750 ","$227,500 ",40%,Online
,Amazon,1185732,8/10/21,Midwest,Ohio,Columbus,Men's Athletic Footwear,$60.00 ,650,"$390,000 ","$136,500 ",35%,Online
,Amazon,1185732,8/10/21,Midwest,Ohio,Columbus,Women's Street Footwear,$55.00 ,575,"$316,250 ","$126,500 ",40%,Online
,Amazon,1185732,8/10/21,Midwest,Ohio,Columbus,Women's Athletic Footwear,$45.00 ,525,"$236,250 ","$94,500 ",40%,Online
,Amazon,1185732,8/10/21,Midwest,Ohio,Columbus,Men's Apparel,$55.00 ,500,"$275,000 ","$96,250 ",35%,Online
,Amazon,1185732,8/10/21,Midwest,Ohio,Columbus,Women's Apparel,$60.00 ,675,"$405,000 ","$202,500 ",50%,Online
,Amazon,1185732,9/9/21,Midwest,Ohio,Columbus,Men's Street Footwear,$55.00 ,775,"$426,250 ","$170,500 ",40%,Online
,Amazon,1185732,9/9/21,Midwest,Ohio,Columbus,Men's Athletic Footwear,$50.00 ,575,"$287,500 ","$100,625 ",35%,Online
,Amazon,1185732,9/9/21,Midwest,Ohio,Columbus,Women's Street Footwear,$25.00 ,475,"$118,750 ","$47,500 ",40%,Online
,Amazon,1185732,9/9/21,Midwest,Ohio,Columbus,Women's Athletic Footwear,$25.00 ,450,"$112,500 ","$45,000 ",40%,Online
,Amazon,1185732,9/9/21,Midwest,Ohio,Columbus,Men's Apparel,$35.00 ,450,"$157,500 ","$55,125 ",35%,Online
,Amazon,1185732,9/9/21,Midwest,Ohio,Columbus,Women's Apparel,$40.00 ,550,"$220,000 ","$110,000 ",50%,Online
,Amazon,1185732,10/11/21,Midwest,Ohio,Columbus,Men's Street Footwear,$40.00 ,725,"$290,000 ","$116,000 ",40%,Online
,Amazon,1185732,10/11/21,Midwest,Ohio,Columbus,Men's Athletic Footwear,$30.00 ,550,"$165,000 ","$57,750 ",35%,Online
,Amazon,1185732,10/11/21,Midwest,Ohio,Columbus,Women's Street Footwear,$30.00 ,425,"$127,500 ","$51,000 ",40%,Online
,Amazon,1185732,10/11/21,Midwest,Ohio,Columbus,Women's Athletic Footwear,$30.00 ,400,"$120,000 ","$48,000 ",40%,Online
,Amazon,1185732,10/11/21,Midwest,Ohio,Columbus,Men's Apparel,$40.00 ,400,"$160,000 ","$56,000 ",35%,Online
,Amazon,1185732,10/11/21,Midwest,Ohio,Columbus,Women's Apparel,$40.00 ,525,"$210,000 ","$105,000 ",50%,Online
,Amazon,1185732,11/10/21,Midwest,Ohio,Columbus,Men's Street Footwear,$35.00 ,675,"$236,250 ","$94,500 ",40%,Online
,Amazon,1185732,11/10/21,Midwest,Ohio,Columbus,Men's Athletic Footwear,$25.00 ,500,"$125,000 ","$43,750 ",35%,Online
,Amazon,1185732,11/10/21,Midwest,Ohio,Columbus,Women's Street Footwear,$35.00 ,445,"$155,750 ","$62,300 ",40%,Online
,Amazon,1185732,11/10/21,Midwest,Ohio,Columbus,Women's Athletic Footwear,$65.00 ,500,"$325,000 ","$130,000 ",40%,Online
,Amazon,1185732,11/10/21,Midwest,Ohio,Columbus,Men's Apparel,$80.00 ,475,"$380,000 ","$133,000 ",35%,Online
,Amazon,1185732,11/10/21,Midwest,Ohio,Columbus,Women's Apparel,$80.00 ,575,"$460,000 ","$230,000 ",50%,Online
,Amazon,1185732,12/9/21,Midwest,Ohio,Columbus,Men's Street Footwear,$75.00 ,825,"$618,750 ","$247,500 ",40%,Online
,Amazon,1185732,12/9/21,Midwest,Ohio,Columbus,Men's Athletic Footwear,$65.00 ,625,"$406,250 ","$142,188 ",35%,Online
,West Gear,1185732,12/9/21,Midwest,Ohio,Columbus,Women's Street Footwear,$65.00 ,575,"$373,750 ","$149,500 ",40%,Online
,West Gear,1185732,12/9/21,Midwest,Ohio,Columbus,Women's Athletic Footwear,$65.00 ,525,"$341,250 ","$136,500 ",40%,Online
,West Gear,1185732,12/9/21,Midwest,Ohio,Columbus,Men's Apparel,$75.00 ,525,"$393,750 ","$137,813 ",35%,Online
,West Gear,1185732,12/9/21,Midwest,Ohio,Columbus,Women's Apparel,$80.00 ,625,"$500,000 ","$250,000 ",50%,Online
,Amazon,1185732,1/22/21,Midwest,Ohio,Columbus,Men's Street Footwear,$40.00 ,500,"$200,000 ","$80,000 ",40%,Online
,Amazon,1185732,1/22/21,Midwest,Ohio,Columbus,Men's Athletic Footwear,$40.00 ,300,"$120,000 ","$42,000 ",35%,Online
,Amazon,1185732,1/22/21,Midwest,Ohio,Columbus,Women's Street Footwear,$30.00 ,300,"$90,000 ","$36,000 ",40%,Online
,Amazon,1185732,1/22/21,Midwest,Ohio,Columbus,Women's Athletic Footwear,$35.00 ,150,"$52,500 ","$21,000 ",40%,Online
,Amazon,1185732,1/22/21,Midwest,Ohio,Columbus,Men's Apparel,$50.00 ,200,"$100,000 ","$35,000 ",35%,Online
,Amazon,1185732,1/22/21,Midwest,Ohio,Columbus,Women's Apparel,$40.00 ,300,"$120,000 ","$48,000 ",40%,Online
,Amazon,1185732,2/22/21,Midwest,Ohio,Columbus,Men's Street Footwear,$40.00 ,550,"$220,000 ","$88,000 ",40%,Online
,Amazon,1185732,2/22/21,Midwest,Ohio,Columbus,Men's Athletic Footwear,$40.00 ,200,"$80,000 ","$28,000 ",35%,Online
,Amazon,1185732,2/22/21,Midwest,Ohio,Columbus,Women's Street Footwear,$30.00 ,250,"$75,000 ","$30,000 ",40%,Online
,Amazon,1185732,2/22/21,Southeast,Kentucky,Louisville,Women's Athletic Footwear,$35.00 ,125,"$43,750 ","$17,500 ",40%,Online
,Amazon,1185732,2/22/21,Southeast,Kentucky,Louisville,Men's Apparel,$50.00 ,200,"$100,000 ","$35,000 ",35%,Online
,Amazon,1185732,2/22/21,Southeast,Kentucky,Louisville,Women's Apparel,$40.00 ,300,"$120,000 ","$48,000 ",40%,Online
,Amazon,1185732,3/21/21,Southeast,Kentucky,Louisville,Men's Street Footwear,$45.00 ,520,"$234,000 ","$93,600 ",40%,Online
,Amazon,1185732,3/21/21,Southeast,Kentucky,Louisville,Men's Athletic Footwear,$45.00 ,225,"$101,250 ","$35,438 ",35%,Online
,Amazon,1185732,3/21/21,Southeast,Kentucky,Louisville,Women's Street Footwear,$35.00 ,250,"$87,500 ","$35,000 ",40%,Online
,Amazon,1185732,3/21/21,Southeast,Kentucky,Louisville,Women's Athletic Footwear,$40.00 ,100,"$40,000 ","$16,000 ",40%,Online
,Amazon,1185732,3/21/21,Southeast,Kentucky,Louisville,Men's Apparel,$55.00 ,150,"$82,500 ","$28,875 ",35%,Online
,Amazon,1185732,3/21/21,Southeast,Kentucky,Louisville,Women's Apparel,$45.00 ,250,"$112,500 ","$45,000 ",40%,Online
,Amazon,1185732,4/22/21,Southeast,Kentucky,Louisville,Men's Street Footwear,$45.00 ,475,"$213,750 ","$85,500 ",40%,Online
,Amazon,1185732,4/22/21,Southeast,Kentucky,Louisville,Men's Athletic Footwear,$45.00 ,175,"$78,750 ","$27,563 ",35%,Online
,Amazon,1185732,4/22/21,Southeast,Kentucky,Louisville,Women's Street Footwear,$40.00 ,175,"$70,000 ","$28,000 ",40%,Online
,Amazon,1185732,4/22/21,Southeast,Kentucky,Louisville,Women's Athletic Footwear,$45.00 ,100,"$45,000 ","$18,000 ",40%,Online
,Amazon,1185732,4/22/21,Southeast,Kentucky,Louisville,Men's Apparel,$50.00 ,125,"$62,500 ","$21,875 ",35%,Online
,Amazon,1185732,4/22/21,Southeast,Kentucky,Louisville,Women's Apparel,$40.00 ,250,"$100,000 ","$40,000 ",40%,Online
,Amazon,1185732,5/23/21,Southeast,Kentucky,Louisville,Men's Street Footwear,$50.00 ,520,"$260,000 ","$104,000 ",40%,Online
,Amazon,1185732,5/23/21,Southeast,Kentucky,Louisville,Men's Athletic Footwear,$45.00 ,225,"$101,250 ","$35,438 ",35%,Online
,Amazon,1185732,5/23/21,Southeast,Kentucky,Louisville,Women's Street Footwear,$40.00 ,200,"$80,000 ","$32,000 ",40%,Online
,Amazon,1185732,5/23/21,Southeast,Kentucky,Louisville,Women's Athletic Footwear,$40.00 ,125,"$50,000 ","$20,000 ",40%,Online
,Amazon,1185732,5/23/21,Southeast,Kentucky,Louisville,Men's Apparel,$50.00 ,150,"$75,000 ","$26,250 ",35%,Online
,Amazon,1185732,5/23/21,Southeast,Kentucky,Louisville,Women's Apparel,$55.00 ,275,"$151,250 ","$60,500 ",40%,Online
,Amazon,1185732,6/22/21,Southeast,Kentucky,Louisville,Men's Street Footwear,$40.00 ,525,"$210,000 ","$84,000 ",40%,Online
,Amazon,1185732,6/22/21,Southeast,Kentucky,Louisville,Men's Athletic Footwear,$35.00 ,275,"$96,250 ","$33,688 ",35%,Online
,Amazon,1185732,6/22/21,Southeast,Kentucky,Louisville,Women's Street Footwear,$30.00 ,225,"$67,500 ","$27,000 ",40%,Online
,Amazon,1185732,6/22/21,Southeast,Kentucky,Louisville,Women's Athletic Footwear,$30.00 ,200,"$60,000 ","$24,000 ",40%,Online
,Amazon,1185732,6/22/21,Southeast,Kentucky,Louisville,Men's Apparel,$50.00 ,200,"$100,000 ","$35,000 ",35%,Online
,Amazon,1185732,6/22/21,Southeast,Kentucky,Louisville,Women's Apparel,$55.00 ,375,"$206,250 ","$82,500 ",40%,Online
,Amazon,1185732,7/21/21,Southeast,Kentucky,Louisville,Men's Street Footwear,$50.00 ,600,"$300,000 ","$120,000 ",40%,Online
,Amazon,1185732,7/21/21,Southeast,Kentucky,Louisville,Men's Athletic Footwear,$45.00 ,350,"$157,500 ","$55,125 ",35%,Online
,Amazon,1185732,7/21/21,Southeast,Kentucky,Louisville,Women's Street Footwear,$40.00 ,275,"$110,000 ","$44,000 ",40%,Online
,Amazon,1185732,7/21/21,Southeast,Kentucky,Louisville,Women's Athletic Footwear,$40.00 ,225,"$90,000 ","$36,000 ",40%,Online
,Amazon,1185732,7/21/21,Southeast,Kentucky,Louisville,Men's Apparel,$50.00 ,250,"$125,000 ","$43,750 ",35%,Online
,Amazon,1185732,7/21/21,Southeast,Kentucky,Louisville,Women's Apparel,$55.00 ,425,"$233,750 ","$93,500 ",40%,Online
,Amazon,1185732,8/22/21,Southeast,Kentucky,Louisville,Men's Street Footwear,$50.00 ,575,"$287,500 ","$115,000 ",40%,Online
,Amazon,1185732,8/22/21,Southeast,Kentucky,Louisville,Men's Athletic Footwear,$45.00 ,350,"$157,500 ","$55,125 ",35%,Online
,Amazon,1185732,8/22/21,Southeast,Kentucky,Louisville,Women's Street Footwear,$40.00 ,275,"$110,000 ","$44,000 ",40%,Online
,Amazon,1185732,8/22/21,Southeast,Kentucky,Louisville,Women's Athletic Footwear,$40.00 ,250,"$100,000 ","$40,000 ",40%,Online
,Amazon,1185732,8/22/21,Southeast,Kentucky,Louisville,Men's Apparel,$50.00 ,225,"$112,500 ","$39,375 ",35%,Online
,Amazon,1185732,8/22/21,Southeast,Kentucky,Louisville,Women's Apparel,$55.00 ,400,"$220,000 ","$88,000 ",40%,Online
,Amazon,1185732,9/23/21,Southeast,Kentucky,Louisville,Men's Street Footwear,$50.00 ,525,"$262,500 ","$105,000 ",40%,Online
,Amazon,1185732,9/23/21,Southeast,Kentucky,Louisville,Men's Athletic Footwear,$45.00 ,325,"$146,250 ","$51,188 ",35%,Online
,Amazon,1185732,9/23/21,Southeast,Kentucky,Louisville,Women's Street Footwear,$35.00 ,225,"$78,750 ","$31,500 ",40%,Online
,Amazon,1185732,9/23/21,Southeast,Kentucky,Louisville,Women's Athletic Footwear,$35.00 ,200,"$70,000 ","$28,000 ",40%,Online
,Amazon,1185732,9/23/21,Southeast,Kentucky,Louisville,Men's Apparel,$45.00 ,200,"$90,000 ","$31,500 ",35%,Online
,Amazon,1185732,9/23/21,Southeast,Kentucky,Louisville,Women's Apparel,$50.00 ,275,"$137,500 ","$55,000 ",40%,Online
,Amazon,1185732,10/22/21,Southeast,Kentucky,Louisville,Men's Street Footwear,$55.00 ,450,"$247,500 ","$99,000 ",40%,Online
,Amazon,1185732,10/22/21,Southeast,Kentucky,Louisville,Men's Athletic Footwear,$45.00 ,275,"$123,750 ","$43,313 ",35%,Online
,Amazon,1185732,10/22/21,Southeast,Kentucky,Louisville,Women's Street Footwear,$45.00 ,175,"$78,750 ","$31,500 ",40%,Online
,Amazon,1185732,10/22/21,Southeast,Kentucky,Louisville,Women's Athletic Footwear,$45.00 ,150,"$67,500 ","$27,000 ",40%,Online
,Amazon,1185732,10/22/21,Southeast,Kentucky,Louisville,Men's Apparel,$55.00 ,150,"$82,500 ","$28,875 ",35%,Online
,Amazon,1185732,10/22/21,Southeast,Kentucky,Louisville,Women's Apparel,$55.00 ,275,"$151,250 ","$60,500 ",40%,Online
,Amazon,1185732,11/22/21,Southeast,Kentucky,Louisville,Men's Street Footwear,$50.00 ,425,"$212,500 ","$85,000 ",40%,Online
,Amazon,1185732,11/22/21,Southeast,Kentucky,Louisville,Men's Athletic Footwear,$40.00 ,275,"$110,000 ","$38,500 ",35%,Online
,Amazon,1185732,11/22/21,Southeast,Kentucky,Louisville,Women's Street Footwear,$45.00 ,220,"$99,000 ","$39,600 ",40%,Online
,Foot Locker,1185732,11/22/21,Southeast,Kentucky,Louisville,Women's Athletic Footwear,$55.00 ,200,"$110,000 ","$44,000 ",40%,Online
,Foot Locker,1185732,11/22/21,Southeast,Kentucky,Louisville,Men's Apparel,$65.00 ,175,"$113,750 ","$39,813 ",35%,Online
,Foot Locker,1185732,11/22/21,Southeast,Kentucky,Louisville,Women's Apparel,$70.00 ,275,"$192,500 ","$77,000 ",40%,Online
,Foot Locker,1185732,12/21/21,Southeast,Kentucky,Louisville,Men's Street Footwear,$65.00 ,525,"$341,250 ","$136,500 ",40%,Online
,Foot Locker,1185732,12/21/21,Southeast,Kentucky,Louisville,Men's Athletic Footwear,$55.00 ,325,"$178,750 ","$62,563 ",35%,Online
,Foot Locker,1185732,12/21/21,Southeast,Kentucky,Louisville,Women's Street Footwear,$55.00 ,275,"$151,250 ","$60,500 ",40%,Online
,Foot Locker,1185732,12/21/21,Southeast,Kentucky,Louisville,Women's Athletic Footwear,$50.00 ,225,"$112,500 ","$45,000 ",40%,Online
,Foot Locker,1185732,12/21/21,Southeast,Kentucky,Louisville,Men's Apparel,$60.00 ,225,"$135,000 ","$47,250 ",35%,Online
,Foot Locker,1185732,12/21/21,Southeast,Kentucky,Louisville,Women's Apparel,$65.00 ,325,"$211,250 ","$84,500 ",40%,Online
,Foot Locker,1185732,1/20/21,Southeast,Kentucky,Louisville,Men's Street Footwear,$30.00 ,725,"$217,500 ","$87,000 ",40%,Online
,Foot Locker,1185732,1/20/21,Southeast,Kentucky,Louisville,Men's Athletic Footwear,$30.00 ,525,"$157,500 ","$55,125 ",35%,Online
,Foot Locker,1185732,1/20/21,Southeast,Kentucky,Louisville,Women's Street Footwear,$20.00 ,525,"$105,000 ","$42,000 ",40%,Online
,Foot Locker,1185732,1/20/21,Southeast,Kentucky,Louisville,Women's Athletic Footwear,$25.00 ,375,"$93,750 ","$37,500 ",40%,Online
,Foot Locker,1185732,1/20/21,Southeast,Kentucky,Louisville,Men's Apparel,$40.00 ,425,"$170,000 ","$59,500 ",35%,Online
,Foot Locker,1185732,1/20/21,Southeast,Kentucky,Louisville,Women's Apparel,$30.00 ,525,"$157,500 ","$78,750 ",50%,Online
,Foot Locker,1185732,2/18/21,Southeast,Kentucky,Louisville,Men's Street Footwear,$30.00 ,775,"$232,500 ","$93,000 ",40%,Online
,Foot Locker,1185732,2/18/21,Southeast,Kentucky,Louisville,Men's Athletic Footwear,$30.00 ,425,"$127,500 ","$44,625 ",35%,Online
,Foot Locker,1185732,2/18/21,Southeast,Kentucky,Louisville,Women's Street Footwear,$20.00 ,475,"$95,000 ","$38,000 ",40%,Online
,Foot Locker,1185732,2/18/21,South,Mississippi,Jackson,Women's Athletic Footwear,$25.00 ,325,"$81,250 ","$32,500 ",40%,Online
,Foot Locker,1185732,2/18/21,South,Mississippi,Jackson,Men's Apparel,$40.00 ,400,"$160,000 ","$56,000 ",35%,Online
,Foot Locker,1185732,2/18/21,South,Mississippi,Jackson,Women's Apparel,$25.00 ,500,"$125,000 ","$62,500 ",50%,Online
,Foot Locker,1185732,3/16/21,South,Mississippi,Jackson,Men's Street Footwear,$25.00 ,720,"$180,000 ","$72,000 ",40%,Online
,Foot Locker,1185732,3/16/21,South,Mississippi,Jackson,Men's Athletic Footwear,$25.00 ,400,"$100,000 ","$35,000 ",35%,Online
,Foot Locker,1185732,3/16/21,South,Mississippi,Jackson,Women's Street Footwear,$15.00 ,425,"$63,750 ","$25,500 ",40%,Online
,Foot Locker,1185732,3/16/21,South,Mississippi,Jackson,Women's Athletic Footwear,$20.00 ,275,"$55,000 ","$22,000 ",40%,Online
,Foot Locker,1185732,3/16/21,South,Mississippi,Jackson,Men's Apparel,$35.00 ,325,"$113,750 ","$39,813 ",35%,Online
,Foot Locker,1185732,3/16/21,South,Mississippi,Jackson,Women's Apparel,$25.00 ,425,"$106,250 ","$53,125 ",50%,Online
,Foot Locker,1185732,4/17/21,South,Mississippi,Jackson,Men's Street Footwear,$25.00 ,675,"$168,750 ","$67,500 ",40%,Online
,Foot Locker,1185732,4/17/21,South,Mississippi,Jackson,Men's Athletic Footwear,$25.00 ,375,"$93,750 ","$32,813 ",35%,Online
,Foot Locker,1185732,4/17/21,South,Mississippi,Jackson,Women's Street Footwear,$15.00 ,375,"$56,250 ","$22,500 ",40%,Online
,Foot Locker,1185732,4/17/21,South,Mississippi,Jackson,Women's Athletic Footwear,$20.00 ,300,"$60,000 ","$24,000 ",40%,Online
,Foot Locker,1185732,4/17/21,South,Mississippi,Jackson,Men's Apparel,$40.00 ,325,"$130,000 ","$45,500 ",35%,Online
,Foot Locker,1185732,4/17/21,South,Mississippi,Jackson,Women's Apparel,$30.00 ,475,"$142,500 ","$71,250 ",50%,Online
,Foot Locker,1185732,5/16/21,South,Mississippi,Jackson,Men's Street Footwear,$40.00 ,745,"$298,000 ","$119,200 ",40%,Online
,Foot Locker,1185732,5/16/21,South,Mississippi,Jackson,Men's Athletic Footwear,$40.00 ,450,"$180,000 ","$63,000 ",35%,Online
,Foot Locker,1185732,5/16/21,South,Mississippi,Jackson,Women's Street Footwear,$35.00 ,425,"$148,750 ","$59,500 ",40%,Online
,Foot Locker,1185732,5/16/21,South,Mississippi,Jackson,Women's Athletic Footwear,$35.00 ,375,"$131,250 ","$52,500 ",40%,Online
,Foot Locker,1185732,5/16/21,South,Mississippi,Jackson,Men's Apparel,$45.00 ,400,"$180,000 ","$63,000 ",35%,Online
,Foot Locker,1185732,5/16/21,South,Mississippi,Jackson,Women's Apparel,$50.00 ,500,"$250,000 ","$125,000 ",50%,Online
,Foot Locker,1185732,6/18/21,South,Mississippi,Jackson,Men's Street Footwear,$45.00 ,750,"$337,500 ","$135,000 ",40%,Online
,Foot Locker,1185732,6/18/21,South,Mississippi,Jackson,Men's Athletic Footwear,$40.00 ,500,"$200,000 ","$70,000 ",35%,Online
,Foot Locker,1185732,6/18/21,South,Mississippi,Jackson,Women's Street Footwear,$45.00 ,475,"$213,750 ","$85,500 ",40%,Online
,Foot Locker,1185732,6/18/21,South,Mississippi,Jackson,Women's Athletic Footwear,$45.00 ,450,"$202,500 ","$81,000 ",40%,Online
,Foot Locker,1185732,6/18/21,South,Mississippi,Jackson,Men's Apparel,$60.00 ,450,"$270,000 ","$94,500 ",35%,Online
,Foot Locker,1185732,6/18/21,South,Mississippi,Jackson,Women's Apparel,$65.00 ,625,"$406,250 ","$203,125 ",50%,Online
,Foot Locker,1185732,7/16/21,South,Mississippi,Jackson,Men's Street Footwear,$60.00 ,850,"$510,000 ","$204,000 ",40%,Online
,Walmart,1185732,7/16/21,South,Mississippi,Jackson,Men's Athletic Footwear,$55.00 ,600,"$330,000 ","$115,500 ",35%,Online
,Walmart,1185732,7/16/21,South,Mississippi,Jackson,Women's Street Footwear,$50.00 ,525,"$262,500 ","$105,000 ",40%,Online
,Walmart,1185732,7/16/21,South,Mississippi,Jackson,Women's Athletic Footwear,$50.00 ,475,"$237,500 ","$95,000 ",40%,Online
,Walmart,1185732,7/16/21,South,Mississippi,Jackson,Men's Apparel,$60.00 ,500,"$300,000 ","$105,000 ",35%,Online
,Walmart,1185732,7/16/21,South,Mississippi,Jackson,Women's Apparel,$65.00 ,675,"$438,750 ","$219,375 ",50%,Online
,Walmart,1185732,8/17/21,South,Mississippi,Jackson,Men's Street Footwear,$60.00 ,825,"$495,000 ","$198,000 ",40%,Online
,Walmart,1185732,8/17/21,South,Mississippi,Jackson,Men's Athletic Footwear,$55.00 ,600,"$330,000 ","$115,500 ",35%,Online
,Walmart,1185732,8/17/21,South,Mississippi,Jackson,Women's Street Footwear,$50.00 ,525,"$262,500 ","$105,000 ",40%,Online
,Walmart,1185732,8/17/21,South,Mississippi,Jackson,Women's Athletic Footwear,$40.00 ,475,"$190,000 ","$76,000 ",40%,Online
,Walmart,1185732,8/17/21,South,Mississippi,Jackson,Men's Apparel,$50.00 ,450,"$225,000 ","$78,750 ",35%,Online
,Walmart,1185732,8/17/21,South,Mississippi,Jackson,Women's Apparel,$55.00 ,625,"$343,750 ","$171,875 ",50%,Online
,Walmart,1185732,9/16/21,South,Mississippi,Jackson,Men's Street Footwear,$50.00 ,725,"$362,500 ","$145,000 ",40%,Online
,Walmart,1185732,9/16/21,South,Mississippi,Jackson,Men's Athletic Footwear,$45.00 ,525,"$236,250 ","$82,688 ",35%,Online
,Walmart,1185732,9/16/21,South,Mississippi,Jackson,Women's Street Footwear,$20.00 ,425,"$85,000 ","$34,000 ",40%,Online
,Walmart,1185732,9/16/21,South,Mississippi,Jackson,Women's Athletic Footwear,$20.00 ,400,"$80,000 ","$32,000 ",40%,Online
,Walmart,1185732,9/16/21,South,Mississippi,Jackson,Men's Apparel,$30.00 ,400,"$120,000 ","$42,000 ",35%,Online
,Walmart,1185732,9/16/21,South,Mississippi,Jackson,Women's Apparel,$35.00 ,500,"$175,000 ","$87,500 ",50%,Online
,Walmart,1185732,10/18/21,South,Mississippi,Jackson,Men's Street Footwear,$35.00 ,675,"$236,250 ","$94,500 ",40%,Online
,Walmart,1185732,10/18/21,South,Mississippi,Jackson,Men's Athletic Footwear,$25.00 ,500,"$125,000 ","$43,750 ",35%,Online
,Walmart,1185732,10/18/21,South,Mississippi,Jackson,Women's Street Footwear,$25.00 ,375,"$93,750 ","$37,500 ",40%,Online
,Walmart,1185732,10/18/21,South,Mississippi,Jackson,Women's Athletic Footwear,$25.00 ,350,"$87,500 ","$35,000 ",40%,Online
,Walmart,1185732,10/18/21,South,Mississippi,Jackson,Men's Apparel,$35.00 ,350,"$122,500 ","$42,875 ",35%,Online
,Sports Direct,1185732,10/18/21,South,Mississippi,Jackson,Women's Apparel,$35.00 ,475,"$166,250 ","$83,125 ",50%,Online
,Sports Direct,1185732,11/17/21,South,Mississippi,Jackson,Men's Street Footwear,$30.00 ,625,"$187,500 ","$75,000 ",40%,Online
,Sports Direct,1185732,11/17/21,South,Mississippi,Jackson,Men's Athletic Footwear,$20.00 ,450,"$90,000 ","$31,500 ",35%,Online
,Sports Direct,1185732,11/17/21,South,Mississippi,Jackson,Women's Street Footwear,$30.00 ,395,"$118,500 ","$47,400 ",40%,Online
,Sports Direct,1185732,11/17/21,South,Mississippi,Jackson,Women's Athletic Footwear,$60.00 ,450,"$270,000 ","$108,000 ",40%,Online
,Sports Direct,1185732,11/17/21,South,Mississippi,Jackson,Men's Apparel,$75.00 ,425,"$318,750 ","$111,563 ",35%,Online
,Sports Direct,1185732,11/17/21,South,Mississippi,Jackson,Women's Apparel,$75.00 ,525,"$393,750 ","$196,875 ",50%,Online
,Sports Direct,1185732,12/16/21,South,Mississippi,Jackson,Men's Street Footwear,$70.00 ,775,"$542,500 ","$217,000 ",40%,Online
,Sports Direct,1185732,12/16/21,South,Mississippi,Jackson,Men's Athletic Footwear,$60.00 ,575,"$345,000 ","$120,750 ",35%,Online
,Sports Direct,1185732,12/16/21,South,Mississippi,Jackson,Women's Street Footwear,$60.00 ,525,"$315,000 ","$126,000 ",40%,Online
,Sports Direct,1185732,12/16/21,South,Mississippi,Jackson,Women's Athletic Footwear,$60.00 ,475,"$285,000 ","$114,000 ",40%,Online
,Sports Direct,1185732,12/16/21,South,Mississippi,Jackson,Men's Apparel,$70.00 ,475,"$332,500 ","$116,375 ",35%,Online
,Sports Direct,1185732,12/16/21,South,Mississippi,Jackson,Women's Apparel,$75.00 ,575,"$431,250 ","$215,625 ",50%,Online
,Sports Direct,1197831,1/23/21,South,Mississippi,Jackson,Men's Street Footwear,$25.00 ,650,"$162,500 ","$65,000 ",40%,Online
,Sports Direct,1197831,1/23/21,South,Mississippi,Jackson,Men's Athletic Footwear,$25.00 ,450,"$112,500 ","$39,375 ",35%,Online
,Sports Direct,1197831,1/23/21,South,Mississippi,Jackson,Women's Street Footwear,$15.00 ,450,"$67,500 ","$27,000 ",40%,Online
,Sports Direct,1197831,1/23/21,South,Mississippi,Jackson,Women's Athletic Footwear,$20.00 ,300,"$60,000 ","$24,000 ",40%,Online
,Sports Direct,1197831,1/23/21,South,Mississippi,Jackson,Men's Apparel,$35.00 ,350,"$122,500 ","$42,875 ",35%,Online
,Sports Direct,1197831,1/23/21,South,Mississippi,Jackson,Women's Apparel,$25.00 ,450,"$112,500 ","$45,000 ",40%,Online
,Sports Direct,1197831,2/21/21,South,Mississippi,Jackson,Men's Street Footwear,$25.00 ,700,"$175,000 ","$70,000 ",40%,Online
,Sports Direct,1197831,2/21/21,South,Mississippi,Jackson,Men's Athletic Footwear,$25.00 ,350,"$87,500 ","$30,625 ",35%,Online
,Sports Direct,1197831,2/21/21,South,Mississippi,Jackson,Women's Street Footwear,$15.00 ,400,"$60,000 ","$24,000 ",40%,Online
,Walmart,1197831,2/21/21,South,Arkansas,Little Rock,Women's Athletic Footwear,$20.00 ,250,"$50,000 ","$20,000 ",40%,Online
,Walmart,1197831,2/21/21,South,Arkansas,Little Rock,Men's Apparel,$35.00 ,325,"$113,750 ","$39,813 ",35%,Online
,Walmart,1197831,2/21/21,South,Arkansas,Little Rock,Women's Apparel,$20.00 ,425,"$85,000 ","$34,000 ",40%,Online
,Walmart,1197831,3/19/21,South,Arkansas,Little Rock,Men's Street Footwear,$20.00 ,645,"$129,000 ","$51,600 ",40%,Online
,Walmart,1197831,3/19/21,South,Arkansas,Little Rock,Men's Athletic Footwear,$20.00 ,325,"$65,000 ","$22,750 ",35%,Online
,Walmart,1197831,3/19/21,South,Arkansas,Little Rock,Women's Street Footwear,$10.00 ,350,"$35,000 ","$14,000 ",40%,Online
,Walmart,1197831,3/19/21,South,Arkansas,Little Rock,Women's Athletic Footwear,$20.00 ,200,"$40,000 ","$16,000 ",40%,Online
,Walmart,1197831,3/19/21,South,Arkansas,Little Rock,Men's Apparel,$35.00 ,250,"$87,500 ","$30,625 ",35%,Online
,Walmart,1197831,3/19/21,South,Arkansas,Little Rock,Women's Apparel,$25.00 ,350,"$87,500 ","$35,000 ",40%,Online
,Walmart,1197831,4/20/21,South,Arkansas,Little Rock,Men's Street Footwear,$25.00 ,600,"$150,000 ","$60,000 ",40%,Online
,Walmart,1197831,4/20/21,South,Arkansas,Little Rock,Men's Athletic Footwear,$25.00 ,300,"$75,000 ","$26,250 ",35%,Online
,Walmart,1197831,4/20/21,South,Arkansas,Little Rock,Women's Street Footwear,$15.00 ,300,"$45,000 ","$18,000 ",40%,Online
,Walmart,1197831,4/20/21,South,Arkansas,Little Rock,Women's Athletic Footwear,$20.00 ,225,"$45,000 ","$18,000 ",40%,Online
,Walmart,1197831,4/20/21,South,Arkansas,Little Rock,Men's Apparel,$40.00 ,250,"$100,000 ","$35,000 ",35%,Online
,Walmart,1197831,4/20/21,South,Arkansas,Little Rock,Women's Apparel,$30.00 ,400,"$120,000 ","$48,000 ",40%,Online
,Walmart,1197831,5/19/21,South,Arkansas,Little Rock,Men's Street Footwear,$40.00 ,670,"$268,000 ","$107,200 ",40%,Online
,Walmart,1197831,5/19/21,South,Arkansas,Little Rock,Men's Athletic Footwear,$40.00 ,375,"$150,000 ","$52,500 ",35%,Online
,Walmart,1197831,5/19/21,South,Arkansas,Little Rock,Women's Street Footwear,$35.00 ,350,"$122,500 ","$49,000 ",40%,Online
,Walmart,1197831,5/19/21,South,Arkansas,Little Rock,Women's Athletic Footwear,$35.00 ,300,"$105,000 ","$42,000 ",40%,Online
,Walmart,1197831,5/19/21,South,Arkansas,Little Rock,Men's Apparel,$45.00 ,325,"$146,250 ","$51,188 ",35%,Online
,Walmart,1197831,5/19/21,South,Arkansas,Little Rock,Women's Apparel,$45.00 ,425,"$191,250 ","$76,500 ",40%,Online
,Walmart,1197831,6/21/21,South,Arkansas,Little Rock,Men's Street Footwear,$40.00 ,675,"$270,000 ","$108,000 ",40%,Online
,Walmart,1197831,6/21/21,South,Arkansas,Little Rock,Men's Athletic Footwear,$35.00 ,425,"$148,750 ","$52,063 ",35%,Online
,Walmart,1197831,6/21/21,South,Arkansas,Little Rock,Women's Street Footwear,$40.00 ,400,"$160,000 ","$64,000 ",40%,Online
,Walmart,1197831,6/21/21,South,Arkansas,Little Rock,Women's Athletic Footwear,$40.00 ,375,"$150,000 ","$60,000 ",40%,Online
,Walmart,1197831,6/21/21,South,Arkansas,Little Rock,Men's Apparel,$55.00 ,375,"$206,250 ","$72,188 ",35%,Online
,Walmart,1197831,6/21/21,South,Arkansas,Little Rock,Women's Apparel,$60.00 ,550,"$330,000 ","$132,000 ",40%,Online
,Walmart,1197831,7/19/21,South,Arkansas,Little Rock,Men's Street Footwear,$55.00 ,775,"$426,250 ","$170,500 ",40%,Online
,Walmart,1197831,7/19/21,South,Arkansas,Little Rock,Men's Athletic Footwear,$50.00 ,525,"$262,500 ","$91,875 ",35%,Online
,Walmart,1197831,7/19/21,South,Arkansas,Little Rock,Women's Street Footwear,$45.00 ,450,"$202,500 ","$81,000 ",40%,Online
,Walmart,1197831,7/19/21,South,Arkansas,Little Rock,Women's Athletic Footwear,$45.00 ,400,"$180,000 ","$72,000 ",40%,Online
,Walmart,1197831,7/19/21,South,Arkansas,Little Rock,Men's Apparel,$60.00 ,425,"$255,000 ","$89,250 ",35%,Online
,Walmart,1197831,7/19/21,South,Arkansas,Little Rock,Women's Apparel,$65.00 ,600,"$390,000 ","$156,000 ",40%,Online
,Walmart,1197831,8/20/21,South,Arkansas,Little Rock,Men's Street Footwear,$60.00 ,750,"$450,000 ","$180,000 ",40%,Online
,Walmart,1197831,8/20/21,South,Arkansas,Little Rock,Men's Athletic Footwear,$55.00 ,525,"$288,750 ","$101,063 ",35%,Online
,Walmart,1197831,8/20/21,South,Arkansas,Little Rock,Women's Street Footwear,$50.00 ,450,"$225,000 ","$90,000 ",40%,Online
,Walmart,1197831,8/20/21,South,Arkansas,Little Rock,Women's Athletic Footwear,$40.00 ,400,"$160,000 ","$64,000 ",40%,Online
,Walmart,1197831,8/20/21,South,Arkansas,Little Rock,Men's Apparel,$50.00 ,375,"$187,500 ","$65,625 ",35%,Online
,Walmart,1197831,8/20/21,South,Arkansas,Little Rock,Women's Apparel,$55.00 ,550,"$302,500 ","$121,000 ",40%,Online
,Walmart,1197831,9/19/21,South,Arkansas,Little Rock,Men's Street Footwear,$50.00 ,650,"$325,000 ","$130,000 ",40%,Online
,Walmart,1197831,9/19/21,South,Arkansas,Little Rock,Men's Athletic Footwear,$40.00 ,450,"$180,000 ","$63,000 ",35%,Online
,Walmart,1197831,9/19/21,South,Arkansas,Little Rock,Women's Street Footwear,$15.00 ,350,"$52,500 ","$21,000 ",40%,Online
,Walmart,1197831,9/19/21,South,Arkansas,Little Rock,Women's Athletic Footwear,$15.00 ,325,"$48,750 ","$19,500 ",40%,Online
,Walmart,1197831,9/19/21,South,Arkansas,Little Rock,Men's Apparel,$25.00 ,325,"$81,250 ","$28,438 ",35%,Online
,Walmart,1197831,9/19/21,South,Arkansas,Little Rock,Women's Apparel,$30.00 ,425,"$127,500 ","$51,000 ",40%,Online
,Walmart,1197831,10/21/21,South,Arkansas,Little Rock,Men's Street Footwear,$30.00 ,600,"$180,000 ","$72,000 ",40%,Online
,Walmart,1197831,10/21/21,South,Arkansas,Little Rock,Men's Athletic Footwear,$20.00 ,425,"$85,000 ","$29,750 ",35%,Online
,Walmart,1197831,10/21/21,South,Arkansas,Little Rock,Women's Street Footwear,$20.00 ,300,"$60,000 ","$24,000 ",40%,Online
,Walmart,1197831,10/21/21,South,Arkansas,Little Rock,Women's Athletic Footwear,$20.00 ,275,"$55,000 ","$22,000 ",40%,Online
,Walmart,1197831,10/21/21,South,Arkansas,Little Rock,Men's Apparel,$30.00 ,275,"$82,500 ","$28,875 ",35%,Online
,West Gear,1197831,10/21/21,South,Arkansas,Little Rock,Women's Apparel,$30.00 ,400,"$120,000 ","$48,000 ",40%,Online
,West Gear,1197831,11/20/21,South,Arkansas,Little Rock,Men's Street Footwear,$25.00 ,550,"$137,500 ","$55,000 ",40%,Online
,West Gear,1197831,11/20/21,South,Arkansas,Little Rock,Men's Athletic Footwear,$15.00 ,375,"$56,250 ","$19,688 ",35%,Online
,West Gear,1197831,11/20/21,South,Arkansas,Little Rock,Women's Street Footwear,$25.00 ,320,"$80,000 ","$32,000 ",40%,Online
,West Gear,1197831,11/20/21,South,Arkansas,Little Rock,Women's Athletic Footwear,$55.00 ,375,"$206,250 ","$82,500 ",40%,Online
,West Gear,1197831,11/20/21,South,Arkansas,Little Rock,Men's Apparel,$75.00 ,350,"$262,500 ","$91,875 ",35%,Online
,West Gear,1197831,11/20/21,South,Arkansas,Little Rock,Women's Apparel,$75.00 ,450,"$337,500 ","$135,000 ",40%,Online
,West Gear,1197831,12/19/21,South,Arkansas,Little Rock,Men's Street Footwear,$70.00 ,700,"$490,000 ","$196,000 ",40%,Online
,West Gear,1197831,12/19/21,South,Arkansas,Little Rock,Men's Athletic Footwear,$60.00 ,500,"$300,000 ","$105,000 ",35%,Online
,West Gear,1197831,12/19/21,South,Arkansas,Little Rock,Women's Street Footwear,$60.00 ,450,"$270,000 ","$108,000 ",40%,Online
,West Gear,1197831,12/19/21,South,Arkansas,Little Rock,Women's Athletic Footwear,$60.00 ,400,"$240,000 ","$96,000 ",40%,Online
,West Gear,1197831,12/19/21,South,Arkansas,Little Rock,Men's Apparel,$70.00 ,400,"$280,000 ","$98,000 ",35%,Online
,West Gear,1197831,12/19/21,South,Arkansas,Little Rock,Women's Apparel,$75.00 ,500,"$375,000 ","$150,000 ",40%,Online
,West Gear,1197831,1/23/21,South,Arkansas,Little Rock,Men's Street Footwear,$25.00 ,575,"$143,750 ","$57,500 ",40%,Online
,West Gear,1197831,1/23/21,South,Arkansas,Little Rock,Men's Athletic Footwear,$25.00 ,375,"$93,750 ","$32,813 ",35%,Online
,West Gear,1197831,1/23/21,South,Arkansas,Little Rock,Women's Street Footwear,$15.00 ,375,"$56,250 ","$22,500 ",40%,Online
,West Gear,1197831,1/23/21,South,Arkansas,Little Rock,Women's Athletic Footwear,$20.00 ,225,"$45,000 ","$18,000 ",40%,Online
,West Gear,1197831,1/23/21,South,Arkansas,Little Rock,Men's Apparel,$35.00 ,275,"$96,250 ","$33,688 ",35%,Online
,West Gear,1197831,1/23/21,South,Arkansas,Little Rock,Women's Apparel,$25.00 ,375,"$93,750 ","$37,500 ",40%,Online
,West Gear,1197831,2/21/21,South,Arkansas,Little Rock,Men's Street Footwear,$25.00 ,625,"$156,250 ","$62,500 ",40%,Online
,West Gear,1197831,2/21/21,South,Arkansas,Little Rock,Men's Athletic Footwear,$25.00 ,275,"$68,750 ","$24,063 ",35%,Online
,West Gear,1197831,2/21/21,South,Arkansas,Little Rock,Women's Street Footwear,$15.00 ,325,"$48,750 ","$19,500 ",40%,Online
,West Gear,1197831,2/21/21,South,Oklahoma,Oklahoma City,Women's Athletic Footwear,$20.00 ,175,"$35,000 ","$14,000 ",40%,Online
,West Gear,1197831,2/21/21,South,Oklahoma,Oklahoma City,Men's Apparel,$35.00 ,250,"$87,500 ","$30,625 ",35%,Online
,West Gear,1197831,2/21/21,South,Oklahoma,Oklahoma City,Women's Apparel,$20.00 ,350,"$70,000 ","$28,000 ",40%,Online
,West Gear,1197831,3/19/21,South,Oklahoma,Oklahoma City,Men's Street Footwear,$20.00 ,570,"$114,000 ","$45,600 ",40%,Online
,West Gear,1197831,3/19/21,South,Oklahoma,Oklahoma City,Men's Athletic Footwear,$20.00 ,250,"$50,000 ","$17,500 ",35%,Online
,West Gear,1197831,3/19/21,South,Oklahoma,Oklahoma City,Women's Street Footwear,$10.00 ,275,"$27,500 ","$11,000 ",40%,Online
,West Gear,1197831,3/19/21,South,Oklahoma,Oklahoma City,Women's Athletic Footwear,$20.00 ,125,"$25,000 ","$10,000 ",40%,Online
,West Gear,1197831,3/19/21,South,Oklahoma,Oklahoma City,Men's Apparel,$35.00 ,175,"$61,250 ","$21,438 ",35%,Online
,West Gear,1197831,3/19/21,South,Oklahoma,Oklahoma City,Women's Apparel,$25.00 ,275,"$68,750 ","$27,500 ",40%,Online
,West Gear,1197831,4/20/21,South,Oklahoma,Oklahoma City,Men's Street Footwear,$25.00 ,525,"$131,250 ","$52,500 ",40%,Online
,West Gear,1197831,4/20/21,South,Oklahoma,Oklahoma City,Men's Athletic Footwear,$25.00 ,225,"$56,250 ","$19,688 ",35%,Online
,West Gear,1197831,4/20/21,South,Oklahoma,Oklahoma City,Women's Street Footwear,$15.00 ,225,"$33,750 ","$13,500 ",40%,Online
,West Gear,1197831,4/20/21,South,Oklahoma,Oklahoma City,Women's Athletic Footwear,$20.00 ,150,"$30,000 ","$12,000 ",40%,Online
,West Gear,1197831,4/20/21,South,Oklahoma,Oklahoma City,Men's Apparel,$40.00 ,175,"$70,000 ","$24,500 ",35%,Online
,West Gear,1197831,4/20/21,South,Oklahoma,Oklahoma City,Women's Apparel,$30.00 ,325,"$97,500 ","$39,000 ",40%,Online
,West Gear,1197831,5/19/21,South,Oklahoma,Oklahoma City,Men's Street Footwear,$40.00 ,595,"$238,000 ","$95,200 ",40%,Online
,West Gear,1197831,5/19/21,South,Oklahoma,Oklahoma City,Men's Athletic Footwear,$40.00 ,300,"$120,000 ","$42,000 ",35%,Online
,West Gear,1197831,5/19/21,South,Oklahoma,Oklahoma City,Women's Street Footwear,$35.00 ,275,"$96,250 ","$38,500 ",40%,Online
,West Gear,1197831,5/19/21,South,Oklahoma,Oklahoma City,Women's Athletic Footwear,$35.00 ,225,"$78,750 ","$31,500 ",40%,Online
,West Gear,1197831,5/19/21,South,Oklahoma,Oklahoma City,Men's Apparel,$45.00 ,250,"$112,500 ","$39,375 ",35%,Online
,West Gear,1197831,5/19/21,South,Oklahoma,Oklahoma City,Women's Apparel,$45.00 ,350,"$157,500 ","$63,000 ",40%,Online
,West Gear,1197831,6/21/21,South,Oklahoma,Oklahoma City,Men's Street Footwear,$40.00 ,600,"$240,000 ","$96,000 ",40%,Online
,West Gear,1197831,6/21/21,South,Oklahoma,Oklahoma City,Men's Athletic Footwear,$35.00 ,350,"$122,500 ","$42,875 ",35%,Online
,West Gear,1197831,6/21/21,South,Oklahoma,Oklahoma City,Women's Street Footwear,$40.00 ,325,"$130,000 ","$52,000 ",40%,Online
,West Gear,1197831,6/21/21,South,Oklahoma,Oklahoma City,Women's Athletic Footwear,$40.00 ,300,"$120,000 ","$48,000 ",40%,Online
,West Gear,1197831,6/21/21,South,Oklahoma,Oklahoma City,Men's Apparel,$55.00 ,300,"$165,000 ","$57,750 ",35%,Online
,West Gear,1197831,6/21/21,South,Oklahoma,Oklahoma City,Women's Apparel,$60.00 ,475,"$285,000 ","$114,000 ",40%,Online
,West Gear,1197831,7/19/21,South,Oklahoma,Oklahoma City,Men's Street Footwear,$55.00 ,700,"$385,000 ","$154,000 ",40%,Online
,West Gear,1197831,7/19/21,South,Oklahoma,Oklahoma City,Men's Athletic Footwear,$50.00 ,450,"$225,000 ","$78,750 ",35%,Online
,West Gear,1197831,7/19/21,South,Oklahoma,Oklahoma City,Women's Street Footwear,$45.00 ,375,"$168,750 ","$67,500 ",40%,Online
,West Gear,1197831,7/19/21,South,Oklahoma,Oklahoma City,Women's Athletic Footwear,$45.00 ,325,"$146,250 ","$58,500 ",40%,Online
,West Gear,1197831,7/19/21,South,Oklahoma,Oklahoma City,Men's Apparel,$60.00 ,350,"$210,000 ","$73,500 ",35%,Online
,West Gear,1197831,7/19/21,South,Oklahoma,Oklahoma City,Women's Apparel,$65.00 ,525,"$341,250 ","$136,500 ",40%,Online
,West Gear,1197831,8/20/21,South,Oklahoma,Oklahoma City,Men's Street Footwear,$60.00 ,675,"$405,000 ","$162,000 ",40%,Online
,West Gear,1197831,8/20/21,South,Oklahoma,Oklahoma City,Men's Athletic Footwear,$55.00 ,450,"$247,500 ","$86,625 ",35%,Online
,West Gear,1197831,8/20/21,South,Oklahoma,Oklahoma City,Women's Street Footwear,$50.00 ,375,"$187,500 ","$75,000 ",40%,Online
,West Gear,1197831,8/20/21,South,Oklahoma,Oklahoma City,Women's Athletic Footwear,$40.00 ,325,"$130,000 ","$52,000 ",40%,Online
,West Gear,1197831,8/20/21,South,Oklahoma,Oklahoma City,Men's Apparel,$50.00 ,300,"$150,000 ","$52,500 ",35%,Online
,West Gear,1197831,8/20/21,South,Oklahoma,Oklahoma City,Women's Apparel,$55.00 ,475,"$261,250 ","$104,500 ",40%,Online
,West Gear,1197831,9/19/21,South,Oklahoma,Oklahoma City,Men's Street Footwear,$50.00 ,575,"$287,500 ","$115,000 ",40%,Online
,West Gear,1197831,9/19/21,South,Oklahoma,Oklahoma City,Men's Athletic Footwear,$40.00 ,375,"$150,000 ","$52,500 ",35%,Online
,West Gear,1197831,9/19/21,South,Oklahoma,Oklahoma City,Women's Street Footwear,$15.00 ,275,"$41,250 ","$16,500 ",40%,Online
,West Gear,1197831,9/19/21,South,Oklahoma,Oklahoma City,Women's Athletic Footwear,$15.00 ,250,"$37,500 ","$15,000 ",40%,Online
,West Gear,1197831,9/19/21,South,Oklahoma,Oklahoma City,Men's Apparel,$25.00 ,250,"$62,500 ","$21,875 ",35%,Online
,West Gear,1197831,9/19/21,South,Oklahoma,Oklahoma City,Women's Apparel,$30.00 ,350,"$105,000 ","$42,000 ",40%,Online
,West Gear,1197831,10/21/21,South,Oklahoma,Oklahoma City,Men's Street Footwear,$30.00 ,525,"$157,500 ","$63,000 ",40%,Online
,West Gear,1197831,10/21/21,South,Oklahoma,Oklahoma City,Men's Athletic Footwear,$20.00 ,350,"$70,000 ","$24,500 ",35%,Online
,West Gear,1197831,10/21/21,South,Oklahoma,Oklahoma City,Women's Street Footwear,$20.00 ,225,"$45,000 ","$18,000 ",40%,Online
,West Gear,1197831,10/21/21,South,Oklahoma,Oklahoma City,Women's Athletic Footwear,$20.00 ,200,"$40,000 ","$16,000 ",40%,Online
,West Gear,1197831,10/21/21,South,Oklahoma,Oklahoma City,Men's Apparel,$30.00 ,200,"$60,000 ","$21,000 ",35%,Online
,Kohl's,1197831,10/21/21,South,Oklahoma,Oklahoma City,Women's Apparel,$30.00 ,325,"$97,500 ","$39,000 ",40%,Online
,Kohl's,1197831,11/20/21,South,Oklahoma,Oklahoma City,Men's Street Footwear,$25.00 ,475,"$118,750 ","$47,500 ",40%,Online
,Kohl's,1197831,11/20/21,South,Oklahoma,Oklahoma City,Men's Athletic Footwear,$15.00 ,300,"$45,000 ","$15,750 ",35%,Online
,Kohl's,1197831,11/20/21,South,Oklahoma,Oklahoma City,Women's Street Footwear,$25.00 ,245,"$61,250 ","$24,500 ",40%,Online
,Kohl's,1197831,11/20/21,South,Oklahoma,Oklahoma City,Women's Athletic Footwear,$55.00 ,300,"$165,000 ","$66,000 ",40%,Online
,Kohl's,1197831,11/20/21,South,Oklahoma,Oklahoma City,Men's Apparel,$75.00 ,275,"$206,250 ","$72,188 ",35%,Online
,Kohl's,1197831,11/20/21,South,Oklahoma,Oklahoma City,Women's Apparel,$75.00 ,375,"$281,250 ","$112,500 ",40%,Online
,Kohl's,1197831,12/19/21,South,Oklahoma,Oklahoma City,Men's Street Footwear,$70.00 ,625,"$437,500 ","$175,000 ",40%,Online
,Kohl's,1197831,12/19/21,South,Oklahoma,Oklahoma City,Men's Athletic Footwear,$60.00 ,425,"$255,000 ","$89,250 ",35%,Online
,Kohl's,1197831,12/19/21,South,Oklahoma,Oklahoma City,Women's Street Footwear,$60.00 ,375,"$225,000 ","$90,000 ",40%,Online
,Kohl's,1197831,12/19/21,South,Oklahoma,Oklahoma City,Women's Athletic Footwear,$60.00 ,325,"$195,000 ","$78,000 ",40%,Online
,Kohl's,1197831,12/19/21,South,Oklahoma,Oklahoma City,Men's Apparel,$70.00 ,325,"$227,500 ","$79,625 ",35%,Online
,Kohl's,1197831,12/19/21,South,Oklahoma,Oklahoma City,Women's Apparel,$75.00 ,425,"$318,750 ","$127,500 ",40%,Online
,Kohl's,1197831,1/16/21,South,Oklahoma,Oklahoma City,Men's Street Footwear,$25.00 ,550,"$137,500 ","$48,125 ",35%,Online
,Kohl's,1197831,1/16/21,South,Oklahoma,Oklahoma City,Men's Athletic Footwear,$25.00 ,350,"$87,500 ","$30,625 ",35%,Online
,Kohl's,1197831,1/16/21,South,Oklahoma,Oklahoma City,Women's Street Footwear,$15.00 ,350,"$52,500 ","$18,375 ",35%,Online
,Kohl's,1197831,1/16/21,South,Oklahoma,Oklahoma City,Women's Athletic Footwear,$20.00 ,200,"$40,000 ","$14,000 ",35%,Online
,Kohl's,1197831,1/16/21,South,Oklahoma,Oklahoma City,Men's Apparel,$35.00 ,250,"$87,500 ","$30,625 ",35%,Online
,Kohl's,1197831,1/16/21,South,Oklahoma,Oklahoma City,Women's Apparel,$25.00 ,350,"$87,500 ","$30,625 ",35%,Online
,Kohl's,1197831,2/14/21,South,Oklahoma,Oklahoma City,Men's Street Footwear,$25.00 ,600,"$150,000 ","$52,500 ",35%,Online
,Kohl's,1197831,2/14/21,South,Oklahoma,Oklahoma City,Men's Athletic Footwear,$25.00 ,250,"$62,500 ","$21,875 ",35%,Online
,Kohl's,1197831,2/14/21,South,Oklahoma,Oklahoma City,Women's Street Footwear,$15.00 ,300,"$45,000 ","$15,750 ",35%,Online
,Kohl's,1197831,2/14/21,Midwest,Kansas,Wichita,Women's Athletic Footwear,$20.00 ,150,"$30,000 ","$10,500 ",35%,Online
,Kohl's,1197831,2/14/21,Midwest,Kansas,Wichita,Men's Apparel,$35.00 ,225,"$78,750 ","$27,563 ",35%,Online
,Kohl's,1197831,2/14/21,Midwest,Kansas,Wichita,Women's Apparel,$20.00 ,325,"$65,000 ","$22,750 ",35%,Online
,Kohl's,1197831,3/12/21,Midwest,Kansas,Wichita,Men's Street Footwear,$20.00 ,545,"$109,000 ","$38,150 ",35%,Online
,Kohl's,1197831,3/12/21,Midwest,Kansas,Wichita,Men's Athletic Footwear,$20.00 ,225,"$45,000 ","$15,750 ",35%,Online
,Kohl's,1197831,3/12/21,Midwest,Kansas,Wichita,Women's Street Footwear,$10.00 ,250,"$25,000 ","$8,750 ",35%,Online
,Kohl's,1197831,3/12/21,Midwest,Kansas,Wichita,Women's Athletic Footwear,$20.00 ,100,"$20,000 ","$7,000 ",35%,Online
,Kohl's,1197831,3/12/21,Midwest,Kansas,Wichita,Men's Apparel,$35.00 ,150,"$52,500 ","$18,375 ",35%,Online
,Kohl's,1197831,3/12/21,Midwest,Kansas,Wichita,Women's Apparel,$25.00 ,250,"$62,500 ","$21,875 ",35%,Online
,Kohl's,1197831,4/13/21,Midwest,Kansas,Wichita,Men's Street Footwear,$25.00 ,500,"$125,000 ","$43,750 ",35%,Online
,Kohl's,1197831,4/13/21,Midwest,Kansas,Wichita,Men's Athletic Footwear,$25.00 ,200,"$50,000 ","$17,500 ",35%,Online
,Kohl's,1197831,4/13/21,Midwest,Kansas,Wichita,Women's Street Footwear,$15.00 ,200,"$30,000 ","$10,500 ",35%,Online
,Kohl's,1197831,4/13/21,Midwest,Kansas,Wichita,Women's Athletic Footwear,$20.00 ,125,"$25,000 ","$8,750 ",35%,Online
,Kohl's,1197831,4/13/21,Midwest,Kansas,Wichita,Men's Apparel,$40.00 ,150,"$60,000 ","$21,000 ",35%,Online
,Kohl's,1197831,4/13/21,Midwest,Kansas,Wichita,Women's Apparel,$30.00 ,300,"$90,000 ","$31,500 ",35%,Online
,Kohl's,1197831,5/12/21,Midwest,Kansas,Wichita,Men's Street Footwear,$40.00 ,570,"$228,000 ","$79,800 ",35%,Online
,Kohl's,1197831,5/12/21,Midwest,Kansas,Wichita,Men's Athletic Footwear,$40.00 ,275,"$110,000 ","$38,500 ",35%,Online
,Kohl's,1197831,5/12/21,Midwest,Kansas,Wichita,Women's Street Footwear,$35.00 ,250,"$87,500 ","$30,625 ",35%,Online
,Kohl's,1197831,5/12/21,Midwest,Kansas,Wichita,Women's Athletic Footwear,$35.00 ,200,"$70,000 ","$24,500 ",35%,Online
,Kohl's,1197831,5/12/21,Midwest,Kansas,Wichita,Men's Apparel,$45.00 ,225,"$101,250 ","$35,438 ",35%,Online
,Kohl's,1197831,5/12/21,Midwest,Kansas,Wichita,Women's Apparel,$45.00 ,325,"$146,250 ","$51,188 ",35%,Online
,Kohl's,1197831,6/14/21,Midwest,Kansas,Wichita,Men's Street Footwear,$40.00 ,575,"$230,000 ","$80,500 ",35%,Online
,Kohl's,1197831,6/14/21,Midwest,Kansas,Wichita,Men's Athletic Footwear,$35.00 ,325,"$113,750 ","$39,813 ",35%,Online
,Kohl's,1197831,6/14/21,Midwest,Kansas,Wichita,Women's Street Footwear,$40.00 ,300,"$120,000 ","$42,000 ",35%,Online
,Kohl's,1197831,6/14/21,Midwest,Kansas,Wichita,Women's Athletic Footwear,$40.00 ,275,"$110,000 ","$38,500 ",35%,Online
,Kohl's,1197831,6/14/21,Midwest,Kansas,Wichita,Men's Apparel,$55.00 ,275,"$151,250 ","$52,938 ",35%,Online
,Kohl's,1197831,6/14/21,Midwest,Kansas,Wichita,Women's Apparel,$60.00 ,450,"$270,000 ","$94,500 ",35%,Online
,Kohl's,1197831,7/12/21,Midwest,Kansas,Wichita,Men's Street Footwear,$55.00 ,675,"$371,250 ","$129,938 ",35%,Online
,Kohl's,1197831,7/12/21,Midwest,Kansas,Wichita,Men's Athletic Footwear,$50.00 ,425,"$212,500 ","$74,375 ",35%,Online
,Kohl's,1197831,7/12/21,Midwest,Kansas,Wichita,Women's Street Footwear,$45.00 ,350,"$157,500 ","$55,125 ",35%,Online
,Kohl's,1197831,7/12/21,Midwest,Kansas,Wichita,Women's Athletic Footwear,$45.00 ,300,"$135,000 ","$47,250 ",35%,Online
,Kohl's,1197831,7/12/21,Midwest,Kansas,Wichita,Men's Apparel,$60.00 ,325,"$195,000 ","$68,250 ",35%,Online
,Kohl's,1197831,7/12/21,Midwest,Kansas,Wichita,Women's Apparel,$65.00 ,500,"$325,000 ","$113,750 ",35%,Online
,Kohl's,1197831,8/13/21,Midwest,Kansas,Wichita,Men's Street Footwear,$60.00 ,650,"$390,000 ","$136,500 ",35%,Online
,Kohl's,1197831,8/13/21,Midwest,Kansas,Wichita,Men's Athletic Footwear,$55.00 ,425,"$233,750 ","$81,813 ",35%,Online
,Kohl's,1197831,8/13/21,Midwest,Kansas,Wichita,Women's Street Footwear,$50.00 ,350,"$175,000 ","$61,250 ",35%,Online
,Kohl's,1197831,8/13/21,Midwest,Kansas,Wichita,Women's Athletic Footwear,$40.00 ,300,"$120,000 ","$42,000 ",35%,Online
,Kohl's,1197831,8/13/21,Midwest,Kansas,Wichita,Men's Apparel,$50.00 ,275,"$137,500 ","$48,125 ",35%,Online
,Kohl's,1197831,8/13/21,Midwest,Kansas,Wichita,Women's Apparel,$55.00 ,450,"$247,500 ","$86,625 ",35%,Online
,Kohl's,1197831,9/12/21,Midwest,Kansas,Wichita,Men's Street Footwear,$50.00 ,550,"$275,000 ","$96,250 ",35%,Online
,Kohl's,1197831,9/12/21,Midwest,Kansas,Wichita,Men's Athletic Footwear,$40.00 ,350,"$140,000 ","$49,000 ",35%,Online
,Kohl's,1197831,9/12/21,Midwest,Kansas,Wichita,Women's Street Footwear,$15.00 ,250,"$37,500 ","$13,125 ",35%,Online
,Kohl's,1197831,9/12/21,Midwest,Kansas,Wichita,Women's Athletic Footwear,$15.00 ,225,"$33,750 ","$11,813 ",35%,Online
,Kohl's,1197831,9/12/21,Midwest,Kansas,Wichita,Men's Apparel,$25.00 ,225,"$56,250 ","$19,688 ",35%,Online
,Kohl's,1197831,9/12/21,Midwest,Kansas,Wichita,Women's Apparel,$30.00 ,325,"$97,500 ","$34,125 ",35%,Online
,Kohl's,1197831,10/14/21,Midwest,Kansas,Wichita,Men's Street Footwear,$30.00 ,500,"$150,000 ","$52,500 ",35%,Online
,Kohl's,1197831,10/14/21,Midwest,Kansas,Wichita,Men's Athletic Footwear,$20.00 ,325,"$65,000 ","$22,750 ",35%,Online
,Kohl's,1197831,10/14/21,Midwest,Kansas,Wichita,Women's Street Footwear,$20.00 ,200,"$40,000 ","$14,000 ",35%,Online
,Kohl's,1197831,10/14/21,Midwest,Kansas,Wichita,Women's Athletic Footwear,$20.00 ,175,"$35,000 ","$12,250 ",35%,Online
,Kohl's,1197831,10/14/21,Midwest,Kansas,Wichita,Men's Apparel,$30.00 ,175,"$52,500 ","$18,375 ",35%,Online
,Foot Locker,1197831,10/14/21,Midwest,Kansas,Wichita,Women's Apparel,$30.00 ,300,"$90,000 ","$31,500 ",35%,Online
,Foot Locker,1197831,11/13/21,Midwest,Kansas,Wichita,Men's Street Footwear,$25.00 ,450,"$112,500 ","$39,375 ",35%,Online
,Foot Locker,1197831,11/13/21,Midwest,Kansas,Wichita,Men's Athletic Footwear,$15.00 ,275,"$41,250 ","$14,438 ",35%,Online
,Foot Locker,1197831,11/13/21,Midwest,Kansas,Wichita,Women's Street Footwear,$25.00 ,220,"$55,000 ","$19,250 ",35%,Online
,Foot Locker,1197831,11/13/21,Midwest,Kansas,Wichita,Women's Athletic Footwear,$55.00 ,275,"$151,250 ","$52,938 ",35%,Online
,Foot Locker,1197831,11/13/21,Midwest,Kansas,Wichita,Men's Apparel,$75.00 ,250,"$187,500 ","$65,625 ",35%,Online
,Foot Locker,1197831,11/13/21,Midwest,Kansas,Wichita,Women's Apparel,$75.00 ,350,"$262,500 ","$91,875 ",35%,Online
,Foot Locker,1197831,12/12/21,Midwest,Kansas,Wichita,Men's Street Footwear,$70.00 ,600,"$420,000 ","$147,000 ",35%,Online
,Foot Locker,1197831,12/12/21,Midwest,Kansas,Wichita,Men's Athletic Footwear,$60.00 ,400,"$240,000 ","$84,000 ",35%,Online
,Foot Locker,1197831,12/12/21,Midwest,Kansas,Wichita,Women's Street Footwear,$60.00 ,350,"$210,000 ","$73,500 ",35%,Online
,Foot Locker,1197831,12/12/21,Midwest,Kansas,Wichita,Women's Athletic Footwear,$60.00 ,300,"$180,000 ","$63,000 ",35%,Online
,Foot Locker,1197831,12/12/21,Midwest,Kansas,Wichita,Men's Apparel,$70.00 ,300,"$210,000 ","$73,500 ",35%,Online
,Foot Locker,1197831,12/12/21,Midwest,Kansas,Wichita,Women's Apparel,$75.00 ,400,"$300,000 ","$105,000 ",35%,Online
,Foot Locker,1185732,1/12/21,Midwest,Kansas,Wichita,Men's Street Footwear,$40.00 ,475,"$190,000 ","$66,500 ",35%,Online
,Foot Locker,1185732,1/12/21,Midwest,Kansas,Wichita,Men's Athletic Footwear,$40.00 ,275,"$110,000 ","$33,000 ",30%,Online
,Foot Locker,1185732,1/12/21,Midwest,Kansas,Wichita,Women's Street Footwear,$30.00 ,275,"$82,500 ","$24,750 ",30%,Online
,Foot Locker,1185732,1/12/21,Midwest,Kansas,Wichita,Women's Athletic Footwear,$35.00 ,125,"$43,750 ","$13,125 ",30%,Online
,Foot Locker,1185732,1/12/21,Midwest,Kansas,Wichita,Men's Apparel,$50.00 ,175,"$87,500 ","$30,625 ",35%,Online
,Foot Locker,1185732,1/12/21,Midwest,Kansas,Wichita,Women's Apparel,$40.00 ,275,"$110,000 ","$44,000 ",40%,Online
,Foot Locker,1185732,2/12/21,Midwest,Kansas,Wichita,Men's Street Footwear,$40.00 ,525,"$210,000 ","$73,500 ",35%,Online
,Foot Locker,1185732,2/12/21,Midwest,Kansas,Wichita,Men's Athletic Footwear,$40.00 ,175,"$70,000 ","$21,000 ",30%,Online
,Foot Locker,1185732,2/12/21,Midwest,Kansas,Wichita,Women's Street Footwear,$30.00 ,225,"$67,500 ","$20,250 ",30%,Online
,Foot Locker,1185732,2/12/21,Midwest,South Dakota,Sioux Falls,Women's Athletic Footwear,$35.00 ,100,"$35,000 ","$10,500 ",30%,Online
,Foot Locker,1185732,2/12/21,Midwest,South Dakota,Sioux Falls,Men's Apparel,$50.00 ,175,"$87,500 ","$30,625 ",35%,Online
,Foot Locker,1185732,2/12/21,Midwest,South Dakota,Sioux Falls,Women's Apparel,$35.00 ,275,"$96,250 ","$38,500 ",40%,Online
,Foot Locker,1185732,3/11/21,Midwest,South Dakota,Sioux Falls,Men's Street Footwear,$40.00 ,495,"$198,000 ","$69,300 ",35%,Online
,Foot Locker,1185732,3/11/21,Midwest,South Dakota,Sioux Falls,Men's Athletic Footwear,$40.00 ,200,"$80,000 ","$24,000 ",30%,Online
,Foot Locker,1185732,3/11/21,Midwest,South Dakota,Sioux Falls,Women's Street Footwear,$30.00 ,225,"$67,500 ","$20,250 ",30%,Online
,Foot Locker,1185732,3/11/21,Midwest,South Dakota,Sioux Falls,Women's Athletic Footwear,$35.00 ,75,"$26,250 ","$7,875 ",30%,Online
,Foot Locker,1185732,3/11/21,Midwest,South Dakota,Sioux Falls,Men's Apparel,$50.00 ,125,"$62,500 ","$21,875 ",35%,Online
,Foot Locker,1185732,3/11/21,Midwest,South Dakota,Sioux Falls,Women's Apparel,$40.00 ,225,"$90,000 ","$36,000 ",40%,Online
,Foot Locker,1185732,4/12/21,Midwest,South Dakota,Sioux Falls,Men's Street Footwear,$40.00 ,450,"$180,000 ","$63,000 ",35%,Online
,Foot Locker,1185732,4/12/21,Midwest,South Dakota,Sioux Falls,Men's Athletic Footwear,$40.00 ,150,"$60,000 ","$18,000 ",30%,Online
,Foot Locker,1185732,4/12/21,Midwest,South Dakota,Sioux Falls,Women's Street Footwear,$30.00 ,150,"$45,000 ","$13,500 ",30%,Online
,Foot Locker,1185732,4/12/21,Midwest,South Dakota,Sioux Falls,Women's Athletic Footwear,$35.00 ,75,"$26,250 ","$7,875 ",30%,Online
,Foot Locker,1185732,4/12/21,Midwest,South Dakota,Sioux Falls,Men's Apparel,$60.00 ,100,"$60,000 ","$21,000 ",35%,Online
,Foot Locker,1185732,4/12/21,Midwest,South Dakota,Sioux Falls,Women's Apparel,$50.00 ,225,"$112,500 ","$45,000 ",40%,Online
,Foot Locker,1185732,5/13/21,Midwest,South Dakota,Sioux Falls,Men's Street Footwear,$60.00 ,495,"$297,000 ","$103,950 ",35%,Online
,Foot Locker,1185732,5/13/21,Midwest,South Dakota,Sioux Falls,Men's Athletic Footwear,$50.00 ,200,"$100,000 ","$30,000 ",30%,Online
,Foot Locker,1185732,5/13/21,Midwest,South Dakota,Sioux Falls,Women's Street Footwear,$45.00 ,175,"$78,750 ","$23,625 ",30%,Online
,Foot Locker,1185732,5/13/21,Midwest,South Dakota,Sioux Falls,Women's Athletic Footwear,$45.00 ,100,"$45,000 ","$13,500 ",30%,Online
,Foot Locker,1185732,5/13/21,Midwest,South Dakota,Sioux Falls,Men's Apparel,$55.00 ,125,"$68,750 ","$24,063 ",35%,Online
,Foot Locker,1185732,5/13/21,Midwest,South Dakota,Sioux Falls,Women's Apparel,$60.00 ,250,"$150,000 ","$60,000 ",40%,Online
,Foot Locker,1185732,6/12/21,Midwest,South Dakota,Sioux Falls,Men's Street Footwear,$45.00 ,500,"$225,000 ","$78,750 ",35%,Online
,Foot Locker,1185732,6/12/21,Midwest,South Dakota,Sioux Falls,Men's Athletic Footwear,$40.00 ,250,"$100,000 ","$30,000 ",30%,Online
,Foot Locker,1185732,6/12/21,Midwest,South Dakota,Sioux Falls,Women's Street Footwear,$35.00 ,200,"$70,000 ","$21,000 ",30%,Online
,Foot Locker,1185732,6/12/21,Midwest,South Dakota,Sioux Falls,Women's Athletic Footwear,$35.00 ,175,"$61,250 ","$18,375 ",30%,Online
,Foot Locker,1185732,6/12/21,Midwest,South Dakota,Sioux Falls,Men's Apparel,$45.00 ,175,"$78,750 ","$27,563 ",35%,Online
,Foot Locker,1185732,6/12/21,Midwest,South Dakota,Sioux Falls,Women's Apparel,$55.00 ,325,"$178,750 ","$71,500 ",40%,Online
,Foot Locker,1185732,7/11/21,Midwest,South Dakota,Sioux Falls,Men's Street Footwear,$50.00 ,550,"$275,000 ","$96,250 ",35%,Online
,Foot Locker,1185732,7/11/21,Midwest,South Dakota,Sioux Falls,Men's Athletic Footwear,$45.00 ,300,"$135,000 ","$40,500 ",30%,Online
,Foot Locker,1185732,7/11/21,Midwest,South Dakota,Sioux Falls,Women's Street Footwear,$40.00 ,225,"$90,000 ","$27,000 ",30%,Online
,Foot Locker,1185732,7/11/21,Midwest,South Dakota,Sioux Falls,Women's Athletic Footwear,$40.00 ,175,"$70,000 ","$21,000 ",30%,Online
,Foot Locker,1185732,7/11/21,Midwest,South Dakota,Sioux Falls,Men's Apparel,$50.00 ,200,"$100,000 ","$35,000 ",35%,Online
,Foot Locker,1185732,7/11/21,Midwest,South Dakota,Sioux Falls,Women's Apparel,$55.00 ,375,"$206,250 ","$82,500 ",40%,Online
,Foot Locker,1185732,8/12/21,Midwest,South Dakota,Sioux Falls,Men's Street Footwear,$50.00 ,525,"$262,500 ","$91,875 ",35%,Online
,Foot Locker,1185732,8/12/21,Midwest,South Dakota,Sioux Falls,Men's Athletic Footwear,$45.00 ,300,"$135,000 ","$40,500 ",30%,Online
,Foot Locker,1185732,8/12/21,Midwest,South Dakota,Sioux Falls,Women's Street Footwear,$40.00 ,225,"$90,000 ","$27,000 ",30%,Online
,Foot Locker,1185732,8/12/21,Midwest,South Dakota,Sioux Falls,Women's Athletic Footwear,$40.00 ,200,"$80,000 ","$24,000 ",30%,Online
,Foot Locker,1185732,8/12/21,Midwest,South Dakota,Sioux Falls,Men's Apparel,$50.00 ,175,"$87,500 ","$30,625 ",35%,Online
,Foot Locker,1185732,8/12/21,Midwest,South Dakota,Sioux Falls,Women's Apparel,$55.00 ,350,"$192,500 ","$77,000 ",40%,Online
,Foot Locker,1185732,9/13/21,Midwest,South Dakota,Sioux Falls,Men's Street Footwear,$45.00 ,475,"$213,750 ","$74,813 ",35%,Online
,Foot Locker,1185732,9/13/21,Midwest,South Dakota,Sioux Falls,Men's Athletic Footwear,$40.00 ,275,"$110,000 ","$33,000 ",30%,Online
,Foot Locker,1185732,9/13/21,Midwest,South Dakota,Sioux Falls,Women's Street Footwear,$35.00 ,175,"$61,250 ","$18,375 ",30%,Online
,Foot Locker,1185732,9/13/21,Midwest,South Dakota,Sioux Falls,Women's Athletic Footwear,$35.00 ,150,"$52,500 ","$15,750 ",30%,Online
,Foot Locker,1185732,9/13/21,Midwest,South Dakota,Sioux Falls,Men's Apparel,$45.00 ,150,"$67,500 ","$23,625 ",35%,Online
,Foot Locker,1185732,9/13/21,Midwest,South Dakota,Sioux Falls,Women's Apparel,$50.00 ,225,"$112,500 ","$45,000 ",40%,Online
,Foot Locker,1185732,10/12/21,Midwest,South Dakota,Sioux Falls,Men's Street Footwear,$55.00 ,400,"$220,000 ","$77,000 ",35%,Online
,Foot Locker,1185732,10/12/21,Midwest,South Dakota,Sioux Falls,Men's Athletic Footwear,$45.00 ,250,"$112,500 ","$33,750 ",30%,Online
,Foot Locker,1185732,10/12/21,Midwest,South Dakota,Sioux Falls,Women's Street Footwear,$45.00 ,150,"$67,500 ","$20,250 ",30%,Online
,Foot Locker,1185732,10/12/21,Midwest,South Dakota,Sioux Falls,Women's Athletic Footwear,$45.00 ,125,"$56,250 ","$16,875 ",30%,Online
,Foot Locker,1185732,10/12/21,Midwest,South Dakota,Sioux Falls,Men's Apparel,$55.00 ,125,"$68,750 ","$24,063 ",35%,Online
,Sports Direct,1185732,10/12/21,Midwest,South Dakota,Sioux Falls,Women's Apparel,$60.00 ,250,"$150,000 ","$60,000 ",40%,Online
,Sports Direct,1185732,11/12/21,Midwest,South Dakota,Sioux Falls,Men's Street Footwear,$55.00 ,400,"$220,000 ","$77,000 ",35%,Online
,Sports Direct,1185732,11/12/21,Midwest,South Dakota,Sioux Falls,Men's Athletic Footwear,$45.00 ,250,"$112,500 ","$33,750 ",30%,Online
,Sports Direct,1185732,11/12/21,Midwest,South Dakota,Sioux Falls,Women's Street Footwear,$45.00 ,195,"$87,750 ","$26,325 ",30%,Online
,Sports Direct,1185732,11/12/21,Midwest,South Dakota,Sioux Falls,Women's Athletic Footwear,$45.00 ,175,"$78,750 ","$23,625 ",30%,Online
,Sports Direct,1185732,11/12/21,Midwest,South Dakota,Sioux Falls,Men's Apparel,$60.00 ,150,"$90,000 ","$31,500 ",35%,Online
,Sports Direct,1185732,11/12/21,Midwest,South Dakota,Sioux Falls,Women's Apparel,$65.00 ,250,"$162,500 ","$65,000 ",40%,Online
,Sports Direct,1185732,12/11/21,Midwest,South Dakota,Sioux Falls,Men's Street Footwear,$60.00 ,500,"$300,000 ","$105,000 ",35%,Online
,Sports Direct,1185732,12/11/21,Midwest,South Dakota,Sioux Falls,Men's Athletic Footwear,$50.00 ,300,"$150,000 ","$45,000 ",30%,Online
,Sports Direct,1185732,12/11/21,Midwest,South Dakota,Sioux Falls,Women's Street Footwear,$50.00 ,250,"$125,000 ","$37,500 ",30%,Online
,Sports Direct,1185732,12/11/21,Midwest,South Dakota,Sioux Falls,Women's Athletic Footwear,$50.00 ,200,"$100,000 ","$30,000 ",30%,Online
,Sports Direct,1185732,12/11/21,Midwest,South Dakota,Sioux Falls,Men's Apparel,$60.00 ,200,"$120,000 ","$42,000 ",35%,Online
,Sports Direct,1185732,12/11/21,Midwest,South Dakota,Sioux Falls,Women's Apparel,$65.00 ,300,"$195,000 ","$78,000 ",40%,Online
,Sports Direct,1185732,1/9/21,Midwest,South Dakota,Sioux Falls,Men's Street Footwear,$35.00 ,475,"$166,250 ","$58,188 ",35%,Online
,Sports Direct,1185732,1/9/21,Midwest,South Dakota,Sioux Falls,Men's Athletic Footwear,$35.00 ,275,"$96,250 ","$28,875 ",30%,Online
,Sports Direct,1185732,1/9/21,Midwest,South Dakota,Sioux Falls,Women's Street Footwear,$25.00 ,275,"$68,750 ","$20,625 ",30%,Online
,Sports Direct,1185732,1/9/21,Midwest,South Dakota,Sioux Falls,Women's Athletic Footwear,$30.00 ,125,"$37,500 ","$11,250 ",30%,Online
,Sports Direct,1185732,1/9/21,Midwest,South Dakota,Sioux Falls,Men's Apparel,$45.00 ,175,"$78,750 ","$27,563 ",35%,Online
,Sports Direct,1185732,1/9/21,Midwest,South Dakota,Sioux Falls,Women's Apparel,$35.00 ,275,"$96,250 ","$38,500 ",40%,Online
,Sports Direct,1185732,2/9/21,Midwest,South Dakota,Sioux Falls,Men's Street Footwear,$35.00 ,525,"$183,750 ","$64,313 ",35%,Online
,Sports Direct,1185732,2/9/21,Midwest,South Dakota,Sioux Falls,Men's Athletic Footwear,$35.00 ,175,"$61,250 ","$18,375 ",30%,Online
,Sports Direct,1185732,2/9/21,Midwest,South Dakota,Sioux Falls,Women's Street Footwear,$25.00 ,225,"$56,250 ","$16,875 ",30%,Online
,Sports Direct,1185732,2/9/21,Midwest,North Dakota,Fargo,Women's Athletic Footwear,$30.00 ,100,"$30,000 ","$9,000 ",30%,Online
,Sports Direct,1185732,2/9/21,Midwest,North Dakota,Fargo,Men's Apparel,$45.00 ,175,"$78,750 ","$27,563 ",35%,Online
,Sports Direct,1185732,2/9/21,Midwest,North Dakota,Fargo,Women's Apparel,$25.00 ,275,"$68,750 ","$27,500 ",40%,Online
,Sports Direct,1185732,3/8/21,Midwest,North Dakota,Fargo,Men's Street Footwear,$30.00 ,495,"$148,500 ","$51,975 ",35%,Online
,Sports Direct,1185732,3/8/21,Midwest,North Dakota,Fargo,Men's Athletic Footwear,$30.00 ,200,"$60,000 ","$18,000 ",30%,Online
,Sports Direct,1185732,3/8/21,Midwest,North Dakota,Fargo,Women's Street Footwear,$20.00 ,225,"$45,000 ","$13,500 ",30%,Online
,Sports Direct,1185732,3/8/21,Midwest,North Dakota,Fargo,Women's Athletic Footwear,$25.00 ,75,"$18,750 ","$5,625 ",30%,Online
,Sports Direct,1185732,3/8/21,Midwest,North Dakota,Fargo,Men's Apparel,$40.00 ,125,"$50,000 ","$17,500 ",35%,Online
,Sports Direct,1185732,3/8/21,Midwest,North Dakota,Fargo,Women's Apparel,$30.00 ,225,"$67,500 ","$27,000 ",40%,Online
,Sports Direct,1185732,4/9/21,Midwest,North Dakota,Fargo,Men's Street Footwear,$30.00 ,450,"$135,000 ","$47,250 ",35%,Online
,Sports Direct,1185732,4/9/21,Midwest,North Dakota,Fargo,Men's Athletic Footwear,$30.00 ,150,"$45,000 ","$13,500 ",30%,Online
,Sports Direct,1185732,4/9/21,Midwest,North Dakota,Fargo,Women's Street Footwear,$20.00 ,150,"$30,000 ","$9,000 ",30%,Online
,Sports Direct,1185732,4/9/21,Midwest,North Dakota,Fargo,Women's Athletic Footwear,$25.00 ,75,"$18,750 ","$5,625 ",30%,Online
,Sports Direct,1185732,4/9/21,Midwest,North Dakota,Fargo,Men's Apparel,$60.00 ,100,"$60,000 ","$21,000 ",35%,In-store
,Sports Direct,1185732,4/9/21,Midwest,North Dakota,Fargo,Women's Apparel,$50.00 ,225,"$112,500 ","$45,000 ",40%,In-store
,Sports Direct,1185732,5/10/21,Midwest,North Dakota,Fargo,Men's Street Footwear,$60.00 ,495,"$297,000 ","$103,950 ",35%,In-store
,Sports Direct,1185732,5/10/21,Midwest,North Dakota,Fargo,Men's Athletic Footwear,$45.00 ,200,"$90,000 ","$27,000 ",30%,In-store
,Sports Direct,1185732,5/10/21,Midwest,North Dakota,Fargo,Women's Street Footwear,$40.00 ,175,"$70,000 ","$21,000 ",30%,In-store
,Sports Direct,1185732,5/10/21,Midwest,North Dakota,Fargo,Women's Athletic Footwear,$40.00 ,100,"$40,000 ","$12,000 ",30%,In-store
,Sports Direct,1185732,5/10/21,Midwest,North Dakota,Fargo,Men's Apparel,$50.00 ,125,"$62,500 ","$21,875 ",35%,In-store
,Sports Direct,1185732,5/10/21,Midwest,North Dakota,Fargo,Women's Apparel,$55.00 ,250,"$137,500 ","$55,000 ",40%,In-store
,Sports Direct,1185732,6/9/21,Midwest,North Dakota,Fargo,Men's Street Footwear,$40.00 ,500,"$200,000 ","$70,000 ",35%,In-store
,Sports Direct,1185732,6/9/21,Midwest,North Dakota,Fargo,Men's Athletic Footwear,$35.00 ,250,"$87,500 ","$26,250 ",30%,In-store
,Sports Direct,1185732,6/9/21,Midwest,North Dakota,Fargo,Women's Street Footwear,$30.00 ,200,"$60,000 ","$18,000 ",30%,In-store
,Sports Direct,1185732,6/9/21,Midwest,North Dakota,Fargo,Women's Athletic Footwear,$30.00 ,175,"$52,500 ","$15,750 ",30%,In-store
,Sports Direct,1185732,6/9/21,Midwest,North Dakota,Fargo,Men's Apparel,$40.00 ,175,"$70,000 ","$24,500 ",35%,In-store
,Sports Direct,1185732,6/9/21,Midwest,North Dakota,Fargo,Women's Apparel,$55.00 ,325,"$178,750 ","$71,500 ",40%,In-store
,Sports Direct,1185732,7/8/21,Midwest,North Dakota,Fargo,Men's Street Footwear,$50.00 ,550,"$275,000 ","$96,250 ",35%,In-store
,Sports Direct,1185732,7/8/21,Midwest,North Dakota,Fargo,Men's Athletic Footwear,$45.00 ,300,"$135,000 ","$40,500 ",30%,In-store
,Sports Direct,1185732,7/8/21,Midwest,North Dakota,Fargo,Women's Street Footwear,$40.00 ,225,"$90,000 ","$27,000 ",30%,In-store
,Sports Direct,1185732,7/8/21,Midwest,North Dakota,Fargo,Women's Athletic Footwear,$40.00 ,175,"$70,000 ","$21,000 ",30%,In-store
,Sports Direct,1185732,7/8/21,Midwest,North Dakota,Fargo,Men's Apparel,$50.00 ,200,"$100,000 ","$35,000 ",35%,In-store
,Sports Direct,1185732,7/8/21,Midwest,North Dakota,Fargo,Women's Apparel,$55.00 ,375,"$206,250 ","$82,500 ",40%,In-store
,Sports Direct,1185732,8/9/21,Midwest,North Dakota,Fargo,Men's Street Footwear,$50.00 ,525,"$262,500 ","$91,875 ",35%,In-store
,Sports Direct,1185732,8/9/21,Midwest,North Dakota,Fargo,Men's Athletic Footwear,$45.00 ,300,"$135,000 ","$40,500 ",30%,In-store
,Sports Direct,1185732,8/9/21,Midwest,North Dakota,Fargo,Women's Street Footwear,$40.00 ,225,"$90,000 ","$27,000 ",30%,In-store
,Sports Direct,1185732,8/9/21,Midwest,North Dakota,Fargo,Women's Athletic Footwear,$40.00 ,200,"$80,000 ","$24,000 ",30%,In-store
,Sports Direct,1185732,8/9/21,Midwest,North Dakota,Fargo,Men's Apparel,$50.00 ,175,"$87,500 ","$30,625 ",35%,In-store
,Sports Direct,1185732,8/9/21,Midwest,North Dakota,Fargo,Women's Apparel,$55.00 ,350,"$192,500 ","$77,000 ",40%,In-store
,Sports Direct,1185732,9/10/21,Midwest,North Dakota,Fargo,Men's Street Footwear,$40.00 ,475,"$190,000 ","$66,500 ",35%,In-store
,Sports Direct,1185732,9/10/21,Midwest,North Dakota,Fargo,Men's Athletic Footwear,$35.00 ,275,"$96,250 ","$28,875 ",30%,In-store
,Sports Direct,1185732,9/10/21,Midwest,North Dakota,Fargo,Women's Street Footwear,$30.00 ,175,"$52,500 ","$15,750 ",30%,In-store
,Sports Direct,1185732,9/10/21,Midwest,North Dakota,Fargo,Women's Athletic Footwear,$30.00 ,150,"$45,000 ","$13,500 ",30%,In-store
,Sports Direct,1185732,9/10/21,Midwest,North Dakota,Fargo,Men's Apparel,$40.00 ,150,"$60,000 ","$21,000 ",35%,In-store
,Sports Direct,1185732,9/10/21,Midwest,North Dakota,Fargo,Women's Apparel,$45.00 ,225,"$101,250 ","$40,500 ",40%,In-store
,Sports Direct,1185732,10/9/21,Midwest,North Dakota,Fargo,Men's Street Footwear,$50.00 ,400,"$200,000 ","$70,000 ",35%,In-store
,Sports Direct,1185732,10/9/21,Midwest,North Dakota,Fargo,Men's Athletic Footwear,$40.00 ,250,"$100,000 ","$30,000 ",30%,In-store
,Sports Direct,1185732,10/9/21,Midwest,North Dakota,Fargo,Women's Street Footwear,$40.00 ,150,"$60,000 ","$18,000 ",30%,In-store
,Sports Direct,1185732,10/9/21,Midwest,North Dakota,Fargo,Women's Athletic Footwear,$40.00 ,125,"$50,000 ","$15,000 ",30%,In-store
,Sports Direct,1185732,10/9/21,Midwest,North Dakota,Fargo,Men's Apparel,$50.00 ,125,"$62,500 ","$21,875 ",35%,In-store
,Foot Locker,1185732,10/9/21,Midwest,North Dakota,Fargo,Women's Apparel,$55.00 ,250,"$137,500 ","$55,000 ",40%,In-store
,Foot Locker,1185732,11/9/21,Midwest,North Dakota,Fargo,Men's Street Footwear,$50.00 ,400,"$200,000 ","$70,000 ",35%,In-store
,Foot Locker,1185732,11/9/21,Midwest,North Dakota,Fargo,Men's Athletic Footwear,$40.00 ,250,"$100,000 ","$30,000 ",30%,In-store
,Foot Locker,1185732,11/9/21,Midwest,North Dakota,Fargo,Women's Street Footwear,$40.00 ,195,"$78,000 ","$23,400 ",30%,In-store
,Foot Locker,1185732,11/9/21,Midwest,North Dakota,Fargo,Women's Athletic Footwear,$40.00 ,175,"$70,000 ","$21,000 ",30%,In-store
,Foot Locker,1185732,11/9/21,Midwest,North Dakota,Fargo,Men's Apparel,$60.00 ,150,"$90,000 ","$31,500 ",35%,In-store
,Foot Locker,1185732,11/9/21,Midwest,North Dakota,Fargo,Women's Apparel,$65.00 ,250,"$162,500 ","$65,000 ",40%,In-store
,Foot Locker,1185732,12/8/21,Midwest,North Dakota,Fargo,Men's Street Footwear,$60.00 ,500,"$300,000 ","$105,000 ",35%,In-store
,Foot Locker,1185732,12/8/21,Midwest,North Dakota,Fargo,Men's Athletic Footwear,$50.00 ,300,"$150,000 ","$45,000 ",30%,In-store
,Foot Locker,1185732,12/8/21,Midwest,North Dakota,Fargo,Women's Street Footwear,$50.00 ,250,"$125,000 ","$37,500 ",30%,In-store
,Foot Locker,1185732,12/8/21,Midwest,North Dakota,Fargo,Women's Athletic Footwear,$50.00 ,200,"$100,000 ","$30,000 ",30%,In-store
,Foot Locker,1185732,12/8/21,Midwest,North Dakota,Fargo,Men's Apparel,$60.00 ,200,"$120,000 ","$42,000 ",35%,In-store
,Foot Locker,1185732,12/8/21,Midwest,North Dakota,Fargo,Women's Apparel,$65.00 ,300,"$195,000 ","$78,000 ",40%,In-store
,Foot Locker,1185732,1/6/21,Midwest,North Dakota,Fargo,Men's Street Footwear,$30.00 ,450,"$135,000 ","$40,500 ",30%,In-store
,Foot Locker,1185732,1/6/21,Midwest,North Dakota,Fargo,Men's Athletic Footwear,$30.00 ,250,"$75,000 ","$26,250 ",35%,In-store
,Foot Locker,1185732,1/6/21,Midwest,North Dakota,Fargo,Women's Street Footwear,$20.00 ,250,"$50,000 ","$15,000 ",30%,In-store
,Foot Locker,1185732,1/6/21,Midwest,North Dakota,Fargo,Women's Athletic Footwear,$25.00 ,100,"$25,000 ","$7,500 ",30%,In-store
,Foot Locker,1185732,1/6/21,Midwest,North Dakota,Fargo,Men's Apparel,$40.00 ,150,"$60,000 ","$30,000 ",50%,In-store
,Foot Locker,1185732,1/6/21,Midwest,North Dakota,Fargo,Women's Apparel,$30.00 ,250,"$75,000 ","$30,000 ",40%,In-store
,Foot Locker,1185732,2/6/21,Midwest,North Dakota,Fargo,Men's Street Footwear,$30.00 ,500,"$150,000 ","$45,000 ",30%,In-store
,Foot Locker,1185732,2/6/21,Midwest,North Dakota,Fargo,Men's Athletic Footwear,$30.00 ,150,"$45,000 ","$15,750 ",35%,In-store
,Foot Locker,1185732,2/6/21,Midwest,North Dakota,Fargo,Women's Street Footwear,$20.00 ,200,"$40,000 ","$12,000 ",30%,In-store
,Foot Locker,1185732,2/6/21,Midwest,Iowa,Des Moines,Women's Athletic Footwear,$25.00 ,75,"$18,750 ","$5,625 ",30%,In-store
,Foot Locker,1185732,2/6/21,Midwest,Iowa,Des Moines,Men's Apparel,$40.00 ,150,"$60,000 ","$30,000 ",50%,In-store
,Foot Locker,1185732,2/6/21,Midwest,Iowa,Des Moines,Women's Apparel,$15.00 ,250,"$37,500 ","$15,000 ",40%,In-store
,Foot Locker,1185732,3/5/21,Midwest,Iowa,Des Moines,Men's Street Footwear,$20.00 ,470,"$94,000 ","$28,200 ",30%,In-store
,Foot Locker,1185732,3/5/21,Midwest,Iowa,Des Moines,Men's Athletic Footwear,$20.00 ,175,"$35,000 ","$12,250 ",35%,In-store
,Foot Locker,1185732,3/5/21,Midwest,Iowa,Des Moines,Women's Street Footwear,$10.00 ,225,"$22,500 ","$6,750 ",30%,In-store
,Foot Locker,1185732,3/5/21,Midwest,Iowa,Des Moines,Women's Athletic Footwear,$15.00 ,100,"$15,000 ","$4,500 ",30%,In-store
,Foot Locker,1185732,3/5/21,Midwest,Iowa,Des Moines,Men's Apparel,$30.00 ,150,"$45,000 ","$22,500 ",50%,In-store
,Foot Locker,1185732,3/5/21,Midwest,Iowa,Des Moines,Women's Apparel,$20.00 ,250,"$50,000 ","$20,000 ",40%,In-store
,Foot Locker,1185732,4/6/21,Midwest,Iowa,Des Moines,Men's Street Footwear,$20.00 ,475,"$95,000 ","$28,500 ",30%,In-store
,Foot Locker,1185732,4/6/21,Midwest,Iowa,Des Moines,Men's Athletic Footwear,$20.00 ,175,"$35,000 ","$12,250 ",35%,In-store
,Foot Locker,1185732,4/6/21,Midwest,Iowa,Des Moines,Women's Street Footwear,$10.00 ,175,"$17,500 ","$5,250 ",30%,In-store
,Foot Locker,1185732,4/6/21,Midwest,Iowa,Des Moines,Women's Athletic Footwear,$15.00 ,100,"$15,000 ","$4,500 ",30%,In-store
,Foot Locker,1185732,4/6/21,Midwest,Iowa,Des Moines,Men's Apparel,$60.00 ,125,"$75,000 ","$37,500 ",50%,In-store
,Foot Locker,1185732,4/6/21,Midwest,Iowa,Des Moines,Women's Apparel,$50.00 ,250,"$125,000 ","$50,000 ",40%,In-store
,Foot Locker,1185732,5/7/21,Midwest,Iowa,Des Moines,Men's Street Footwear,$60.00 ,520,"$312,000 ","$93,600 ",30%,In-store
,Foot Locker,1185732,5/7/21,Midwest,Iowa,Des Moines,Men's Athletic Footwear,$40.00 ,225,"$90,000 ","$31,500 ",35%,In-store
,Foot Locker,1185732,5/7/21,Midwest,Iowa,Des Moines,Women's Street Footwear,$35.00 ,200,"$70,000 ","$21,000 ",30%,In-store
,Foot Locker,1185732,5/7/21,Midwest,Iowa,Des Moines,Women's Athletic Footwear,$35.00 ,125,"$43,750 ","$13,125 ",30%,In-store
,Foot Locker,1185732,5/7/21,Midwest,Iowa,Des Moines,Men's Apparel,$45.00 ,150,"$67,500 ","$33,750 ",50%,In-store
,Foot Locker,1185732,5/7/21,Midwest,Iowa,Des Moines,Women's Apparel,$50.00 ,275,"$137,500 ","$55,000 ",40%,In-store
,Foot Locker,1185732,6/6/21,Midwest,Iowa,Des Moines,Men's Street Footwear,$35.00 ,525,"$183,750 ","$55,125 ",30%,In-store
,Foot Locker,1185732,6/6/21,Midwest,Iowa,Des Moines,Men's Athletic Footwear,$30.00 ,275,"$82,500 ","$28,875 ",35%,In-store
,Foot Locker,1185732,6/6/21,Midwest,Iowa,Des Moines,Women's Street Footwear,$25.00 ,200,"$50,000 ","$15,000 ",30%,In-store
,Foot Locker,1185732,6/6/21,Midwest,Iowa,Des Moines,Women's Athletic Footwear,$25.00 ,175,"$43,750 ","$13,125 ",30%,In-store
,Foot Locker,1185732,6/6/21,Midwest,Iowa,Des Moines,Men's Apparel,$35.00 ,175,"$61,250 ","$30,625 ",50%,In-store
,Foot Locker,1185732,6/6/21,Midwest,Iowa,Des Moines,Women's Apparel,$55.00 ,325,"$178,750 ","$71,500 ",40%,In-store
,Foot Locker,1185732,7/5/21,Midwest,Iowa,Des Moines,Men's Street Footwear,$50.00 ,550,"$275,000 ","$82,500 ",30%,In-store
,Foot Locker,1185732,7/5/21,Midwest,Iowa,Des Moines,Men's Athletic Footwear,$45.00 ,300,"$135,000 ","$47,250 ",35%,In-store
,Foot Locker,1185732,7/5/21,Midwest,Iowa,Des Moines,Women's Street Footwear,$40.00 ,225,"$90,000 ","$27,000 ",30%,In-store
,Foot Locker,1185732,7/5/21,Midwest,Iowa,Des Moines,Women's Athletic Footwear,$40.00 ,175,"$70,000 ","$21,000 ",30%,In-store
,Foot Locker,1185732,7/5/21,Midwest,Iowa,Des Moines,Men's Apparel,$50.00 ,200,"$100,000 ","$50,000 ",50%,In-store
,Foot Locker,1185732,7/5/21,Midwest,Iowa,Des Moines,Women's Apparel,$55.00 ,375,"$206,250 ","$82,500 ",40%,In-store
,Foot Locker,1185732,8/6/21,Midwest,Iowa,Des Moines,Men's Street Footwear,$50.00 ,525,"$262,500 ","$78,750 ",30%,In-store
,Foot Locker,1185732,8/6/21,Midwest,Iowa,Des Moines,Men's Athletic Footwear,$45.00 ,300,"$135,000 ","$47,250 ",35%,In-store
,Foot Locker,1185732,8/6/21,Midwest,Iowa,Des Moines,Women's Street Footwear,$40.00 ,225,"$90,000 ","$27,000 ",30%,In-store
,Foot Locker,1185732,8/6/21,Midwest,Iowa,Des Moines,Women's Athletic Footwear,$40.00 ,200,"$80,000 ","$24,000 ",30%,In-store
,Foot Locker,1185732,8/6/21,Midwest,Iowa,Des Moines,Men's Apparel,$50.00 ,175,"$87,500 ","$43,750 ",50%,In-store
,Foot Locker,1185732,8/6/21,Midwest,Iowa,Des Moines,Women's Apparel,$55.00 ,350,"$192,500 ","$77,000 ",40%,In-store
,Foot Locker,1185732,9/7/21,Midwest,Iowa,Des Moines,Men's Street Footwear,$35.00 ,475,"$166,250 ","$49,875 ",30%,In-store
,Foot Locker,1185732,9/7/21,Midwest,Iowa,Des Moines,Men's Athletic Footwear,$30.00 ,275,"$82,500 ","$28,875 ",35%,In-store
,Foot Locker,1185732,9/7/21,Midwest,Iowa,Des Moines,Women's Street Footwear,$25.00 ,175,"$43,750 ","$13,125 ",30%,In-store
,Foot Locker,1185732,9/7/21,Midwest,Iowa,Des Moines,Women's Athletic Footwear,$25.00 ,150,"$37,500 ","$11,250 ",30%,In-store
,Foot Locker,1185732,9/7/21,Midwest,Iowa,Des Moines,Men's Apparel,$35.00 ,150,"$52,500 ","$26,250 ",50%,In-store
,Foot Locker,1185732,9/7/21,Midwest,Iowa,Des Moines,Women's Apparel,$40.00 ,225,"$90,000 ","$36,000 ",40%,In-store
,Foot Locker,1185732,10/6/21,Midwest,Iowa,Des Moines,Men's Street Footwear,$45.00 ,400,"$180,000 ","$54,000 ",30%,In-store
,Foot Locker,1185732,10/6/21,Midwest,Iowa,Des Moines,Men's Athletic Footwear,$35.00 ,250,"$87,500 ","$30,625 ",35%,In-store
,Foot Locker,1185732,10/6/21,Midwest,Iowa,Des Moines,Women's Street Footwear,$35.00 ,150,"$52,500 ","$15,750 ",30%,In-store
,Foot Locker,1185732,10/6/21,Midwest,Iowa,Des Moines,Women's Athletic Footwear,$35.00 ,125,"$43,750 ","$13,125 ",30%,In-store
,Foot Locker,1185732,10/6/21,Midwest,Iowa,Des Moines,Men's Apparel,$45.00 ,125,"$56,250 ","$28,125 ",50%,In-store
,West Gear,1185732,10/6/21,Midwest,Iowa,Des Moines,Women's Apparel,$50.00 ,250,"$125,000 ","$50,000 ",40%,In-store
,West Gear,1185732,11/6/21,Midwest,Iowa,Des Moines,Men's Street Footwear,$45.00 ,400,"$180,000 ","$54,000 ",30%,In-store
,West Gear,1185732,11/6/21,Midwest,Iowa,Des Moines,Men's Athletic Footwear,$35.00 ,275,"$96,250 ","$33,688 ",35%,In-store
,West Gear,1185732,11/6/21,Midwest,Iowa,Des Moines,Women's Street Footwear,$35.00 ,220,"$77,000 ","$23,100 ",30%,In-store
,West Gear,1185732,11/6/21,Midwest,Iowa,Des Moines,Women's Athletic Footwear,$35.00 ,200,"$70,000 ","$21,000 ",30%,In-store
,West Gear,1185732,11/6/21,Midwest,Iowa,Des Moines,Men's Apparel,$60.00 ,175,"$105,000 ","$52,500 ",50%,In-store
,West Gear,1185732,11/6/21,Midwest,Iowa,Des Moines,Women's Apparel,$65.00 ,275,"$178,750 ","$71,500 ",40%,In-store
,West Gear,1185732,12/5/21,Midwest,Iowa,Des Moines,Men's Street Footwear,$60.00 ,525,"$315,000 ","$94,500 ",30%,In-store
,West Gear,1185732,12/5/21,Midwest,Iowa,Des Moines,Men's Athletic Footwear,$50.00 ,325,"$162,500 ","$56,875 ",35%,In-store
,West Gear,1185732,12/5/21,Midwest,Iowa,Des Moines,Women's Street Footwear,$50.00 ,275,"$137,500 ","$41,250 ",30%,In-store
,West Gear,1185732,12/5/21,Midwest,Iowa,Des Moines,Women's Athletic Footwear,$50.00 ,225,"$112,500 ","$33,750 ",30%,In-store
,West Gear,1185732,12/5/21,Midwest,Iowa,Des Moines,Men's Apparel,$60.00 ,225,"$135,000 ","$67,500 ",50%,In-store
,West Gear,1185732,12/5/21,Midwest,Iowa,Des Moines,Women's Apparel,$65.00 ,325,"$211,250 ","$84,500 ",40%,In-store
,West Gear,1185732,1/3/21,Midwest,Iowa,Des Moines,Men's Street Footwear,$30.00 ,450,"$135,000 ","$40,500 ",30%,In-store
,West Gear,1185732,1/3/21,Midwest,Iowa,Des Moines,Men's Athletic Footwear,$30.00 ,250,"$75,000 ","$26,250 ",35%,In-store
,West Gear,1185732,1/3/21,Midwest,Iowa,Des Moines,Women's Street Footwear,$20.00 ,250,"$50,000 ","$15,000 ",30%,In-store
,West Gear,1185732,1/3/21,Midwest,Iowa,Des Moines,Women's Athletic Footwear,$25.00 ,100,"$25,000 ","$7,500 ",30%,In-store
,West Gear,1185732,1/3/21,Midwest,Iowa,Des Moines,Men's Apparel,$40.00 ,150,"$60,000 ","$30,000 ",50%,In-store
,West Gear,1185732,1/3/21,Midwest,Iowa,Des Moines,Women's Apparel,$30.00 ,250,"$75,000 ","$30,000 ",40%,In-store
,West Gear,1185732,2/3/21,Midwest,Iowa,Des Moines,Men's Street Footwear,$30.00 ,500,"$150,000 ","$45,000 ",30%,In-store
,West Gear,1185732,2/3/21,Midwest,Iowa,Des Moines,Men's Athletic Footwear,$30.00 ,150,"$45,000 ","$15,750 ",35%,In-store
,West Gear,1185732,2/3/21,Midwest,Iowa,Des Moines,Women's Street Footwear,$20.00 ,200,"$40,000 ","$12,000 ",30%,In-store
,West Gear,1185732,2/3/21,Midwest,Wisconsin,Milwaukee,Women's Athletic Footwear,$25.00 ,75,"$18,750 ","$5,625 ",30%,In-store
,West Gear,1185732,2/3/21,Midwest,Wisconsin,Milwaukee,Men's Apparel,$40.00 ,150,"$60,000 ","$30,000 ",50%,In-store
,West Gear,1185732,2/3/21,Midwest,Wisconsin,Milwaukee,Women's Apparel,$15.00 ,250,"$37,500 ","$15,000 ",40%,In-store
,West Gear,1185732,3/2/21,Midwest,Wisconsin,Milwaukee,Men's Street Footwear,$20.00 ,470,"$94,000 ","$28,200 ",30%,In-store
,West Gear,1185732,3/2/21,Midwest,Wisconsin,Milwaukee,Men's Athletic Footwear,$20.00 ,175,"$35,000 ","$12,250 ",35%,In-store
,West Gear,1185732,3/2/21,Midwest,Wisconsin,Milwaukee,Women's Street Footwear,$10.00 ,225,"$22,500 ","$6,750 ",30%,In-store
,West Gear,1185732,3/2/21,Midwest,Wisconsin,Milwaukee,Women's Athletic Footwear,$15.00 ,75,"$11,250 ","$3,375 ",30%,In-store
,West Gear,1185732,3/2/21,Midwest,Wisconsin,Milwaukee,Men's Apparel,$30.00 ,125,"$37,500 ","$18,750 ",50%,In-store
,West Gear,1185732,3/2/21,Midwest,Wisconsin,Milwaukee,Women's Apparel,$20.00 ,225,"$45,000 ","$18,000 ",40%,In-store
,West Gear,1185732,4/3/21,Midwest,Wisconsin,Milwaukee,Men's Street Footwear,$20.00 ,450,"$90,000 ","$27,000 ",30%,In-store
,West Gear,1185732,4/3/21,Midwest,Wisconsin,Milwaukee,Men's Athletic Footwear,$20.00 ,150,"$30,000 ","$10,500 ",35%,In-store
,West Gear,1185732,4/3/21,Midwest,Wisconsin,Milwaukee,Women's Street Footwear,$10.00 ,150,"$15,000 ","$4,500 ",30%,In-store
,West Gear,1185732,4/3/21,Midwest,Wisconsin,Milwaukee,Women's Athletic Footwear,$15.00 ,75,"$11,250 ","$3,375 ",30%,In-store
,West Gear,1185732,4/3/21,Midwest,Wisconsin,Milwaukee,Men's Apparel,$60.00 ,100,"$60,000 ","$30,000 ",50%,In-store
,West Gear,1185732,4/3/21,Midwest,Wisconsin,Milwaukee,Women's Apparel,$50.00 ,225,"$112,500 ","$45,000 ",40%,In-store
,West Gear,1185732,5/4/21,Midwest,Wisconsin,Milwaukee,Men's Street Footwear,$60.00 ,495,"$297,000 ","$89,100 ",30%,In-store
,West Gear,1185732,5/4/21,Midwest,Wisconsin,Milwaukee,Men's Athletic Footwear,$40.00 ,200,"$80,000 ","$28,000 ",35%,In-store
,West Gear,1185732,5/4/21,Midwest,Wisconsin,Milwaukee,Women's Street Footwear,$35.00 ,175,"$61,250 ","$18,375 ",30%,In-store
,West Gear,1185732,5/4/21,Midwest,Wisconsin,Milwaukee,Women's Athletic Footwear,$35.00 ,150,"$52,500 ","$15,750 ",30%,In-store
,West Gear,1185732,5/4/21,Midwest,Wisconsin,Milwaukee,Men's Apparel,$45.00 ,175,"$78,750 ","$39,375 ",50%,In-store
,West Gear,1185732,5/4/21,Midwest,Wisconsin,Milwaukee,Women's Apparel,$50.00 ,300,"$150,000 ","$60,000 ",40%,In-store
,West Gear,1185732,6/3/21,Midwest,Wisconsin,Milwaukee,Men's Street Footwear,$35.00 ,550,"$192,500 ","$57,750 ",30%,In-store
,West Gear,1185732,6/3/21,Midwest,Wisconsin,Milwaukee,Men's Athletic Footwear,$30.00 ,300,"$90,000 ","$31,500 ",35%,In-store
,West Gear,1185732,6/3/21,Midwest,Wisconsin,Milwaukee,Women's Street Footwear,$25.00 ,200,"$50,000 ","$15,000 ",30%,In-store
,West Gear,1185732,6/3/21,Midwest,Wisconsin,Milwaukee,Women's Athletic Footwear,$25.00 ,175,"$43,750 ","$13,125 ",30%,In-store
,West Gear,1185732,6/3/21,Midwest,Wisconsin,Milwaukee,Men's Apparel,$35.00 ,175,"$61,250 ","$30,625 ",50%,In-store
,West Gear,1185732,6/3/21,Midwest,Wisconsin,Milwaukee,Women's Apparel,$55.00 ,325,"$178,750 ","$71,500 ",40%,In-store
,West Gear,1185732,7/2/21,Midwest,Wisconsin,Milwaukee,Men's Street Footwear,$50.00 ,550,"$275,000 ","$82,500 ",30%,In-store
,West Gear,1185732,7/2/21,Midwest,Wisconsin,Milwaukee,Men's Athletic Footwear,$45.00 ,300,"$135,000 ","$47,250 ",35%,In-store
,West Gear,1185732,7/2/21,Midwest,Wisconsin,Milwaukee,Women's Street Footwear,$40.00 ,225,"$90,000 ","$27,000 ",30%,In-store
,West Gear,1185732,7/2/21,Midwest,Wisconsin,Milwaukee,Women's Athletic Footwear,$40.00 ,175,"$70,000 ","$21,000 ",30%,In-store
,West Gear,1185732,7/2/21,Midwest,Wisconsin,Milwaukee,Men's Apparel,$50.00 ,200,"$100,000 ","$50,000 ",50%,In-store
,West Gear,1185732,7/2/21,Midwest,Wisconsin,Milwaukee,Women's Apparel,$55.00 ,375,"$206,250 ","$82,500 ",40%,In-store
,West Gear,1185732,8/3/21,Midwest,Wisconsin,Milwaukee,Men's Street Footwear,$50.00 ,525,"$262,500 ","$78,750 ",30%,In-store
,West Gear,1185732,8/3/21,Midwest,Wisconsin,Milwaukee,Men's Athletic Footwear,$45.00 ,300,"$135,000 ","$47,250 ",35%,In-store
,West Gear,1185732,8/3/21,Midwest,Wisconsin,Milwaukee,Women's Street Footwear,$40.00 ,225,"$90,000 ","$27,000 ",30%,In-store
,West Gear,1185732,8/3/21,Midwest,Wisconsin,Milwaukee,Women's Athletic Footwear,$40.00 ,200,"$80,000 ","$24,000 ",30%,In-store
,West Gear,1185732,8/3/21,Midwest,Wisconsin,Milwaukee,Men's Apparel,$50.00 ,175,"$87,500 ","$43,750 ",50%,In-store
,West Gear,1185732,8/3/21,Midwest,Wisconsin,Milwaukee,Women's Apparel,$55.00 ,350,"$192,500 ","$77,000 ",40%,In-store
,West Gear,1185732,9/4/21,Midwest,Wisconsin,Milwaukee,Men's Street Footwear,$35.00 ,475,"$166,250 ","$49,875 ",30%,In-store
,West Gear,1185732,9/4/21,Midwest,Wisconsin,Milwaukee,Men's Athletic Footwear,$30.00 ,250,"$75,000 ","$26,250 ",35%,In-store
,West Gear,1185732,9/4/21,Midwest,Wisconsin,Milwaukee,Women's Street Footwear,$25.00 ,150,"$37,500 ","$11,250 ",30%,In-store
,West Gear,1185732,9/4/21,Midwest,Wisconsin,Milwaukee,Women's Athletic Footwear,$25.00 ,125,"$31,250 ","$9,375 ",30%,In-store
,West Gear,1185732,9/4/21,Midwest,Wisconsin,Milwaukee,Men's Apparel,$35.00 ,125,"$43,750 ","$21,875 ",50%,In-store
,West Gear,1185732,9/4/21,Midwest,Wisconsin,Milwaukee,Women's Apparel,$40.00 ,200,"$80,000 ","$32,000 ",40%,In-store
,West Gear,1185732,10/3/21,Midwest,Wisconsin,Milwaukee,Men's Street Footwear,$45.00 ,375,"$168,750 ","$50,625 ",30%,In-store
,West Gear,1185732,10/3/21,Midwest,Wisconsin,Milwaukee,Men's Athletic Footwear,$35.00 ,225,"$78,750 ","$27,563 ",35%,In-store
,West Gear,1185732,10/3/21,Midwest,Wisconsin,Milwaukee,Women's Street Footwear,$35.00 ,125,"$43,750 ","$13,125 ",30%,In-store
,West Gear,1185732,10/3/21,Midwest,Wisconsin,Milwaukee,Women's Athletic Footwear,$35.00 ,125,"$43,750 ","$13,125 ",30%,In-store
,West Gear,1185732,10/3/21,Midwest,Wisconsin,Milwaukee,Men's Apparel,$45.00 ,125,"$56,250 ","$28,125 ",50%,In-store
,West Gear,1185732,10/3/21,Midwest,Wisconsin,Milwaukee,Women's Apparel,$50.00 ,250,"$125,000 ","$50,000 ",40%,In-store
,West Gear,1185732,11/3/21,Midwest,Wisconsin,Milwaukee,Men's Street Footwear,$45.00 ,400,"$180,000 ","$54,000 ",30%,In-store
,West Gear,1185732,11/3/21,Midwest,Wisconsin,Milwaukee,Men's Athletic Footwear,$35.00 ,300,"$105,000 ","$36,750 ",35%,In-store
,West Gear,1185732,11/3/21,Midwest,Wisconsin,Milwaukee,Women's Street Footwear,$35.00 ,245,"$85,750 ","$25,725 ",30%,In-store
,West Gear,1185732,11/3/21,Midwest,Wisconsin,Milwaukee,Women's Athletic Footwear,$35.00 ,225,"$78,750 ","$23,625 ",30%,In-store
,West Gear,1185732,11/3/21,Midwest,Wisconsin,Milwaukee,Men's Apparel,$60.00 ,200,"$120,000 ","$60,000 ",50%,In-store
,West Gear,1185732,11/3/21,Midwest,Wisconsin,Milwaukee,Women's Apparel,$65.00 ,300,"$195,000 ","$78,000 ",40%,In-store
,West Gear,1185732,12/2/21,Midwest,Wisconsin,Milwaukee,Men's Street Footwear,$60.00 ,550,"$330,000 ","$99,000 ",30%,In-store
,West Gear,1185732,12/2/21,Midwest,Wisconsin,Milwaukee,Men's Athletic Footwear,$50.00 ,350,"$175,000 ","$61,250 ",35%,In-store
,West Gear,1185732,12/2/21,Midwest,Wisconsin,Milwaukee,Women's Street Footwear,$50.00 ,300,"$150,000 ","$45,000 ",30%,In-store
,West Gear,1185732,12/2/21,Midwest,Wisconsin,Milwaukee,Women's Athletic Footwear,$50.00 ,250,"$125,000 ","$37,500 ",30%,In-store
,West Gear,1185732,12/2/21,Midwest,Wisconsin,Milwaukee,Men's Apparel,$60.00 ,250,"$150,000 ","$75,000 ",50%,In-store
,West Gear,1185732,12/2/21,Midwest,Wisconsin,Milwaukee,Women's Apparel,$65.00 ,350,"$227,500 ","$91,000 ",40%,In-store
,West Gear,1185732,1/10/21,Midwest,Wisconsin,Milwaukee,Men's Street Footwear,$35.00 ,500,"$175,000 ","$70,000 ",40%,In-store
,West Gear,1185732,1/10/21,Midwest,Wisconsin,Milwaukee,Men's Athletic Footwear,$35.00 ,300,"$105,000 ","$42,000 ",40%,In-store
,West Gear,1185732,1/10/21,Midwest,Wisconsin,Milwaukee,Women's Street Footwear,$25.00 ,300,"$75,000 ","$26,250 ",35%,In-store
,West Gear,1185732,1/10/21,Midwest,Wisconsin,Milwaukee,Women's Athletic Footwear,$30.00 ,150,"$45,000 ","$15,750 ",35%,In-store
,West Gear,1185732,1/10/21,Midwest,Wisconsin,Milwaukee,Men's Apparel,$45.00 ,200,"$90,000 ","$27,000 ",30%,In-store
,West Gear,1185732,1/10/21,Midwest,Wisconsin,Milwaukee,Women's Apparel,$35.00 ,300,"$105,000 ","$42,000 ",40%,In-store
,West Gear,1185732,2/10/21,Midwest,Wisconsin,Milwaukee,Men's Street Footwear,$35.00 ,550,"$192,500 ","$77,000 ",40%,In-store
,West Gear,1185732,2/10/21,Midwest,Wisconsin,Milwaukee,Men's Athletic Footwear,$35.00 ,200,"$70,000 ","$28,000 ",40%,In-store
,West Gear,1185732,2/10/21,Midwest,Wisconsin,Milwaukee,Women's Street Footwear,$25.00 ,250,"$62,500 ","$21,875 ",35%,In-store
,West Gear,1185732,2/10/21,Midwest,Indiana,Indianapolis,Women's Athletic Footwear,$30.00 ,125,"$37,500 ","$13,125 ",35%,In-store
,West Gear,1185732,2/10/21,Midwest,Indiana,Indianapolis,Men's Apparel,$45.00 ,200,"$90,000 ","$27,000 ",30%,In-store
,West Gear,1185732,2/10/21,Midwest,Indiana,Indianapolis,Women's Apparel,$20.00 ,300,"$60,000 ","$24,000 ",40%,In-store
,West Gear,1185732,3/9/21,Midwest,Indiana,Indianapolis,Men's Street Footwear,$25.00 ,520,"$130,000 ","$52,000 ",40%,In-store
,West Gear,1185732,3/9/21,Midwest,Indiana,Indianapolis,Men's Athletic Footwear,$25.00 ,225,"$56,250 ","$22,500 ",40%,In-store
,West Gear,1185732,3/9/21,Midwest,Indiana,Indianapolis,Women's Street Footwear,$15.00 ,275,"$41,250 ","$14,438 ",35%,In-store
,West Gear,1185732,3/9/21,Midwest,Indiana,Indianapolis,Women's Athletic Footwear,$20.00 ,125,"$25,000 ","$8,750 ",35%,In-store
,West Gear,1185732,3/9/21,Midwest,Indiana,Indianapolis,Men's Apparel,$35.00 ,175,"$61,250 ","$18,375 ",30%,In-store
,West Gear,1185732,3/9/21,Midwest,Indiana,Indianapolis,Women's Apparel,$25.00 ,275,"$68,750 ","$27,500 ",40%,In-store
,West Gear,1185732,4/10/21,Midwest,Indiana,Indianapolis,Men's Street Footwear,$25.00 ,500,"$125,000 ","$50,000 ",40%,In-store
,West Gear,1185732,4/10/21,Midwest,Indiana,Indianapolis,Men's Athletic Footwear,$25.00 ,200,"$50,000 ","$20,000 ",40%,In-store
,West Gear,1185732,4/10/21,Midwest,Indiana,Indianapolis,Women's Street Footwear,$15.00 ,200,"$30,000 ","$10,500 ",35%,In-store
,West Gear,1185732,4/10/21,Midwest,Indiana,Indianapolis,Women's Athletic Footwear,$20.00 ,125,"$25,000 ","$8,750 ",35%,In-store
,West Gear,1185732,4/10/21,Midwest,Indiana,Indianapolis,Men's Apparel,$65.00 ,150,"$97,500 ","$29,250 ",30%,In-store
,West Gear,1185732,4/10/21,Midwest,Indiana,Indianapolis,Women's Apparel,$50.00 ,275,"$137,500 ","$55,000 ",40%,In-store
,West Gear,1185732,5/11/21,Midwest,Indiana,Indianapolis,Men's Street Footwear,$60.00 ,545,"$327,000 ","$130,800 ",40%,In-store
,West Gear,1185732,5/11/21,Midwest,Indiana,Indianapolis,Men's Athletic Footwear,$40.00 ,250,"$100,000 ","$40,000 ",40%,In-store
,West Gear,1185732,5/11/21,Midwest,Indiana,Indianapolis,Women's Street Footwear,$35.00 ,225,"$78,750 ","$27,563 ",35%,In-store
,West Gear,1185732,5/11/21,Midwest,Indiana,Indianapolis,Women's Athletic Footwear,$35.00 ,175,"$61,250 ","$21,438 ",35%,In-store
,West Gear,1185732,5/11/21,Midwest,Indiana,Indianapolis,Men's Apparel,$45.00 ,200,"$90,000 ","$27,000 ",30%,In-store
,West Gear,1185732,5/11/21,Midwest,Indiana,Indianapolis,Women's Apparel,$55.00 ,325,"$178,750 ","$71,500 ",40%,In-store
,West Gear,1185732,6/10/21,Midwest,Indiana,Indianapolis,Men's Street Footwear,$40.00 ,575,"$230,000 ","$92,000 ",40%,In-store
,West Gear,1185732,6/10/21,Midwest,Indiana,Indianapolis,Men's Athletic Footwear,$35.00 ,325,"$113,750 ","$45,500 ",40%,In-store
,West Gear,1185732,6/10/21,Midwest,Indiana,Indianapolis,Women's Street Footwear,$30.00 ,200,"$60,000 ","$21,000 ",35%,In-store
,West Gear,1185732,6/10/21,Midwest,Indiana,Indianapolis,Women's Athletic Footwear,$30.00 ,175,"$52,500 ","$18,375 ",35%,In-store
,West Gear,1185732,6/10/21,Midwest,Indiana,Indianapolis,Men's Apparel,$40.00 ,175,"$70,000 ","$21,000 ",30%,In-store
,West Gear,1185732,6/10/21,Midwest,Indiana,Indianapolis,Women's Apparel,$60.00 ,325,"$195,000 ","$78,000 ",40%,In-store
,West Gear,1185732,7/9/21,Midwest,Indiana,Indianapolis,Men's Street Footwear,$55.00 ,550,"$302,500 ","$121,000 ",40%,In-store
,West Gear,1185732,7/9/21,Midwest,Indiana,Indianapolis,Men's Athletic Footwear,$50.00 ,300,"$150,000 ","$60,000 ",40%,In-store
,West Gear,1185732,7/9/21,Midwest,Indiana,Indianapolis,Women's Street Footwear,$45.00 ,225,"$101,250 ","$35,438 ",35%,In-store
,West Gear,1185732,7/9/21,Midwest,Indiana,Indianapolis,Women's Athletic Footwear,$45.00 ,175,"$78,750 ","$27,563 ",35%,In-store
,West Gear,1185732,7/9/21,Midwest,Indiana,Indianapolis,Men's Apparel,$55.00 ,200,"$110,000 ","$33,000 ",30%,In-store
,West Gear,1185732,7/9/21,Midwest,Indiana,Indianapolis,Women's Apparel,$60.00 ,375,"$225,000 ","$90,000 ",40%,In-store
,West Gear,1185732,8/10/21,Midwest,Indiana,Indianapolis,Men's Street Footwear,$50.00 ,525,"$262,500 ","$105,000 ",40%,In-store
,West Gear,1185732,8/10/21,Midwest,Indiana,Indianapolis,Men's Athletic Footwear,$45.00 ,300,"$135,000 ","$54,000 ",40%,In-store
,West Gear,1185732,8/10/21,Midwest,Indiana,Indianapolis,Women's Street Footwear,$40.00 ,225,"$90,000 ","$31,500 ",35%,In-store
,West Gear,1185732,8/10/21,Midwest,Indiana,Indianapolis,Women's Athletic Footwear,$40.00 ,200,"$80,000 ","$28,000 ",35%,In-store
,West Gear,1185732,8/10/21,Midwest,Indiana,Indianapolis,Men's Apparel,$50.00 ,175,"$87,500 ","$26,250 ",30%,In-store
,West Gear,1185732,8/10/21,Midwest,Indiana,Indianapolis,Women's Apparel,$55.00 ,350,"$192,500 ","$77,000 ",40%,In-store
,West Gear,1185732,9/11/21,Midwest,Indiana,Indianapolis,Men's Street Footwear,$35.00 ,475,"$166,250 ","$66,500 ",40%,In-store
,West Gear,1185732,9/11/21,Midwest,Indiana,Indianapolis,Men's Athletic Footwear,$30.00 ,275,"$82,500 ","$33,000 ",40%,In-store
,West Gear,1185732,9/11/21,Midwest,Indiana,Indianapolis,Women's Street Footwear,$25.00 ,175,"$43,750 ","$15,313 ",35%,In-store
,West Gear,1185732,9/11/21,Midwest,Indiana,Indianapolis,Women's Athletic Footwear,$25.00 ,150,"$37,500 ","$13,125 ",35%,In-store
,West Gear,1185732,9/11/21,Midwest,Indiana,Indianapolis,Men's Apparel,$35.00 ,150,"$52,500 ","$15,750 ",30%,In-store
,West Gear,1185732,9/11/21,Midwest,Indiana,Indianapolis,Women's Apparel,$40.00 ,225,"$90,000 ","$36,000 ",40%,In-store
,West Gear,1185732,10/10/21,Midwest,Indiana,Indianapolis,Men's Street Footwear,$45.00 ,400,"$180,000 ","$72,000 ",40%,In-store
,West Gear,1185732,10/10/21,Midwest,Indiana,Indianapolis,Men's Athletic Footwear,$35.00 ,250,"$87,500 ","$35,000 ",40%,In-store
,West Gear,1185732,10/10/21,Midwest,Indiana,Indianapolis,Women's Street Footwear,$35.00 ,150,"$52,500 ","$18,375 ",35%,In-store
,West Gear,1185732,10/10/21,Midwest,Indiana,Indianapolis,Women's Athletic Footwear,$35.00 ,150,"$52,500 ","$18,375 ",35%,In-store
,West Gear,1185732,10/10/21,Midwest,Indiana,Indianapolis,Men's Apparel,$45.00 ,150,"$67,500 ","$20,250 ",30%,In-store
,West Gear,1185732,10/10/21,Midwest,Indiana,Indianapolis,Women's Apparel,$50.00 ,275,"$137,500 ","$55,000 ",40%,In-store
,West Gear,1185732,11/10/21,Midwest,Indiana,Indianapolis,Men's Street Footwear,$45.00 ,425,"$191,250 ","$76,500 ",40%,In-store
,West Gear,1185732,11/10/21,Midwest,Indiana,Indianapolis,Men's Athletic Footwear,$35.00 ,325,"$113,750 ","$45,500 ",40%,In-store
,West Gear,1185732,11/10/21,Midwest,Indiana,Indianapolis,Women's Street Footwear,$35.00 ,270,"$94,500 ","$33,075 ",35%,In-store
,West Gear,1185732,11/10/21,Midwest,Indiana,Indianapolis,Women's Athletic Footwear,$35.00 ,275,"$96,250 ","$33,688 ",35%,In-store
,West Gear,1185732,11/10/21,Midwest,Indiana,Indianapolis,Men's Apparel,$60.00 ,250,"$150,000 ","$45,000 ",30%,In-store
,West Gear,1185732,11/10/21,Midwest,Indiana,Indianapolis,Women's Apparel,$65.00 ,350,"$227,500 ","$91,000 ",40%,In-store
,West Gear,1185732,12/9/21,Midwest,Indiana,Indianapolis,Men's Street Footwear,$60.00 ,600,"$360,000 ","$144,000 ",40%,In-store
,West Gear,1185732,12/9/21,Midwest,Indiana,Indianapolis,Men's Athletic Footwear,$50.00 ,400,"$200,000 ","$80,000 ",40%,In-store
,West Gear,1185732,12/9/21,Midwest,Indiana,Indianapolis,Women's Street Footwear,$50.00 ,350,"$175,000 ","$61,250 ",35%,In-store
,West Gear,1185732,12/9/21,Midwest,Indiana,Indianapolis,Women's Athletic Footwear,$50.00 ,300,"$150,000 ","$52,500 ",35%,In-store
,West Gear,1185732,12/9/21,Midwest,Indiana,Indianapolis,Men's Apparel,$60.00 ,300,"$180,000 ","$54,000 ",30%,In-store
,West Gear,1185732,12/9/21,Midwest,Indiana,Indianapolis,Women's Apparel,$65.00 ,400,"$260,000 ","$104,000 ",40%,In-store
,West Gear,1185732,1/17/21,Midwest,Indiana,Indianapolis,Men's Street Footwear,$35.00 ,500,"$175,000 ","$70,000 ",40%,In-store
,West Gear,1185732,1/17/21,Midwest,Indiana,Indianapolis,Men's Athletic Footwear,$35.00 ,300,"$105,000 ","$42,000 ",40%,In-store
,West Gear,1185732,1/17/21,Midwest,Indiana,Indianapolis,Women's Street Footwear,$25.00 ,300,"$75,000 ","$30,000 ",40%,In-store
,West Gear,1185732,1/17/21,Midwest,Indiana,Indianapolis,Women's Athletic Footwear,$30.00 ,150,"$45,000 ","$18,000 ",40%,In-store
,West Gear,1185732,1/17/21,Midwest,Indiana,Indianapolis,Men's Apparel,$45.00 ,200,"$90,000 ","$36,000 ",40%,In-store
,West Gear,1185732,1/17/21,Midwest,Indiana,Indianapolis,Women's Apparel,$35.00 ,300,"$105,000 ","$42,000 ",40%,In-store
,West Gear,1185732,2/17/21,Midwest,Indiana,Indianapolis,Men's Street Footwear,$35.00 ,550,"$192,500 ","$77,000 ",40%,In-store
,West Gear,1185732,2/17/21,Midwest,Indiana,Indianapolis,Men's Athletic Footwear,$40.00 ,200,"$80,000 ","$32,000 ",40%,In-store
,West Gear,1185732,2/17/21,Midwest,Indiana,Indianapolis,Women's Street Footwear,$30.00 ,300,"$90,000 ","$36,000 ",40%,In-store
,West Gear,1185732,2/17/21,Northeast,West Virginia,Charleston,Women's Athletic Footwear,$35.00 ,175,"$61,250 ","$24,500 ",40%,In-store
,West Gear,1185732,2/17/21,Northeast,West Virginia,Charleston,Men's Apparel,$50.00 ,250,"$125,000 ","$50,000 ",40%,In-store
,West Gear,1185732,2/17/21,Northeast,West Virginia,Charleston,Women's Apparel,$25.00 ,350,"$87,500 ","$35,000 ",40%,In-store
,West Gear,1185732,3/16/21,Northeast,West Virginia,Charleston,Men's Street Footwear,$30.00 ,570,"$171,000 ","$68,400 ",40%,In-store
,West Gear,1185732,3/16/21,Northeast,West Virginia,Charleston,Men's Athletic Footwear,$30.00 ,275,"$82,500 ","$33,000 ",40%,In-store
,West Gear,1185732,3/16/21,Northeast,West Virginia,Charleston,Women's Street Footwear,$20.00 ,325,"$65,000 ","$26,000 ",40%,In-store
,West Gear,1185732,3/16/21,Northeast,West Virginia,Charleston,Women's Athletic Footwear,$25.00 ,175,"$43,750 ","$17,500 ",40%,In-store
,West Gear,1185732,3/16/21,Northeast,West Virginia,Charleston,Men's Apparel,$40.00 ,225,"$90,000 ","$36,000 ",40%,In-store
,West Gear,1185732,3/16/21,Northeast,West Virginia,Charleston,Women's Apparel,$30.00 ,325,"$97,500 ","$39,000 ",40%,In-store
,West Gear,1185732,4/17/21,Northeast,West Virginia,Charleston,Men's Street Footwear,$30.00 ,550,"$165,000 ","$66,000 ",40%,In-store
,West Gear,1185732,4/17/21,Northeast,West Virginia,Charleston,Men's Athletic Footwear,$30.00 ,250,"$75,000 ","$30,000 ",40%,In-store
,West Gear,1185732,4/17/21,Northeast,West Virginia,Charleston,Women's Street Footwear,$20.00 ,250,"$50,000 ","$20,000 ",40%,In-store
,West Gear,1185732,4/17/21,Northeast,West Virginia,Charleston,Women's Athletic Footwear,$25.00 ,175,"$43,750 ","$17,500 ",40%,In-store
,West Gear,1185732,4/17/21,Northeast,West Virginia,Charleston,Men's Apparel,$65.00 ,200,"$130,000 ","$52,000 ",40%,In-store
,West Gear,1185732,4/17/21,Northeast,West Virginia,Charleston,Women's Apparel,$50.00 ,325,"$162,500 ","$65,000 ",40%,In-store
,West Gear,1185732,5/18/21,Northeast,West Virginia,Charleston,Men's Street Footwear,$60.00 ,595,"$357,000 ","$142,800 ",40%,In-store
,West Gear,1185732,5/18/21,Northeast,West Virginia,Charleston,Men's Athletic Footwear,$40.00 ,300,"$120,000 ","$48,000 ",40%,In-store
,West Gear,1185732,5/18/21,Northeast,West Virginia,Charleston,Women's Street Footwear,$35.00 ,275,"$96,250 ","$38,500 ",40%,In-store
,West Gear,1185732,5/18/21,Northeast,West Virginia,Charleston,Women's Athletic Footwear,$35.00 ,200,"$70,000 ","$28,000 ",40%,In-store
,West Gear,1185732,5/18/21,Northeast,West Virginia,Charleston,Men's Apparel,$45.00 ,225,"$101,250 ","$40,500 ",40%,In-store
,West Gear,1185732,5/18/21,Northeast,West Virginia,Charleston,Women's Apparel,$55.00 ,350,"$192,500 ","$77,000 ",40%,In-store
,West Gear,1185732,6/17/21,Northeast,West Virginia,Charleston,Men's Street Footwear,$45.00 ,600,"$270,000 ","$108,000 ",40%,In-store
,West Gear,1185732,6/17/21,Northeast,West Virginia,Charleston,Men's Athletic Footwear,$40.00 ,425,"$170,000 ","$68,000 ",40%,In-store
,West Gear,1185732,6/17/21,Northeast,West Virginia,Charleston,Women's Street Footwear,$35.00 ,300,"$105,000 ","$42,000 ",40%,In-store
,West Gear,1185732,6/17/21,Northeast,West Virginia,Charleston,Women's Athletic Footwear,$35.00 ,275,"$96,250 ","$38,500 ",40%,In-store
,West Gear,1185732,6/17/21,Northeast,West Virginia,Charleston,Men's Apparel,$45.00 ,275,"$123,750 ","$49,500 ",40%,In-store
,West Gear,1185732,6/17/21,Northeast,West Virginia,Charleston,Women's Apparel,$65.00 ,425,"$276,250 ","$110,500 ",40%,In-store
,West Gear,1185732,7/16/21,Northeast,West Virginia,Charleston,Men's Street Footwear,$60.00 ,650,"$390,000 ","$156,000 ",40%,In-store
,West Gear,1185732,7/16/21,Northeast,West Virginia,Charleston,Men's Athletic Footwear,$55.00 ,400,"$220,000 ","$88,000 ",40%,In-store
,West Gear,1185732,7/16/21,Northeast,West Virginia,Charleston,Women's Street Footwear,$50.00 ,325,"$162,500 ","$65,000 ",40%,In-store
,West Gear,1185732,7/16/21,Northeast,West Virginia,Charleston,Women's Athletic Footwear,$50.00 ,275,"$137,500 ","$55,000 ",40%,In-store
,West Gear,1185732,7/16/21,Northeast,West Virginia,Charleston,Men's Apparel,$60.00 ,300,"$180,000 ","$72,000 ",40%,In-store
,West Gear,1185732,7/16/21,Northeast,West Virginia,Charleston,Women's Apparel,$65.00 ,475,"$308,750 ","$123,500 ",40%,In-store
,West Gear,1185732,8/17/21,Northeast,West Virginia,Charleston,Men's Street Footwear,$50.00 ,525,"$262,500 ","$105,000 ",40%,In-store
,West Gear,1185732,8/17/21,Northeast,West Virginia,Charleston,Men's Athletic Footwear,$45.00 ,300,"$135,000 ","$54,000 ",40%,In-store
,West Gear,1185732,8/17/21,Northeast,West Virginia,Charleston,Women's Street Footwear,$40.00 ,300,"$120,000 ","$48,000 ",40%,In-store
,West Gear,1185732,8/17/21,Northeast,West Virginia,Charleston,Women's Athletic Footwear,$40.00 ,275,"$110,000 ","$44,000 ",40%,In-store
,West Gear,1185732,8/17/21,Northeast,West Virginia,Charleston,Men's Apparel,$50.00 ,250,"$125,000 ","$50,000 ",40%,In-store
,West Gear,1185732,8/17/21,Northeast,West Virginia,Charleston,Women's Apparel,$55.00 ,425,"$233,750 ","$93,500 ",40%,In-store
,West Gear,1185732,9/18/21,Northeast,West Virginia,Charleston,Men's Street Footwear,$35.00 ,550,"$192,500 ","$77,000 ",40%,In-store
,West Gear,1185732,9/18/21,Northeast,West Virginia,Charleston,Men's Athletic Footwear,$30.00 ,350,"$105,000 ","$42,000 ",40%,In-store
,West Gear,1185732,9/18/21,Northeast,West Virginia,Charleston,Women's Street Footwear,$25.00 ,250,"$62,500 ","$25,000 ",40%,In-store
,West Gear,1185732,9/18/21,Northeast,West Virginia,Charleston,Women's Athletic Footwear,$25.00 ,225,"$56,250 ","$22,500 ",40%,In-store
,West Gear,1185732,9/18/21,Northeast,West Virginia,Charleston,Men's Apparel,$35.00 ,225,"$78,750 ","$31,500 ",40%,In-store
,West Gear,1185732,9/18/21,Northeast,West Virginia,Charleston,Women's Apparel,$40.00 ,300,"$120,000 ","$48,000 ",40%,In-store
,West Gear,1185732,10/17/21,Northeast,West Virginia,Charleston,Men's Street Footwear,$45.00 ,425,"$191,250 ","$76,500 ",40%,In-store
,West Gear,1185732,10/17/21,Northeast,West Virginia,Charleston,Men's Athletic Footwear,$35.00 ,275,"$96,250 ","$38,500 ",40%,In-store
,West Gear,1185732,10/17/21,Northeast,West Virginia,Charleston,Women's Street Footwear,$35.00 ,175,"$61,250 ","$24,500 ",40%,In-store
,West Gear,1185732,10/17/21,Northeast,West Virginia,Charleston,Women's Athletic Footwear,$35.00 ,175,"$61,250 ","$24,500 ",40%,In-store
,West Gear,1185732,10/17/21,Northeast,West Virginia,Charleston,Men's Apparel,$45.00 ,175,"$78,750 ","$31,500 ",40%,In-store
,Foot Locker,1185732,10/17/21,Northeast,West Virginia,Charleston,Women's Apparel,$50.00 ,300,"$150,000 ","$60,000 ",40%,In-store
,Foot Locker,1185732,11/17/21,Northeast,West Virginia,Charleston,Men's Street Footwear,$45.00 ,450,"$202,500 ","$81,000 ",40%,In-store
,Foot Locker,1185732,11/17/21,Northeast,West Virginia,Charleston,Men's Athletic Footwear,$35.00 ,350,"$122,500 ","$49,000 ",40%,In-store
,Foot Locker,1185732,11/17/21,Northeast,West Virginia,Charleston,Women's Street Footwear,$35.00 ,295,"$103,250 ","$41,300 ",40%,In-store
,Foot Locker,1185732,11/17/21,Northeast,West Virginia,Charleston,Women's Athletic Footwear,$40.00 ,325,"$130,000 ","$52,000 ",40%,In-store
,Foot Locker,1185732,11/17/21,Northeast,West Virginia,Charleston,Men's Apparel,$65.00 ,300,"$195,000 ","$78,000 ",40%,In-store
,Foot Locker,1185732,11/17/21,Northeast,West Virginia,Charleston,Women's Apparel,$70.00 ,400,"$280,000 ","$112,000 ",40%,In-store
,Foot Locker,1185732,12/16/21,Northeast,West Virginia,Charleston,Men's Street Footwear,$65.00 ,650,"$422,500 ","$169,000 ",40%,In-store
,Foot Locker,1185732,12/16/21,Northeast,West Virginia,Charleston,Men's Athletic Footwear,$55.00 ,450,"$247,500 ","$99,000 ",40%,In-store
,West Gear,1185732,12/16/21,Northeast,West Virginia,Charleston,Women's Street Footwear,$55.00 ,400,"$220,000 ","$88,000 ",40%,In-store
,Foot Locker,1185732,12/16/21,Northeast,West Virginia,Charleston,Women's Athletic Footwear,$55.00 ,350,"$192,500 ","$77,000 ",40%,In-store
,Foot Locker,1185732,12/16/21,Northeast,West Virginia,Charleston,Men's Apparel,$65.00 ,350,"$227,500 ","$91,000 ",40%,In-store
,Foot Locker,1185732,12/16/21,Northeast,West Virginia,Charleston,Women's Apparel,$70.00 ,450,"$315,000 ","$126,000 ",40%,In-store
,Foot Locker,1185732,1/24/21,Northeast,West Virginia,Charleston,Men's Street Footwear,$35.00 ,425,"$148,750 ","$59,500 ",40%,In-store
,Foot Locker,1185732,1/24/21,Northeast,West Virginia,Charleston,Men's Athletic Footwear,$35.00 ,225,"$78,750 ","$27,563 ",35%,In-store
,Foot Locker,1185732,1/24/21,Northeast,West Virginia,Charleston,Women's Street Footwear,$25.00 ,225,"$56,250 ","$19,688 ",35%,In-store
,Foot Locker,1185732,1/24/21,Northeast,West Virginia,Charleston,Women's Athletic Footwear,$30.00 ,75,"$22,500 ","$7,875 ",35%,In-store
,Foot Locker,1185732,1/24/21,Northeast,West Virginia,Charleston,Men's Apparel,$45.00 ,125,"$56,250 ","$16,875 ",30%,In-store
,Foot Locker,1185732,1/24/21,Northeast,West Virginia,Charleston,Women's Apparel,$35.00 ,225,"$78,750 ","$23,625 ",30%,In-store
,Foot Locker,1185732,2/22/21,Northeast,West Virginia,Charleston,Men's Street Footwear,$35.00 ,475,"$166,250 ","$66,500 ",40%,In-store
,West Gear,1185732,2/22/21,Northeast,West Virginia,Charleston,Men's Athletic Footwear,$35.00 ,125,"$43,750 ","$15,313 ",35%,In-store
,West Gear,1185732,2/22/21,Northeast,West Virginia,Charleston,Women's Street Footwear,$25.00 ,175,"$43,750 ","$15,313 ",35%,In-store
,West Gear,1185732,2/22/21,Northeast,Maryland,Baltimore,Women's Athletic Footwear,$30.00 ,50,"$15,000 ","$5,250 ",35%,In-store
,West Gear,1185732,2/22/21,Northeast,Maryland,Baltimore,Men's Apparel,$45.00 ,125,"$56,250 ","$16,875 ",30%,In-store
,West Gear,1185732,2/22/21,Northeast,Maryland,Baltimore,Women's Apparel,$35.00 ,225,"$78,750 ","$23,625 ",30%,In-store
,West Gear,1185732,3/20/21,Northeast,Maryland,Baltimore,Men's Street Footwear,$35.00 ,445,"$155,750 ","$62,300 ",40%,In-store
,West Gear,1185732,3/20/21,Northeast,Maryland,Baltimore,Men's Athletic Footwear,$35.00 ,150,"$52,500 ","$18,375 ",35%,In-store
,West Gear,1185732,3/20/21,Northeast,Maryland,Baltimore,Women's Street Footwear,$25.00 ,175,"$43,750 ","$15,313 ",35%,In-store
,West Gear,1185732,3/20/21,Northeast,Maryland,Baltimore,Women's Athletic Footwear,$30.00 ,25,"$7,500 ","$2,625 ",35%,In-store
,West Gear,1185732,3/20/21,Northeast,Maryland,Baltimore,Men's Apparel,$45.00 ,75,"$33,750 ","$10,125 ",30%,In-store
,West Gear,1185732,3/20/21,Northeast,Maryland,Baltimore,Women's Apparel,$35.00 ,175,"$61,250 ","$18,375 ",30%,In-store
,West Gear,1185732,4/21/21,Northeast,Maryland,Baltimore,Men's Street Footwear,$35.00 ,425,"$148,750 ","$59,500 ",40%,In-store
,West Gear,1185732,4/21/21,Northeast,Maryland,Baltimore,Men's Athletic Footwear,$35.00 ,125,"$43,750 ","$15,313 ",35%,In-store
,West Gear,1185732,4/21/21,Northeast,Maryland,Baltimore,Women's Street Footwear,$25.00 ,125,"$31,250 ","$10,938 ",35%,In-store
,West Gear,1185732,4/21/21,Northeast,Maryland,Baltimore,Women's Athletic Footwear,$30.00 ,50,"$15,000 ","$5,250 ",35%,In-store
,West Gear,1185732,4/21/21,Northeast,Maryland,Baltimore,Men's Apparel,$45.00 ,50,"$22,500 ","$6,750 ",30%,In-store
,West Gear,1185732,4/21/21,Northeast,Maryland,Baltimore,Women's Apparel,$35.00 ,200,"$70,000 ","$21,000 ",30%,In-store
,West Gear,1185732,5/20/21,Northeast,Maryland,Baltimore,Men's Street Footwear,$50.00 ,470,"$235,000 ","$94,000 ",40%,In-store
,West Gear,1185732,5/20/21,Northeast,Maryland,Baltimore,Men's Athletic Footwear,$45.00 ,175,"$78,750 ","$27,563 ",35%,In-store
,West Gear,1185732,5/20/21,Northeast,Maryland,Baltimore,Women's Street Footwear,$40.00 ,150,"$60,000 ","$21,000 ",35%,In-store
,West Gear,1185732,5/20/21,Northeast,Maryland,Baltimore,Women's Athletic Footwear,$40.00 ,100,"$40,000 ","$14,000 ",35%,In-store
,West Gear,1185732,5/20/21,Northeast,Maryland,Baltimore,Men's Apparel,$50.00 ,125,"$62,500 ","$18,750 ",30%,In-store
,West Gear,1185732,5/20/21,Northeast,Maryland,Baltimore,Women's Apparel,$55.00 ,250,"$137,500 ","$41,250 ",30%,In-store
,West Gear,1185732,6/22/21,Northeast,Maryland,Baltimore,Men's Street Footwear,$50.00 ,500,"$250,000 ","$100,000 ",40%,In-store
,West Gear,1185732,6/22/21,Northeast,Maryland,Baltimore,Men's Athletic Footwear,$45.00 ,250,"$112,500 ","$39,375 ",35%,In-store
,Foot Locker,1185732,6/22/21,Northeast,Maryland,Baltimore,Women's Street Footwear,$40.00 ,175,"$70,000 ","$24,500 ",35%,In-store
,Foot Locker,1185732,6/22/21,Northeast,Maryland,Baltimore,Women's Athletic Footwear,$40.00 ,150,"$60,000 ","$21,000 ",35%,In-store
,Foot Locker,1185732,6/22/21,Northeast,Maryland,Baltimore,Men's Apparel,$50.00 ,150,"$75,000 ","$22,500 ",30%,In-store
,Foot Locker,1185732,6/22/21,Northeast,Maryland,Baltimore,Women's Apparel,$55.00 ,300,"$165,000 ","$49,500 ",30%,In-store
,Foot Locker,1185732,7/20/21,Northeast,Maryland,Baltimore,Men's Street Footwear,$50.00 ,525,"$262,500 ","$105,000 ",40%,In-store
,Sports Direct,1185732,7/20/21,Northeast,Maryland,Baltimore,Men's Athletic Footwear,$45.00 ,275,"$123,750 ","$43,313 ",35%,In-store
,Sports Direct,1185732,7/20/21,Northeast,Maryland,Baltimore,Women's Street Footwear,$40.00 ,200,"$80,000 ","$28,000 ",35%,In-store
,Sports Direct,1185732,7/20/21,Northeast,Maryland,Baltimore,Women's Athletic Footwear,$40.00 ,150,"$60,000 ","$21,000 ",35%,In-store
,Sports Direct,1185732,7/20/21,Northeast,Maryland,Baltimore,Men's Apparel,$50.00 ,175,"$87,500 ","$26,250 ",30%,In-store
,Sports Direct,1185732,7/20/21,Northeast,Maryland,Baltimore,Women's Apparel,$55.00 ,350,"$192,500 ","$57,750 ",30%,In-store
,Sports Direct,1185732,8/21/21,Northeast,Maryland,Baltimore,Men's Street Footwear,$50.00 ,500,"$250,000 ","$100,000 ",40%,In-store
,Sports Direct,1185732,8/21/21,Northeast,Maryland,Baltimore,Men's Athletic Footwear,$45.00 ,275,"$123,750 ","$43,313 ",35%,In-store
,Sports Direct,1185732,8/21/21,Northeast,Maryland,Baltimore,Women's Street Footwear,$40.00 ,200,"$80,000 ","$28,000 ",35%,In-store
,Sports Direct,1185732,8/21/21,Northeast,Maryland,Baltimore,Women's Athletic Footwear,$40.00 ,150,"$60,000 ","$21,000 ",35%,In-store
,Sports Direct,1185732,8/21/21,Northeast,Maryland,Baltimore,Men's Apparel,$50.00 ,125,"$62,500 ","$18,750 ",30%,In-store
,Sports Direct,1185732,8/21/21,Northeast,Maryland,Baltimore,Women's Apparel,$55.00 ,300,"$165,000 ","$49,500 ",30%,In-store
,Sports Direct,1185732,9/20/21,Northeast,Maryland,Baltimore,Men's Street Footwear,$50.00 ,425,"$212,500 ","$85,000 ",40%,In-store
,Sports Direct,1185732,9/20/21,Northeast,Maryland,Baltimore,Men's Athletic Footwear,$45.00 ,225,"$101,250 ","$35,438 ",35%,In-store
,Sports Direct,1185732,9/20/21,Northeast,Maryland,Baltimore,Women's Street Footwear,$40.00 ,125,"$50,000 ","$17,500 ",35%,In-store
,Sports Direct,1185732,9/20/21,Northeast,Maryland,Baltimore,Women's Athletic Footwear,$40.00 ,100,"$40,000 ","$14,000 ",35%,In-store
,Sports Direct,1185732,9/20/21,Northeast,Maryland,Baltimore,Men's Apparel,$50.00 ,100,"$50,000 ","$15,000 ",30%,In-store
,Sports Direct,1185732,9/20/21,Northeast,Maryland,Baltimore,Women's Apparel,$55.00 ,200,"$110,000 ","$33,000 ",30%,In-store
,Sports Direct,1185732,10/22/21,Northeast,Maryland,Baltimore,Men's Street Footwear,$55.00 ,375,"$206,250 ","$82,500 ",40%,In-store
,Sports Direct,1185732,10/22/21,Northeast,Maryland,Baltimore,Men's Athletic Footwear,$50.00 ,200,"$100,000 ","$35,000 ",35%,In-store
,Sports Direct,1185732,10/22/21,Northeast,Maryland,Baltimore,Women's Street Footwear,$50.00 ,100,"$50,000 ","$17,500 ",35%,In-store
,Foot Locker,1185732,10/22/21,Northeast,Maryland,Baltimore,Women's Athletic Footwear,$50.00 ,75,"$37,500 ","$13,125 ",35%,In-store
,Foot Locker,1185732,10/22/21,Northeast,Maryland,Baltimore,Men's Apparel,$60.00 ,75,"$45,000 ","$13,500 ",30%,In-store
,Foot Locker,1185732,10/22/21,Northeast,Maryland,Baltimore,Women's Apparel,$65.00 ,200,"$130,000 ","$39,000 ",30%,In-store
,Foot Locker,1185732,11/21/21,Northeast,Maryland,Baltimore,Men's Street Footwear,$60.00 ,350,"$210,000 ","$84,000 ",40%,In-store
,Foot Locker,1185732,11/21/21,Northeast,Maryland,Baltimore,Men's Athletic Footwear,$50.00 ,175,"$87,500 ","$30,625 ",35%,In-store
,Foot Locker,1185732,11/21/21,Northeast,Maryland,Baltimore,Women's Street Footwear,$50.00 ,170,"$85,000 ","$29,750 ",35%,In-store
,Foot Locker,1185732,11/21/21,Northeast,Maryland,Baltimore,Women's Athletic Footwear,$50.00 ,150,"$75,000 ","$26,250 ",35%,In-store
,Foot Locker,1185732,11/21/21,Northeast,Maryland,Baltimore,Men's Apparel,$60.00 ,125,"$75,000 ","$22,500 ",30%,In-store
,Foot Locker,1185732,11/21/21,Northeast,Maryland,Baltimore,Women's Apparel,$65.00 ,225,"$146,250 ","$43,875 ",30%,In-store
,Foot Locker,1185732,12/20/21,Northeast,Maryland,Baltimore,Men's Street Footwear,$60.00 ,450,"$270,000 ","$108,000 ",40%,In-store
,Foot Locker,1185732,12/20/21,Northeast,Maryland,Baltimore,Men's Athletic Footwear,$50.00 ,250,"$125,000 ","$43,750 ",35%,In-store
,Foot Locker,1185732,12/20/21,Northeast,Maryland,Baltimore,Women's Street Footwear,$50.00 ,225,"$112,500 ","$39,375 ",35%,In-store
,Foot Locker,1185732,12/20/21,Northeast,Maryland,Baltimore,Women's Athletic Footwear,$50.00 ,175,"$87,500 ","$30,625 ",35%,In-store
,Foot Locker,1185732,12/20/21,Northeast,Maryland,Baltimore,Men's Apparel,$60.00 ,175,"$105,000 ","$31,500 ",30%,In-store
,Foot Locker,1185732,12/20/21,Northeast,Maryland,Baltimore,Women's Apparel,$65.00 ,275,"$178,750 ","$53,625 ",30%,In-store
,Foot Locker,1185732,1/17/21,Northeast,Maryland,Baltimore,Men's Street Footwear,$40.00 ,525,"$210,000 ","$73,500 ",35%,In-store
,Foot Locker,1185732,1/17/21,Northeast,Maryland,Baltimore,Men's Athletic Footwear,$40.00 ,325,"$130,000 ","$45,500 ",35%,In-store
,Foot Locker,1185732,1/17/21,Northeast,Maryland,Baltimore,Women's Street Footwear,$30.00 ,325,"$97,500 ","$39,000 ",40%,In-store
,Foot Locker,1185732,1/17/21,Northeast,Maryland,Baltimore,Women's Athletic Footwear,$35.00 ,175,"$61,250 ","$24,500 ",40%,In-store
,Foot Locker,1185732,1/17/21,Northeast,Maryland,Baltimore,Men's Apparel,$50.00 ,225,"$112,500 ","$33,750 ",30%,In-store
,Foot Locker,1185732,1/17/21,Northeast,Maryland,Baltimore,Women's Apparel,$40.00 ,325,"$130,000 ","$52,000 ",40%,In-store
,Foot Locker,1185732,2/15/21,Northeast,Maryland,Baltimore,Men's Street Footwear,$40.00 ,575,"$230,000 ","$80,500 ",35%,In-store
,Foot Locker,1185732,2/15/21,Northeast,Maryland,Baltimore,Men's Athletic Footwear,$40.00 ,225,"$90,000 ","$31,500 ",35%,In-store
,Foot Locker,1185732,2/15/21,Northeast,Maryland,Baltimore,Women's Street Footwear,$30.00 ,275,"$82,500 ","$33,000 ",40%,In-store
,Foot Locker,1185732,2/15/21,Northeast,Delaware,Wilmington,Women's Athletic Footwear,$35.00 ,150,"$52,500 ","$21,000 ",40%,In-store
,Foot Locker,1185732,2/15/21,Northeast,Delaware,Wilmington,Men's Apparel,$50.00 ,225,"$112,500 ","$33,750 ",30%,In-store
,Foot Locker,1185732,2/15/21,Northeast,Delaware,Wilmington,Women's Apparel,$40.00 ,325,"$130,000 ","$52,000 ",40%,In-store
,Foot Locker,1185732,3/13/21,Northeast,Delaware,Wilmington,Men's Street Footwear,$40.00 ,545,"$218,000 ","$76,300 ",35%,In-store
,Foot Locker,1185732,3/13/21,Northeast,Delaware,Wilmington,Men's Athletic Footwear,$40.00 ,250,"$100,000 ","$35,000 ",35%,In-store
,Foot Locker,1185732,3/13/21,Northeast,Delaware,Wilmington,Women's Street Footwear,$30.00 ,275,"$82,500 ","$33,000 ",40%,In-store
,Foot Locker,1185732,3/13/21,Northeast,Delaware,Wilmington,Women's Athletic Footwear,$35.00 ,125,"$43,750 ","$17,500 ",40%,In-store
,Foot Locker,1185732,3/13/21,Northeast,Delaware,Wilmington,Men's Apparel,$50.00 ,175,"$87,500 ","$26,250 ",30%,In-store
,Foot Locker,1185732,3/13/21,Northeast,Delaware,Wilmington,Women's Apparel,$40.00 ,275,"$110,000 ","$44,000 ",40%,In-store
,Foot Locker,1185732,4/14/21,Northeast,Delaware,Wilmington,Men's Street Footwear,$40.00 ,525,"$210,000 ","$73,500 ",35%,In-store
,Foot Locker,1185732,4/14/21,Northeast,Delaware,Wilmington,Men's Athletic Footwear,$40.00 ,225,"$90,000 ","$31,500 ",35%,In-store
,Foot Locker,1185732,4/14/21,Northeast,Delaware,Wilmington,Women's Street Footwear,$30.00 ,225,"$67,500 ","$27,000 ",40%,In-store
,Foot Locker,1185732,4/14/21,Northeast,Delaware,Wilmington,Women's Athletic Footwear,$35.00 ,150,"$52,500 ","$21,000 ",40%,In-store
,Foot Locker,1185732,4/14/21,Northeast,Delaware,Wilmington,Men's Apparel,$50.00 ,150,"$75,000 ","$22,500 ",30%,In-store
,Foot Locker,1185732,4/14/21,Northeast,Delaware,Wilmington,Women's Apparel,$40.00 ,300,"$120,000 ","$48,000 ",40%,In-store
,Foot Locker,1185732,5/13/21,Northeast,Delaware,Wilmington,Men's Street Footwear,$55.00 ,570,"$313,500 ","$109,725 ",35%,In-store
,Foot Locker,1185732,5/13/21,Northeast,Delaware,Wilmington,Men's Athletic Footwear,$50.00 ,275,"$137,500 ","$48,125 ",35%,In-store
,Foot Locker,1185732,5/13/21,Northeast,Delaware,Wilmington,Women's Street Footwear,$45.00 ,300,"$135,000 ","$54,000 ",40%,In-store
,Foot Locker,1185732,5/13/21,Northeast,Delaware,Wilmington,Women's Athletic Footwear,$45.00 ,250,"$112,500 ","$45,000 ",40%,In-store
,Foot Locker,1185732,5/13/21,Northeast,Delaware,Wilmington,Men's Apparel,$55.00 ,275,"$151,250 ","$45,375 ",30%,In-store
,Foot Locker,1185732,5/13/21,Northeast,Delaware,Wilmington,Women's Apparel,$60.00 ,400,"$240,000 ","$96,000 ",40%,In-store
,Foot Locker,1185732,6/15/21,Northeast,Delaware,Wilmington,Men's Street Footwear,$55.00 ,650,"$357,500 ","$125,125 ",35%,In-store
,Foot Locker,1185732,6/15/21,Northeast,Delaware,Wilmington,Men's Athletic Footwear,$50.00 ,400,"$200,000 ","$70,000 ",35%,In-store
,Foot Locker,1185732,6/15/21,Northeast,Delaware,Wilmington,Women's Street Footwear,$45.00 ,325,"$146,250 ","$58,500 ",40%,In-store
,Foot Locker,1185732,6/15/21,Northeast,Delaware,Wilmington,Women's Athletic Footwear,$45.00 ,300,"$135,000 ","$54,000 ",40%,In-store
,Foot Locker,1185732,6/15/21,Northeast,Delaware,Wilmington,Men's Apparel,$55.00 ,300,"$165,000 ","$49,500 ",30%,In-store
,Foot Locker,1185732,6/15/21,Northeast,Delaware,Wilmington,Women's Apparel,$60.00 ,450,"$270,000 ","$108,000 ",40%,In-store
,Foot Locker,1185732,7/13/21,Northeast,Delaware,Wilmington,Men's Street Footwear,$55.00 ,675,"$371,250 ","$129,938 ",35%,In-store
,Foot Locker,1185732,7/13/21,Northeast,Delaware,Wilmington,Men's Athletic Footwear,$50.00 ,425,"$212,500 ","$74,375 ",35%,In-store
,Foot Locker,1185732,7/13/21,Northeast,Delaware,Wilmington,Women's Street Footwear,$45.00 ,350,"$157,500 ","$63,000 ",40%,In-store
,Foot Locker,1185732,7/13/21,Northeast,Delaware,Wilmington,Women's Athletic Footwear,$45.00 ,300,"$135,000 ","$54,000 ",40%,In-store
,Foot Locker,1185732,7/13/21,Northeast,Delaware,Wilmington,Men's Apparel,$55.00 ,325,"$178,750 ","$53,625 ",30%,In-store
,Foot Locker,1185732,7/13/21,Northeast,Delaware,Wilmington,Women's Apparel,$60.00 ,500,"$300,000 ","$120,000 ",40%,In-store
,Foot Locker,1185732,8/14/21,Northeast,Delaware,Wilmington,Men's Street Footwear,$55.00 ,650,"$357,500 ","$125,125 ",35%,In-store
,Foot Locker,1185732,8/14/21,Northeast,Delaware,Wilmington,Men's Athletic Footwear,$50.00 ,425,"$212,500 ","$74,375 ",35%,In-store
,Foot Locker,1185732,8/14/21,Northeast,Delaware,Wilmington,Women's Street Footwear,$45.00 ,350,"$157,500 ","$63,000 ",40%,In-store
,Foot Locker,1185732,8/14/21,Northeast,Delaware,Wilmington,Women's Athletic Footwear,$45.00 ,250,"$112,500 ","$45,000 ",40%,In-store
,Foot Locker,1185732,8/14/21,Northeast,Delaware,Wilmington,Men's Apparel,$55.00 ,225,"$123,750 ","$37,125 ",30%,In-store
,Foot Locker,1185732,8/14/21,Northeast,Delaware,Wilmington,Women's Apparel,$60.00 ,400,"$240,000 ","$96,000 ",40%,In-store
,Foot Locker,1185732,9/13/21,Northeast,Delaware,Wilmington,Men's Street Footwear,$55.00 ,525,"$288,750 ","$101,063 ",35%,In-store
,Foot Locker,1185732,9/13/21,Northeast,Delaware,Wilmington,Men's Athletic Footwear,$50.00 ,325,"$162,500 ","$56,875 ",35%,In-store
,Foot Locker,1185732,9/13/21,Northeast,Delaware,Wilmington,Women's Street Footwear,$45.00 ,225,"$101,250 ","$40,500 ",40%,In-store
,Foot Locker,1185732,9/13/21,Northeast,Delaware,Wilmington,Women's Athletic Footwear,$45.00 ,200,"$90,000 ","$36,000 ",40%,In-store
,Foot Locker,1185732,9/13/21,Northeast,Delaware,Wilmington,Men's Apparel,$55.00 ,200,"$110,000 ","$33,000 ",30%,In-store
,Foot Locker,1185732,9/13/21,Northeast,Delaware,Wilmington,Women's Apparel,$60.00 ,300,"$180,000 ","$72,000 ",40%,In-store
,Foot Locker,1185732,10/15/21,Northeast,Delaware,Wilmington,Men's Street Footwear,$60.00 ,475,"$285,000 ","$99,750 ",35%,In-store
,Foot Locker,1185732,10/15/21,Northeast,Delaware,Wilmington,Men's Athletic Footwear,$55.00 ,300,"$165,000 ","$57,750 ",35%,In-store
,Foot Locker,1185732,10/15/21,Northeast,Delaware,Wilmington,Women's Street Footwear,$55.00 ,200,"$110,000 ","$44,000 ",40%,In-store
,Foot Locker,1185732,10/15/21,Northeast,Delaware,Wilmington,Women's Athletic Footwear,$55.00 ,175,"$96,250 ","$38,500 ",40%,In-store
,Foot Locker,1185732,10/15/21,Northeast,Delaware,Wilmington,Men's Apparel,$65.00 ,175,"$113,750 ","$34,125 ",30%,In-store
,Kohl's,1185732,10/15/21,Northeast,Delaware,Wilmington,Women's Apparel,$70.00 ,300,"$210,000 ","$84,000 ",40%,In-store
,Kohl's,1185732,11/14/21,Northeast,Delaware,Wilmington,Men's Street Footwear,$65.00 ,450,"$292,500 ","$102,375 ",35%,In-store
,Kohl's,1185732,11/14/21,Northeast,Delaware,Wilmington,Men's Athletic Footwear,$55.00 ,325,"$178,750 ","$62,563 ",35%,In-store
,Kohl's,1185732,11/14/21,Northeast,Delaware,Wilmington,Women's Street Footwear,$55.00 ,320,"$176,000 ","$70,400 ",40%,In-store
,Kohl's,1185732,11/14/21,Northeast,Delaware,Wilmington,Women's Athletic Footwear,$55.00 ,300,"$165,000 ","$66,000 ",40%,In-store
,Kohl's,1185732,11/14/21,Northeast,Delaware,Wilmington,Men's Apparel,$65.00 ,275,"$178,750 ","$53,625 ",30%,In-store
,Kohl's,1185732,11/14/21,Northeast,Delaware,Wilmington,Women's Apparel,$70.00 ,375,"$262,500 ","$105,000 ",40%,In-store
,Kohl's,1185732,12/13/21,Northeast,Delaware,Wilmington,Men's Street Footwear,$65.00 ,600,"$390,000 ","$136,500 ",35%,In-store
,Kohl's,1185732,12/13/21,Northeast,Delaware,Wilmington,Men's Athletic Footwear,$55.00 ,400,"$220,000 ","$77,000 ",35%,In-store
,Kohl's,1185732,12/13/21,Northeast,Delaware,Wilmington,Women's Street Footwear,$55.00 ,375,"$206,250 ","$82,500 ",40%,In-store
,Kohl's,1185732,12/13/21,Northeast,Delaware,Wilmington,Women's Athletic Footwear,$55.00 ,325,"$178,750 ","$71,500 ",40%,In-store
,Kohl's,1185732,12/13/21,Northeast,Delaware,Wilmington,Men's Apparel,$65.00 ,325,"$211,250 ","$63,375 ",30%,In-store
,Kohl's,1185732,12/13/21,Northeast,Delaware,Wilmington,Women's Apparel,$70.00 ,425,"$297,500 ","$119,000 ",40%,In-store
,Kohl's,1185732,1/10/21,Northeast,Delaware,Wilmington,Men's Street Footwear,$35.00 ,475,"$166,250 ","$58,188 ",35%,In-store
,Kohl's,1185732,1/10/21,Northeast,Delaware,Wilmington,Men's Athletic Footwear,$35.00 ,275,"$96,250 ","$33,688 ",35%,In-store
,Kohl's,1185732,1/10/21,Northeast,Delaware,Wilmington,Women's Street Footwear,$25.00 ,275,"$68,750 ","$27,500 ",40%,In-store
,Kohl's,1185732,1/10/21,Northeast,Delaware,Wilmington,Women's Athletic Footwear,$30.00 ,125,"$37,500 ","$15,000 ",40%,In-store
,Kohl's,1185732,1/10/21,Northeast,Delaware,Wilmington,Men's Apparel,$45.00 ,175,"$78,750 ","$23,625 ",30%,In-store
,Kohl's,1185732,1/10/21,Northeast,Delaware,Wilmington,Women's Apparel,$35.00 ,275,"$96,250 ","$38,500 ",40%,In-store
,Kohl's,1185732,2/8/21,Northeast,Delaware,Wilmington,Men's Street Footwear,$35.00 ,525,"$183,750 ","$64,313 ",35%,In-store
,Kohl's,1185732,2/8/21,Northeast,Delaware,Wilmington,Men's Athletic Footwear,$35.00 ,175,"$61,250 ","$21,438 ",35%,In-store
,Kohl's,1185732,2/8/21,Northeast,Delaware,Wilmington,Women's Street Footwear,$25.00 ,225,"$56,250 ","$22,500 ",40%,In-store
,Kohl's,1185732,2/8/21,Northeast,New Jersey,Newark,Women's Athletic Footwear,$30.00 ,100,"$30,000 ","$12,000 ",40%,In-store
,Kohl's,1185732,2/8/21,Northeast,New Jersey,Newark,Men's Apparel,$45.00 ,175,"$78,750 ","$23,625 ",30%,In-store
,Kohl's,1185732,2/8/21,Northeast,New Jersey,Newark,Women's Apparel,$35.00 ,275,"$96,250 ","$38,500 ",40%,In-store
,Kohl's,1185732,3/6/21,Northeast,New Jersey,Newark,Men's Street Footwear,$35.00 ,495,"$173,250 ","$60,638 ",35%,In-store
,Kohl's,1185732,3/6/21,Northeast,New Jersey,Newark,Men's Athletic Footwear,$35.00 ,200,"$70,000 ","$24,500 ",35%,In-store
,Kohl's,1185732,3/6/21,Northeast,New Jersey,Newark,Women's Street Footwear,$25.00 ,225,"$56,250 ","$22,500 ",40%,In-store
,Kohl's,1185732,3/6/21,Northeast,New Jersey,Newark,Women's Athletic Footwear,$30.00 ,75,"$22,500 ","$9,000 ",40%,In-store
,Kohl's,1185732,3/6/21,Northeast,New Jersey,Newark,Men's Apparel,$45.00 ,125,"$56,250 ","$16,875 ",30%,In-store
,Kohl's,1185732,3/6/21,Northeast,New Jersey,Newark,Women's Apparel,$35.00 ,225,"$78,750 ","$31,500 ",40%,In-store
,Kohl's,1185732,4/7/21,Northeast,New Jersey,Newark,Men's Street Footwear,$35.00 ,475,"$166,250 ","$58,188 ",35%,In-store
,Kohl's,1185732,4/7/21,Northeast,New Jersey,Newark,Men's Athletic Footwear,$35.00 ,175,"$61,250 ","$21,438 ",35%,In-store
,Kohl's,1185732,4/7/21,Northeast,New Jersey,Newark,Women's Street Footwear,$25.00 ,175,"$43,750 ","$17,500 ",40%,In-store
,Kohl's,1185732,4/7/21,Northeast,New Jersey,Newark,Women's Athletic Footwear,$30.00 ,100,"$30,000 ","$12,000 ",40%,In-store
,Kohl's,1185732,4/7/21,Northeast,New Jersey,Newark,Men's Apparel,$45.00 ,100,"$45,000 ","$13,500 ",30%,In-store
,Kohl's,1185732,4/7/21,Northeast,New Jersey,Newark,Women's Apparel,$35.00 ,250,"$87,500 ","$35,000 ",40%,In-store
,Kohl's,1185732,5/6/21,Northeast,New Jersey,Newark,Men's Street Footwear,$50.00 ,520,"$260,000 ","$91,000 ",35%,In-store
,Kohl's,1185732,5/6/21,Northeast,New Jersey,Newark,Men's Athletic Footwear,$45.00 ,225,"$101,250 ","$35,438 ",35%,In-store
,Kohl's,1185732,5/6/21,Northeast,New Jersey,Newark,Women's Street Footwear,$40.00 ,250,"$100,000 ","$40,000 ",40%,In-store
,Kohl's,1185732,5/6/21,Northeast,New Jersey,Newark,Women's Athletic Footwear,$40.00 ,200,"$80,000 ","$32,000 ",40%,In-store
,Kohl's,1185732,5/6/21,Northeast,New Jersey,Newark,Men's Apparel,$50.00 ,225,"$112,500 ","$33,750 ",30%,In-store
,Kohl's,1185732,5/6/21,Northeast,New Jersey,Newark,Women's Apparel,$55.00 ,350,"$192,500 ","$77,000 ",40%,In-store
,Kohl's,1185732,6/8/21,Northeast,New Jersey,Newark,Men's Street Footwear,$50.00 ,600,"$300,000 ","$105,000 ",35%,In-store
,Kohl's,1185732,6/8/21,Northeast,New Jersey,Newark,Men's Athletic Footwear,$45.00 ,350,"$157,500 ","$55,125 ",35%,In-store
,Kohl's,1185732,6/8/21,Northeast,New Jersey,Newark,Women's Street Footwear,$40.00 ,275,"$110,000 ","$44,000 ",40%,In-store
,Kohl's,1185732,6/8/21,Northeast,New Jersey,Newark,Women's Athletic Footwear,$40.00 ,250,"$100,000 ","$40,000 ",40%,In-store
,Kohl's,1185732,6/8/21,Northeast,New Jersey,Newark,Men's Apparel,$50.00 ,250,"$125,000 ","$37,500 ",30%,In-store
,Kohl's,1185732,6/8/21,Northeast,New Jersey,Newark,Women's Apparel,$55.00 ,400,"$220,000 ","$88,000 ",40%,In-store
,Kohl's,1185732,7/6/21,Northeast,New Jersey,Newark,Men's Street Footwear,$50.00 ,625,"$312,500 ","$109,375 ",35%,In-store
,Kohl's,1185732,7/6/21,Northeast,New Jersey,Newark,Men's Athletic Footwear,$45.00 ,375,"$168,750 ","$59,063 ",35%,In-store
,Kohl's,1185732,7/6/21,Northeast,New Jersey,Newark,Women's Street Footwear,$40.00 ,300,"$120,000 ","$48,000 ",40%,In-store
,Kohl's,1185732,7/6/21,Northeast,New Jersey,Newark,Women's Athletic Footwear,$40.00 ,250,"$100,000 ","$40,000 ",40%,In-store
,Kohl's,1185732,7/6/21,Northeast,New Jersey,Newark,Men's Apparel,$50.00 ,275,"$137,500 ","$41,250 ",30%,In-store
,Kohl's,1185732,7/6/21,Northeast,New Jersey,Newark,Women's Apparel,$55.00 ,450,"$247,500 ","$99,000 ",40%,In-store
,Kohl's,1185732,8/7/21,Northeast,New Jersey,Newark,Men's Street Footwear,$50.00 ,600,"$300,000 ","$105,000 ",35%,In-store
,Kohl's,1185732,8/7/21,Northeast,New Jersey,Newark,Men's Athletic Footwear,$45.00 ,375,"$168,750 ","$59,063 ",35%,In-store
,Kohl's,1185732,8/7/21,Northeast,New Jersey,Newark,Women's Street Footwear,$40.00 ,300,"$120,000 ","$48,000 ",40%,In-store
,Kohl's,1185732,8/7/21,Northeast,New Jersey,Newark,Women's Athletic Footwear,$40.00 ,200,"$80,000 ","$32,000 ",40%,In-store
,Kohl's,1185732,8/7/21,Northeast,New Jersey,Newark,Men's Apparel,$50.00 ,175,"$87,500 ","$26,250 ",30%,In-store
,Kohl's,1185732,8/7/21,Northeast,New Jersey,Newark,Women's Apparel,$55.00 ,350,"$192,500 ","$77,000 ",40%,In-store
,Kohl's,1185732,9/6/21,Northeast,New Jersey,Newark,Men's Street Footwear,$50.00 ,475,"$237,500 ","$83,125 ",35%,In-store
,Kohl's,1185732,9/6/21,Northeast,New Jersey,Newark,Men's Athletic Footwear,$45.00 ,275,"$123,750 ","$43,313 ",35%,In-store
,Kohl's,1185732,9/6/21,Northeast,New Jersey,Newark,Women's Street Footwear,$40.00 ,175,"$70,000 ","$28,000 ",40%,In-store
,Kohl's,1185732,9/6/21,Northeast,New Jersey,Newark,Women's Athletic Footwear,$40.00 ,150,"$60,000 ","$24,000 ",40%,In-store
,Kohl's,1185732,9/6/21,Northeast,New Jersey,Newark,Men's Apparel,$50.00 ,150,"$75,000 ","$22,500 ",30%,In-store
,Kohl's,1185732,9/6/21,Northeast,New Jersey,Newark,Women's Apparel,$55.00 ,250,"$137,500 ","$55,000 ",40%,In-store
,Kohl's,1185732,10/8/21,Northeast,New Jersey,Newark,Men's Street Footwear,$55.00 ,425,"$233,750 ","$81,813 ",35%,In-store
,Kohl's,1185732,10/8/21,Northeast,New Jersey,Newark,Men's Athletic Footwear,$50.00 ,250,"$125,000 ","$43,750 ",35%,In-store
,Kohl's,1185732,10/8/21,Northeast,New Jersey,Newark,Women's Street Footwear,$50.00 ,150,"$75,000 ","$30,000 ",40%,In-store
,Kohl's,1185732,10/8/21,Northeast,New Jersey,Newark,Women's Athletic Footwear,$50.00 ,125,"$62,500 ","$25,000 ",40%,In-store
,Kohl's,1185732,10/8/21,Northeast,New Jersey,Newark,Men's Apparel,$60.00 ,125,"$75,000 ","$22,500 ",30%,In-store
,Sports Direct,1185732,10/8/21,Northeast,New Jersey,Newark,Women's Apparel,$65.00 ,250,"$162,500 ","$65,000 ",40%,In-store
,Sports Direct,1185732,11/7/21,Northeast,New Jersey,Newark,Men's Street Footwear,$60.00 ,400,"$240,000 ","$84,000 ",35%,In-store
,Sports Direct,1185732,11/7/21,Northeast,New Jersey,Newark,Men's Athletic Footwear,$50.00 ,275,"$137,500 ","$48,125 ",35%,In-store
,Sports Direct,1185732,11/7/21,Northeast,New Jersey,Newark,Women's Street Footwear,$50.00 ,270,"$135,000 ","$54,000 ",40%,In-store
,Sports Direct,1185732,11/7/21,Northeast,New Jersey,Newark,Women's Athletic Footwear,$50.00 ,250,"$125,000 ","$50,000 ",40%,In-store
,Sports Direct,1185732,11/7/21,Northeast,New Jersey,Newark,Men's Apparel,$60.00 ,225,"$135,000 ","$40,500 ",30%,In-store
,Sports Direct,1185732,11/7/21,Northeast,New Jersey,Newark,Women's Apparel,$65.00 ,325,"$211,250 ","$84,500 ",40%,In-store
,Sports Direct,1185732,12/6/21,Northeast,New Jersey,Newark,Men's Street Footwear,$60.00 ,550,"$330,000 ","$115,500 ",35%,In-store
,Sports Direct,1185732,12/6/21,Northeast,New Jersey,Newark,Men's Athletic Footwear,$50.00 ,350,"$175,000 ","$61,250 ",35%,In-store
,Sports Direct,1185732,12/6/21,Northeast,New Jersey,Newark,Women's Street Footwear,$50.00 ,325,"$162,500 ","$65,000 ",40%,In-store
,Sports Direct,1185732,12/6/21,Northeast,New Jersey,Newark,Women's Athletic Footwear,$50.00 ,275,"$137,500 ","$55,000 ",40%,In-store
,Sports Direct,1185732,12/6/21,Northeast,New Jersey,Newark,Men's Apparel,$60.00 ,275,"$165,000 ","$49,500 ",30%,In-store
,Sports Direct,1185732,12/6/21,Northeast,New Jersey,Newark,Women's Apparel,$65.00 ,375,"$243,750 ","$97,500 ",40%,In-store
,Sports Direct,1185732,1/7/21,Northeast,New Jersey,Newark,Men's Street Footwear,$40.00 ,500,"$200,000 ","$80,000 ",40%,In-store
,Sports Direct,1185732,1/7/21,Northeast,New Jersey,Newark,Men's Athletic Footwear,$40.00 ,300,"$120,000 ","$48,000 ",40%,In-store
,Sports Direct,1185732,1/7/21,Northeast,New Jersey,Newark,Women's Street Footwear,$30.00 ,300,"$90,000 ","$27,000 ",30%,In-store
,Sports Direct,1185732,1/7/21,Northeast,New Jersey,Newark,Women's Athletic Footwear,$35.00 ,150,"$52,500 ","$15,750 ",30%,In-store
,Sports Direct,1185732,1/7/21,Northeast,New Jersey,Newark,Men's Apparel,$50.00 ,200,"$100,000 ","$30,000 ",30%,In-store
,Sports Direct,1185732,1/7/21,Northeast,New Jersey,Newark,Women's Apparel,$40.00 ,300,"$120,000 ","$42,000 ",35%,In-store
,Sports Direct,1185732,2/5/21,Northeast,New Jersey,Newark,Men's Street Footwear,$40.00 ,550,"$220,000 ","$88,000 ",40%,In-store
,Sports Direct,1185732,2/5/21,Northeast,New Jersey,Newark,Men's Athletic Footwear,$40.00 ,200,"$80,000 ","$32,000 ",40%,In-store
,Sports Direct,1185732,2/5/21,Northeast,New Jersey,Newark,Women's Street Footwear,$30.00 ,250,"$75,000 ","$22,500 ",30%,In-store
,Sports Direct,1185732,2/5/21,Northeast,Connecticut,Hartford,Women's Athletic Footwear,$35.00 ,125,"$43,750 ","$13,125 ",30%,In-store
,Sports Direct,1185732,2/5/21,Northeast,Connecticut,Hartford,Men's Apparel,$50.00 ,200,"$100,000 ","$30,000 ",30%,In-store
,Sports Direct,1185732,2/5/21,Northeast,Connecticut,Hartford,Women's Apparel,$40.00 ,300,"$120,000 ","$42,000 ",35%,In-store
,Sports Direct,1185732,3/3/21,Northeast,Connecticut,Hartford,Men's Street Footwear,$40.00 ,520,"$208,000 ","$83,200 ",40%,In-store
,Sports Direct,1185732,3/3/21,Northeast,Connecticut,Hartford,Men's Athletic Footwear,$40.00 ,225,"$90,000 ","$36,000 ",40%,In-store
,Sports Direct,1185732,3/3/21,Northeast,Connecticut,Hartford,Women's Street Footwear,$30.00 ,250,"$75,000 ","$22,500 ",30%,In-store
,Sports Direct,1185732,3/3/21,Northeast,Connecticut,Hartford,Women's Athletic Footwear,$35.00 ,100,"$35,000 ","$10,500 ",30%,In-store
,Sports Direct,1185732,3/3/21,Northeast,Connecticut,Hartford,Men's Apparel,$50.00 ,150,"$75,000 ","$22,500 ",30%,In-store
,Sports Direct,1185732,3/3/21,Northeast,Connecticut,Hartford,Women's Apparel,$40.00 ,250,"$100,000 ","$35,000 ",35%,In-store
,Sports Direct,1185732,4/4/21,Northeast,Connecticut,Hartford,Men's Street Footwear,$40.00 ,500,"$200,000 ","$80,000 ",40%,In-store
,Sports Direct,1185732,4/4/21,Northeast,Connecticut,Hartford,Men's Athletic Footwear,$40.00 ,200,"$80,000 ","$32,000 ",40%,In-store
,Sports Direct,1185732,4/4/21,Northeast,Connecticut,Hartford,Women's Street Footwear,$30.00 ,200,"$60,000 ","$18,000 ",30%,In-store
,Sports Direct,1185732,4/4/21,Northeast,Connecticut,Hartford,Women's Athletic Footwear,$35.00 ,125,"$43,750 ","$13,125 ",30%,In-store
,Sports Direct,1185732,4/4/21,Northeast,Connecticut,Hartford,Men's Apparel,$50.00 ,125,"$62,500 ","$18,750 ",30%,In-store
,Sports Direct,1185732,4/4/21,Northeast,Connecticut,Hartford,Women's Apparel,$40.00 ,275,"$110,000 ","$38,500 ",35%,In-store
,Sports Direct,1185732,5/3/21,Northeast,Connecticut,Hartford,Men's Street Footwear,$55.00 ,545,"$299,750 ","$119,900 ",40%,In-store
,Sports Direct,1185732,5/3/21,Northeast,Connecticut,Hartford,Men's Athletic Footwear,$50.00 ,250,"$125,000 ","$50,000 ",40%,In-store
,Sports Direct,1185732,5/3/21,Northeast,Connecticut,Hartford,Women's Street Footwear,$45.00 ,275,"$123,750 ","$37,125 ",30%,In-store
,Sports Direct,1185732,5/3/21,Northeast,Connecticut,Hartford,Women's Athletic Footwear,$45.00 ,225,"$101,250 ","$30,375 ",30%,In-store
,Sports Direct,1185732,5/3/21,Northeast,Connecticut,Hartford,Men's Apparel,$55.00 ,250,"$137,500 ","$41,250 ",30%,In-store
,Sports Direct,1185732,5/3/21,Northeast,Connecticut,Hartford,Women's Apparel,$60.00 ,375,"$225,000 ","$78,750 ",35%,In-store
,Sports Direct,1185732,6/5/21,Northeast,Connecticut,Hartford,Men's Street Footwear,$55.00 ,625,"$343,750 ","$137,500 ",40%,In-store
,Sports Direct,1185732,6/5/21,Northeast,Connecticut,Hartford,Men's Athletic Footwear,$50.00 ,375,"$187,500 ","$75,000 ",40%,In-store
,Sports Direct,1185732,6/5/21,Northeast,Connecticut,Hartford,Women's Street Footwear,$45.00 ,300,"$135,000 ","$40,500 ",30%,In-store
,Sports Direct,1185732,6/5/21,Northeast,Connecticut,Hartford,Women's Athletic Footwear,$45.00 ,275,"$123,750 ","$37,125 ",30%,In-store
,Sports Direct,1185732,6/5/21,Northeast,Connecticut,Hartford,Men's Apparel,$55.00 ,275,"$151,250 ","$45,375 ",30%,In-store
,Sports Direct,1185732,6/5/21,Northeast,Connecticut,Hartford,Women's Apparel,$60.00 ,425,"$255,000 ","$89,250 ",35%,In-store
,Sports Direct,1185732,7/3/21,Northeast,Connecticut,Hartford,Men's Street Footwear,$55.00 ,650,"$357,500 ","$143,000 ",40%,In-store
,Sports Direct,1185732,7/3/21,Northeast,Connecticut,Hartford,Men's Athletic Footwear,$50.00 ,400,"$200,000 ","$80,000 ",40%,In-store
,Sports Direct,1185732,7/3/21,Northeast,Connecticut,Hartford,Women's Street Footwear,$45.00 ,325,"$146,250 ","$43,875 ",30%,In-store
,Sports Direct,1185732,7/3/21,Northeast,Connecticut,Hartford,Women's Athletic Footwear,$45.00 ,275,"$123,750 ","$37,125 ",30%,In-store
,Sports Direct,1185732,7/3/21,Northeast,Connecticut,Hartford,Men's Apparel,$55.00 ,300,"$165,000 ","$49,500 ",30%,In-store
,Sports Direct,1185732,7/3/21,Northeast,Connecticut,Hartford,Women's Apparel,$60.00 ,475,"$285,000 ","$99,750 ",35%,In-store
,Sports Direct,1185732,8/4/21,Northeast,Connecticut,Hartford,Men's Street Footwear,$55.00 ,625,"$343,750 ","$137,500 ",40%,In-store
,Sports Direct,1185732,8/4/21,Northeast,Connecticut,Hartford,Men's Athletic Footwear,$50.00 ,400,"$200,000 ","$80,000 ",40%,In-store
,Sports Direct,1185732,8/4/21,Northeast,Connecticut,Hartford,Women's Street Footwear,$45.00 ,325,"$146,250 ","$43,875 ",30%,In-store
,Sports Direct,1185732,8/4/21,Northeast,Connecticut,Hartford,Women's Athletic Footwear,$45.00 ,225,"$101,250 ","$30,375 ",30%,In-store
,Sports Direct,1185732,8/4/21,Northeast,Connecticut,Hartford,Men's Apparel,$55.00 ,200,"$110,000 ","$33,000 ",30%,In-store
,Sports Direct,1185732,8/4/21,Northeast,Connecticut,Hartford,Women's Apparel,$60.00 ,375,"$225,000 ","$78,750 ",35%,In-store
,Sports Direct,1185732,9/3/21,Northeast,Connecticut,Hartford,Men's Street Footwear,$55.00 ,500,"$275,000 ","$110,000 ",40%,In-store
,Sports Direct,1185732,9/3/21,Northeast,Connecticut,Hartford,Men's Athletic Footwear,$50.00 ,300,"$150,000 ","$60,000 ",40%,In-store
,Sports Direct,1185732,9/3/21,Northeast,Connecticut,Hartford,Women's Street Footwear,$45.00 ,200,"$90,000 ","$27,000 ",30%,In-store
,Sports Direct,1185732,9/3/21,Northeast,Connecticut,Hartford,Women's Athletic Footwear,$45.00 ,175,"$78,750 ","$23,625 ",30%,In-store
,Sports Direct,1185732,9/3/21,Northeast,Connecticut,Hartford,Men's Apparel,$55.00 ,175,"$96,250 ","$28,875 ",30%,In-store
,Sports Direct,1185732,9/3/21,Northeast,Connecticut,Hartford,Women's Apparel,$60.00 ,275,"$165,000 ","$57,750 ",35%,In-store
,Sports Direct,1185732,10/5/21,Northeast,Connecticut,Hartford,Men's Street Footwear,$60.00 ,450,"$270,000 ","$108,000 ",40%,In-store
,Sports Direct,1185732,10/5/21,Northeast,Connecticut,Hartford,Men's Athletic Footwear,$55.00 ,275,"$151,250 ","$60,500 ",40%,In-store
,Sports Direct,1185732,10/5/21,Northeast,Connecticut,Hartford,Women's Street Footwear,$55.00 ,175,"$96,250 ","$28,875 ",30%,In-store
,Sports Direct,1185732,10/5/21,Northeast,Connecticut,Hartford,Women's Athletic Footwear,$55.00 ,150,"$82,500 ","$24,750 ",30%,In-store
,Sports Direct,1185732,10/5/21,Northeast,Connecticut,Hartford,Men's Apparel,$65.00 ,150,"$97,500 ","$29,250 ",30%,In-store
,Foot Locker,1185732,10/5/21,Northeast,Connecticut,Hartford,Women's Apparel,$70.00 ,275,"$192,500 ","$67,375 ",35%,In-store
,Foot Locker,1185732,11/4/21,Northeast,Connecticut,Hartford,Men's Street Footwear,$65.00 ,425,"$276,250 ","$110,500 ",40%,In-store
,Foot Locker,1185732,11/4/21,Northeast,Connecticut,Hartford,Men's Athletic Footwear,$55.00 ,300,"$165,000 ","$66,000 ",40%,In-store
,Foot Locker,1185732,11/4/21,Northeast,Connecticut,Hartford,Women's Street Footwear,$55.00 ,295,"$162,250 ","$48,675 ",30%,In-store
,Foot Locker,1185732,11/4/21,Northeast,Connecticut,Hartford,Women's Athletic Footwear,$55.00 ,275,"$151,250 ","$45,375 ",30%,In-store
,Foot Locker,1185732,11/4/21,Northeast,Connecticut,Hartford,Men's Apparel,$65.00 ,250,"$162,500 ","$48,750 ",30%,In-store
,Foot Locker,1185732,11/4/21,Northeast,Connecticut,Hartford,Women's Apparel,$70.00 ,350,"$245,000 ","$85,750 ",35%,In-store
,Foot Locker,1185732,12/3/21,Northeast,Connecticut,Hartford,Men's Street Footwear,$65.00 ,575,"$373,750 ","$149,500 ",40%,In-store
,Foot Locker,1185732,12/3/21,Northeast,Connecticut,Hartford,Men's Athletic Footwear,$55.00 ,375,"$206,250 ","$82,500 ",40%,In-store
,Foot Locker,1185732,12/3/21,Northeast,Connecticut,Hartford,Women's Street Footwear,$55.00 ,350,"$192,500 ","$57,750 ",30%,In-store
,Foot Locker,1185732,12/3/21,Northeast,Connecticut,Hartford,Women's Athletic Footwear,$55.00 ,300,"$165,000 ","$49,500 ",30%,In-store
,Foot Locker,1185732,12/3/21,Northeast,Connecticut,Hartford,Men's Apparel,$65.00 ,300,"$195,000 ","$58,500 ",30%,In-store
,Foot Locker,1185732,12/3/21,Northeast,Connecticut,Hartford,Women's Apparel,$70.00 ,400,"$280,000 ","$98,000 ",35%,In-store
,Foot Locker,1185732,1/10/21,Northeast,Connecticut,Hartford,Men's Street Footwear,$35.00 ,425,"$148,750 ","$52,063 ",35%,In-store
,Foot Locker,1185732,1/10/21,Northeast,Connecticut,Hartford,Men's Athletic Footwear,$35.00 ,225,"$78,750 ","$27,563 ",35%,In-store
,Foot Locker,1185732,1/10/21,Northeast,Connecticut,Hartford,Women's Street Footwear,$25.00 ,225,"$56,250 ","$22,500 ",40%,In-store
,Foot Locker,1185732,1/10/21,Northeast,Connecticut,Hartford,Women's Athletic Footwear,$30.00 ,75,"$22,500 ","$9,000 ",40%,In-store
,Foot Locker,1185732,1/10/21,Northeast,Connecticut,Hartford,Men's Apparel,$45.00 ,125,"$56,250 ","$16,875 ",30%,In-store
,Foot Locker,1185732,1/10/21,Northeast,Connecticut,Hartford,Women's Apparel,$35.00 ,225,"$78,750 ","$31,500 ",40%,In-store
,Foot Locker,1185732,2/8/21,Northeast,Connecticut,Hartford,Men's Street Footwear,$35.00 ,475,"$166,250 ","$58,188 ",35%,In-store
,Foot Locker,1185732,2/8/21,Northeast,Connecticut,Hartford,Men's Athletic Footwear,$35.00 ,125,"$43,750 ","$15,313 ",35%,In-store
,Foot Locker,1185732,2/8/21,Northeast,Connecticut,Hartford,Women's Street Footwear,$25.00 ,175,"$43,750 ","$17,500 ",40%,In-store
,Foot Locker,1185732,2/8/21,Northeast,Rhode Island,Providence,Women's Athletic Footwear,$30.00 ,50,"$15,000 ","$6,000 ",40%,In-store
,Foot Locker,1185732,2/8/21,Northeast,Rhode Island,Providence,Men's Apparel,$45.00 ,125,"$56,250 ","$16,875 ",30%,In-store
,Foot Locker,1185732,2/8/21,Northeast,Rhode Island,Providence,Women's Apparel,$35.00 ,225,"$78,750 ","$31,500 ",40%,In-store
,Foot Locker,1185732,3/6/21,Northeast,Rhode Island,Providence,Men's Street Footwear,$35.00 ,445,"$155,750 ","$54,513 ",35%,In-store
,Foot Locker,1185732,3/6/21,Northeast,Rhode Island,Providence,Men's Athletic Footwear,$35.00 ,150,"$52,500 ","$18,375 ",35%,In-store
,Foot Locker,1185732,3/6/21,Northeast,Rhode Island,Providence,Women's Street Footwear,$25.00 ,175,"$43,750 ","$17,500 ",40%,In-store
,Foot Locker,1185732,3/6/21,Northeast,Rhode Island,Providence,Women's Athletic Footwear,$30.00 ,25,"$7,500 ","$3,000 ",40%,In-store
,Foot Locker,1185732,3/6/21,Northeast,Rhode Island,Providence,Men's Apparel,$45.00 ,75,"$33,750 ","$10,125 ",30%,In-store
,Foot Locker,1185732,3/6/21,Northeast,Rhode Island,Providence,Women's Apparel,$35.00 ,175,"$61,250 ","$24,500 ",40%,In-store
,Foot Locker,1185732,4/7/21,Northeast,Rhode Island,Providence,Men's Street Footwear,$35.00 ,425,"$148,750 ","$52,063 ",35%,In-store
,Foot Locker,1185732,4/7/21,Northeast,Rhode Island,Providence,Men's Athletic Footwear,$35.00 ,125,"$43,750 ","$15,313 ",35%,In-store
,Foot Locker,1185732,4/7/21,Northeast,Rhode Island,Providence,Women's Street Footwear,$25.00 ,125,"$31,250 ","$12,500 ",40%,In-store
,Foot Locker,1185732,4/7/21,Northeast,Rhode Island,Providence,Women's Athletic Footwear,$30.00 ,50,"$15,000 ","$6,000 ",40%,In-store
,Foot Locker,1185732,4/7/21,Northeast,Rhode Island,Providence,Men's Apparel,$45.00 ,50,"$22,500 ","$6,750 ",30%,In-store
,Foot Locker,1185732,4/7/21,Northeast,Rhode Island,Providence,Women's Apparel,$35.00 ,200,"$70,000 ","$28,000 ",40%,In-store
,Foot Locker,1185732,5/6/21,Northeast,Rhode Island,Providence,Men's Street Footwear,$50.00 ,470,"$235,000 ","$82,250 ",35%,In-store
,Foot Locker,1185732,5/6/21,Northeast,Rhode Island,Providence,Men's Athletic Footwear,$45.00 ,175,"$78,750 ","$27,563 ",35%,In-store
,Foot Locker,1185732,5/6/21,Northeast,Rhode Island,Providence,Women's Street Footwear,$40.00 ,200,"$80,000 ","$32,000 ",40%,In-store
,Foot Locker,1185732,5/6/21,Northeast,Rhode Island,Providence,Women's Athletic Footwear,$40.00 ,150,"$60,000 ","$24,000 ",40%,In-store
,Foot Locker,1185732,5/6/21,Northeast,Rhode Island,Providence,Men's Apparel,$50.00 ,175,"$87,500 ","$26,250 ",30%,In-store
,Foot Locker,1185732,5/6/21,Northeast,Rhode Island,Providence,Women's Apparel,$55.00 ,300,"$165,000 ","$66,000 ",40%,In-store
,Foot Locker,1185732,6/8/21,Northeast,Rhode Island,Providence,Men's Street Footwear,$50.00 ,550,"$275,000 ","$96,250 ",35%,In-store
,Foot Locker,1185732,6/8/21,Northeast,Rhode Island,Providence,Men's Athletic Footwear,$45.00 ,300,"$135,000 ","$47,250 ",35%,In-store
,Foot Locker,1185732,6/8/21,Northeast,Rhode Island,Providence,Women's Street Footwear,$40.00 ,225,"$90,000 ","$36,000 ",40%,In-store
,Foot Locker,1185732,6/8/21,Northeast,Rhode Island,Providence,Women's Athletic Footwear,$40.00 ,200,"$80,000 ","$32,000 ",40%,In-store
,Foot Locker,1185732,6/8/21,Northeast,Rhode Island,Providence,Men's Apparel,$50.00 ,200,"$100,000 ","$30,000 ",30%,In-store
,Foot Locker,1185732,6/8/21,Northeast,Rhode Island,Providence,Women's Apparel,$55.00 ,350,"$192,500 ","$77,000 ",40%,In-store
,Foot Locker,1185732,7/6/21,Northeast,Rhode Island,Providence,Men's Street Footwear,$50.00 ,575,"$287,500 ","$100,625 ",35%,In-store
,Foot Locker,1185732,7/6/21,Northeast,Rhode Island,Providence,Men's Athletic Footwear,$45.00 ,325,"$146,250 ","$51,188 ",35%,In-store
,Foot Locker,1185732,7/6/21,Northeast,Rhode Island,Providence,Women's Street Footwear,$40.00 ,250,"$100,000 ","$40,000 ",40%,In-store
,Foot Locker,1185732,7/6/21,Northeast,Rhode Island,Providence,Women's Athletic Footwear,$40.00 ,200,"$80,000 ","$32,000 ",40%,In-store
,Foot Locker,1185732,7/6/21,Northeast,Rhode Island,Providence,Men's Apparel,$50.00 ,225,"$112,500 ","$33,750 ",30%,In-store
,Foot Locker,1185732,7/6/21,Northeast,Rhode Island,Providence,Women's Apparel,$55.00 ,400,"$220,000 ","$88,000 ",40%,In-store
,Foot Locker,1185732,8/7/21,Northeast,Rhode Island,Providence,Men's Street Footwear,$50.00 ,550,"$275,000 ","$96,250 ",35%,In-store
,Foot Locker,1185732,8/7/21,Northeast,Rhode Island,Providence,Men's Athletic Footwear,$45.00 ,325,"$146,250 ","$51,188 ",35%,In-store
,Foot Locker,1185732,8/7/21,Northeast,Rhode Island,Providence,Women's Street Footwear,$40.00 ,250,"$100,000 ","$40,000 ",40%,In-store
,Foot Locker,1185732,8/7/21,Northeast,Rhode Island,Providence,Women's Athletic Footwear,$40.00 ,150,"$60,000 ","$24,000 ",40%,In-store
,Foot Locker,1185732,8/7/21,Northeast,Rhode Island,Providence,Men's Apparel,$50.00 ,125,"$62,500 ","$18,750 ",30%,In-store
,Foot Locker,1185732,8/7/21,Northeast,Rhode Island,Providence,Women's Apparel,$55.00 ,300,"$165,000 ","$66,000 ",40%,In-store
,Foot Locker,1185732,9/6/21,Northeast,Rhode Island,Providence,Men's Street Footwear,$50.00 ,425,"$212,500 ","$74,375 ",35%,In-store
,Foot Locker,1185732,9/6/21,Northeast,Rhode Island,Providence,Men's Athletic Footwear,$45.00 ,225,"$101,250 ","$35,438 ",35%,In-store
,Foot Locker,1185732,9/6/21,Northeast,Rhode Island,Providence,Women's Street Footwear,$40.00 ,125,"$50,000 ","$20,000 ",40%,In-store
,Foot Locker,1185732,9/6/21,Northeast,Rhode Island,Providence,Women's Athletic Footwear,$40.00 ,100,"$40,000 ","$16,000 ",40%,In-store
,Foot Locker,1185732,9/6/21,Northeast,Rhode Island,Providence,Men's Apparel,$50.00 ,100,"$50,000 ","$15,000 ",30%,In-store
,Foot Locker,1185732,9/6/21,Northeast,Rhode Island,Providence,Women's Apparel,$55.00 ,200,"$110,000 ","$44,000 ",40%,In-store
,Foot Locker,1185732,10/8/21,Northeast,Rhode Island,Providence,Men's Street Footwear,$55.00 ,375,"$206,250 ","$72,188 ",35%,In-store
,Foot Locker,1185732,10/8/21,Northeast,Rhode Island,Providence,Men's Athletic Footwear,$50.00 ,200,"$100,000 ","$35,000 ",35%,In-store
,Foot Locker,1185732,10/8/21,Northeast,Rhode Island,Providence,Women's Street Footwear,$50.00 ,100,"$50,000 ","$20,000 ",40%,In-store
,Foot Locker,1185732,10/8/21,Northeast,Rhode Island,Providence,Women's Athletic Footwear,$50.00 ,75,"$37,500 ","$15,000 ",40%,In-store
,Foot Locker,1185732,10/8/21,Northeast,Rhode Island,Providence,Men's Apparel,$60.00 ,75,"$45,000 ","$13,500 ",30%,In-store
,Sports Direct,1185732,10/8/21,Northeast,Rhode Island,Providence,Women's Apparel,$65.00 ,200,"$130,000 ","$52,000 ",40%,In-store
,Sports Direct,1185732,11/7/21,Northeast,Rhode Island,Providence,Men's Street Footwear,$60.00 ,350,"$210,000 ","$73,500 ",35%,In-store
,Sports Direct,1185732,11/7/21,Northeast,Rhode Island,Providence,Men's Athletic Footwear,$50.00 ,225,"$112,500 ","$39,375 ",35%,In-store
,Sports Direct,1185732,11/7/21,Northeast,Rhode Island,Providence,Women's Street Footwear,$50.00 ,220,"$110,000 ","$44,000 ",40%,In-store
,Sports Direct,1185732,11/7/21,Northeast,Rhode Island,Providence,Women's Athletic Footwear,$50.00 ,200,"$100,000 ","$40,000 ",40%,In-store
,Sports Direct,1185732,11/7/21,Northeast,Rhode Island,Providence,Men's Apparel,$60.00 ,175,"$105,000 ","$31,500 ",30%,In-store
,Sports Direct,1185732,11/7/21,Northeast,Rhode Island,Providence,Women's Apparel,$65.00 ,275,"$178,750 ","$71,500 ",40%,In-store
,Sports Direct,1185732,12/6/21,Northeast,Rhode Island,Providence,Men's Street Footwear,$60.00 ,500,"$300,000 ","$105,000 ",35%,In-store
,Sports Direct,1185732,12/6/21,Northeast,Rhode Island,Providence,Men's Athletic Footwear,$50.00 ,300,"$150,000 ","$52,500 ",35%,In-store
,Sports Direct,1185732,12/6/21,Northeast,Rhode Island,Providence,Women's Street Footwear,$50.00 ,275,"$137,500 ","$55,000 ",40%,In-store
,Sports Direct,1185732,12/6/21,Northeast,Rhode Island,Providence,Women's Athletic Footwear,$50.00 ,225,"$112,500 ","$45,000 ",40%,In-store
,Sports Direct,1185732,12/6/21,Northeast,Rhode Island,Providence,Men's Apparel,$60.00 ,225,"$135,000 ","$40,500 ",30%,In-store
,Sports Direct,1185732,12/6/21,Northeast,Rhode Island,Providence,Women's Apparel,$65.00 ,325,"$211,250 ","$84,500 ",40%,In-store
,Sports Direct,1185732,1/17/21,Northeast,Rhode Island,Providence,Men's Street Footwear,$40.00 ,450,"$180,000 ","$54,000 ",30%,In-store
,Sports Direct,1185732,1/17/21,Northeast,Rhode Island,Providence,Men's Athletic Footwear,$40.00 ,250,"$100,000 ","$30,000 ",30%,In-store
,Sports Direct,1185732,1/17/21,Northeast,Rhode Island,Providence,Women's Street Footwear,$30.00 ,250,"$75,000 ","$18,750 ",25%,In-store
,Sports Direct,1185732,1/17/21,Northeast,Rhode Island,Providence,Women's Athletic Footwear,$35.00 ,100,"$35,000 ","$8,750 ",25%,In-store
,Sports Direct,1185732,1/17/21,Northeast,Rhode Island,Providence,Men's Apparel,$50.00 ,150,"$75,000 ","$18,750 ",25%,In-store
,Sports Direct,1185732,1/17/21,Northeast,Rhode Island,Providence,Women's Apparel,$40.00 ,250,"$100,000 ","$30,000 ",30%,In-store
,Sports Direct,1185732,2/15/21,Northeast,Rhode Island,Providence,Men's Street Footwear,$40.00 ,500,"$200,000 ","$60,000 ",30%,In-store
,Sports Direct,1185732,2/15/21,Northeast,Rhode Island,Providence,Men's Athletic Footwear,$40.00 ,150,"$60,000 ","$18,000 ",30%,In-store
,Sports Direct,1185732,2/15/21,Northeast,Rhode Island,Providence,Women's Street Footwear,$30.00 ,200,"$60,000 ","$15,000 ",25%,In-store
,Sports Direct,1185732,2/15/21,Northeast,Massachusetts,Boston,Women's Athletic Footwear,$35.00 ,250,"$87,500 ","$21,875 ",25%,In-store
,Sports Direct,1185732,2/15/21,Northeast,Massachusetts,Boston,Men's Apparel,$50.00 ,150,"$75,000 ","$18,750 ",25%,In-store
,Sports Direct,1185732,2/15/21,Northeast,Massachusetts,Boston,Women's Apparel,$40.00 ,250,"$100,000 ","$30,000 ",30%,In-store
,Sports Direct,1185732,3/13/21,Northeast,Massachusetts,Boston,Men's Street Footwear,$40.00 ,470,"$188,000 ","$56,400 ",30%,In-store
,Sports Direct,1185732,3/13/21,Northeast,Massachusetts,Boston,Men's Athletic Footwear,$40.00 ,175,"$70,000 ","$21,000 ",30%,In-store
,Sports Direct,1185732,3/13/21,Northeast,Massachusetts,Boston,Women's Street Footwear,$30.00 ,200,"$60,000 ","$15,000 ",25%,In-store
,Sports Direct,1185732,3/13/21,Northeast,Massachusetts,Boston,Women's Athletic Footwear,$35.00 ,300,"$105,000 ","$26,250 ",25%,In-store
,Sports Direct,1185732,3/13/21,Northeast,Massachusetts,Boston,Men's Apparel,$50.00 ,100,"$50,000 ","$12,500 ",25%,In-store
,Sports Direct,1185732,3/13/21,Northeast,Massachusetts,Boston,Women's Apparel,$40.00 ,200,"$80,000 ","$24,000 ",30%,In-store
,Sports Direct,1185732,4/14/21,Northeast,Massachusetts,Boston,Men's Street Footwear,$40.00 ,450,"$180,000 ","$54,000 ",30%,In-store
,Sports Direct,1185732,4/14/21,Northeast,Massachusetts,Boston,Men's Athletic Footwear,$40.00 ,150,"$60,000 ","$18,000 ",30%,In-store
,Sports Direct,1185732,4/14/21,Northeast,Massachusetts,Boston,Women's Street Footwear,$30.00 ,150,"$45,000 ","$11,250 ",25%,In-store
,Sports Direct,1185732,4/14/21,Northeast,Massachusetts,Boston,Women's Athletic Footwear,$35.00 ,125,"$43,750 ","$10,938 ",25%,In-store
,Sports Direct,1185732,4/14/21,Northeast,Massachusetts,Boston,Men's Apparel,$50.00 ,125,"$62,500 ","$15,625 ",25%,In-store
,Sports Direct,1185732,4/14/21,Northeast,Massachusetts,Boston,Women's Apparel,$40.00 ,275,"$110,000 ","$33,000 ",30%,In-store
,Sports Direct,1185732,5/13/21,Northeast,Massachusetts,Boston,Men's Street Footwear,$55.00 ,495,"$272,250 ","$81,675 ",30%,In-store
,Sports Direct,1185732,5/13/21,Northeast,Massachusetts,Boston,Men's Athletic Footwear,$50.00 ,200,"$100,000 ","$30,000 ",30%,In-store
,Sports Direct,1185732,5/13/21,Northeast,Massachusetts,Boston,Women's Street Footwear,$45.00 ,225,"$101,250 ","$25,313 ",25%,In-store
,Sports Direct,1185732,5/13/21,Northeast,Massachusetts,Boston,Women's Athletic Footwear,$45.00 ,175,"$78,750 ","$19,688 ",25%,In-store
,Sports Direct,1185732,5/13/21,Northeast,Massachusetts,Boston,Men's Apparel,$55.00 ,200,"$110,000 ","$27,500 ",25%,In-store
,Sports Direct,1185732,5/13/21,Northeast,Massachusetts,Boston,Women's Apparel,$60.00 ,325,"$195,000 ","$58,500 ",30%,In-store
,Sports Direct,1185732,6/15/21,Northeast,Massachusetts,Boston,Men's Street Footwear,$55.00 ,575,"$316,250 ","$94,875 ",30%,In-store
,Sports Direct,1185732,6/15/21,Northeast,Massachusetts,Boston,Men's Athletic Footwear,$50.00 ,325,"$162,500 ","$48,750 ",30%,In-store
,Sports Direct,1185732,6/15/21,Northeast,Massachusetts,Boston,Women's Street Footwear,$45.00 ,250,"$112,500 ","$28,125 ",25%,In-store
,Sports Direct,1185732,6/15/21,Northeast,Massachusetts,Boston,Women's Athletic Footwear,$45.00 ,225,"$101,250 ","$25,313 ",25%,In-store
,Sports Direct,1185732,6/15/21,Northeast,Massachusetts,Boston,Men's Apparel,$55.00 ,225,"$123,750 ","$30,938 ",25%,In-store
,Sports Direct,1185732,6/15/21,Northeast,Massachusetts,Boston,Women's Apparel,$60.00 ,375,"$225,000 ","$67,500 ",30%,In-store
,Sports Direct,1185732,7/13/21,Northeast,Massachusetts,Boston,Men's Street Footwear,$55.00 ,600,"$330,000 ","$99,000 ",30%,In-store
,Sports Direct,1185732,7/13/21,Northeast,Massachusetts,Boston,Men's Athletic Footwear,$50.00 ,350,"$175,000 ","$52,500 ",30%,In-store
,Sports Direct,1185732,7/13/21,Northeast,Massachusetts,Boston,Women's Street Footwear,$45.00 ,275,"$123,750 ","$30,938 ",25%,In-store
,Sports Direct,1185732,7/13/21,Northeast,Massachusetts,Boston,Women's Athletic Footwear,$45.00 ,225,"$101,250 ","$25,313 ",25%,In-store
,Sports Direct,1185732,7/13/21,Northeast,Massachusetts,Boston,Men's Apparel,$55.00 ,250,"$137,500 ","$34,375 ",25%,In-store
,Sports Direct,1185732,7/13/21,Northeast,Massachusetts,Boston,Women's Apparel,$60.00 ,425,"$255,000 ","$76,500 ",30%,In-store
,Sports Direct,1185732,8/14/21,Northeast,Massachusetts,Boston,Men's Street Footwear,$55.00 ,575,"$316,250 ","$94,875 ",30%,In-store
,Sports Direct,1185732,8/14/21,Northeast,Massachusetts,Boston,Men's Athletic Footwear,$50.00 ,350,"$175,000 ","$52,500 ",30%,In-store
,Sports Direct,1185732,8/14/21,Northeast,Massachusetts,Boston,Women's Street Footwear,$45.00 ,275,"$123,750 ","$30,938 ",25%,In-store
,Sports Direct,1185732,8/14/21,Northeast,Massachusetts,Boston,Women's Athletic Footwear,$45.00 ,175,"$78,750 ","$19,688 ",25%,In-store
,Sports Direct,1185732,8/14/21,Northeast,Massachusetts,Boston,Men's Apparel,$55.00 ,150,"$82,500 ","$20,625 ",25%,In-store
,Sports Direct,1185732,8/14/21,Northeast,Massachusetts,Boston,Women's Apparel,$60.00 ,325,"$195,000 ","$58,500 ",30%,In-store
,Sports Direct,1185732,9/13/21,Northeast,Massachusetts,Boston,Men's Street Footwear,$55.00 ,450,"$247,500 ","$74,250 ",30%,In-store
,Sports Direct,1185732,9/13/21,Northeast,Massachusetts,Boston,Men's Athletic Footwear,$50.00 ,250,"$125,000 ","$37,500 ",30%,In-store
,Sports Direct,1185732,9/13/21,Northeast,Massachusetts,Boston,Women's Street Footwear,$45.00 ,150,"$67,500 ","$16,875 ",25%,In-store
,Sports Direct,1185732,9/13/21,Northeast,Massachusetts,Boston,Women's Athletic Footwear,$45.00 ,125,"$56,250 ","$14,063 ",25%,In-store
,Sports Direct,1185732,9/13/21,Northeast,Massachusetts,Boston,Men's Apparel,$55.00 ,125,"$68,750 ","$17,188 ",25%,In-store
,Sports Direct,1185732,9/13/21,Northeast,Massachusetts,Boston,Women's Apparel,$60.00 ,225,"$135,000 ","$40,500 ",30%,In-store
,Sports Direct,1185732,10/15/21,Northeast,Massachusetts,Boston,Men's Street Footwear,$60.00 ,400,"$240,000 ","$72,000 ",30%,In-store
,Sports Direct,1185732,10/15/21,Northeast,Massachusetts,Boston,Men's Athletic Footwear,$55.00 ,225,"$123,750 ","$37,125 ",30%,In-store
,Sports Direct,1185732,10/15/21,Northeast,Massachusetts,Boston,Women's Street Footwear,$55.00 ,125,"$68,750 ","$17,188 ",25%,In-store
,Sports Direct,1185732,10/15/21,Northeast,Massachusetts,Boston,Women's Athletic Footwear,$55.00 ,100,"$55,000 ","$13,750 ",25%,In-store
,Sports Direct,1185732,10/15/21,Northeast,Massachusetts,Boston,Men's Apparel,$65.00 ,100,"$65,000 ","$16,250 ",25%,In-store
,Amazon,1185732,10/15/21,Northeast,Massachusetts,Boston,Women's Apparel,$70.00 ,225,"$157,500 ","$47,250 ",30%,In-store
,Amazon,1185732,11/14/21,Northeast,Massachusetts,Boston,Men's Street Footwear,$65.00 ,375,"$243,750 ","$73,125 ",30%,In-store
,Amazon,1185732,11/14/21,Northeast,Massachusetts,Boston,Men's Athletic Footwear,$55.00 ,300,"$165,000 ","$49,500 ",30%,In-store
,Amazon,1185732,11/14/21,Northeast,Massachusetts,Boston,Women's Street Footwear,$55.00 ,295,"$162,250 ","$40,563 ",25%,In-store
,Amazon,1185732,11/14/21,Northeast,Massachusetts,Boston,Women's Athletic Footwear,$55.00 ,275,"$151,250 ","$37,813 ",25%,In-store
,Amazon,1185732,11/14/21,Northeast,Massachusetts,Boston,Men's Apparel,$65.00 ,250,"$162,500 ","$40,625 ",25%,In-store
,Amazon,1185732,11/14/21,Northeast,Massachusetts,Boston,Women's Apparel,$70.00 ,350,"$245,000 ","$73,500 ",30%,In-store
,Amazon,1185732,12/13/21,Northeast,Massachusetts,Boston,Men's Street Footwear,$65.00 ,575,"$373,750 ","$112,125 ",30%,In-store
,Amazon,1185732,12/13/21,Northeast,Massachusetts,Boston,Men's Athletic Footwear,$55.00 ,375,"$206,250 ","$61,875 ",30%,In-store
,Amazon,1185732,12/13/21,Northeast,Massachusetts,Boston,Women's Street Footwear,$55.00 ,350,"$192,500 ","$48,125 ",25%,In-store
,Amazon,1185732,12/13/21,Northeast,Massachusetts,Boston,Women's Athletic Footwear,$55.00 ,300,"$165,000 ","$41,250 ",25%,In-store
,Amazon,1185732,12/13/21,Northeast,Massachusetts,Boston,Men's Apparel,$65.00 ,300,"$195,000 ","$48,750 ",25%,In-store
,Amazon,1185732,12/13/21,Northeast,Massachusetts,Boston,Women's Apparel,$70.00 ,400,"$280,000 ","$84,000 ",30%,In-store
,Amazon,1185732,1/14/21,Northeast,Massachusetts,Boston,Men's Street Footwear,$45.00 ,525,"$236,250 ","$106,313 ",45%,In-store
,Amazon,1185732,1/14/21,Northeast,Massachusetts,Boston,Men's Athletic Footwear,$45.00 ,325,"$146,250 ","$65,813 ",45%,In-store
,Amazon,1185732,1/14/21,Northeast,Massachusetts,Boston,Women's Street Footwear,$35.00 ,325,"$113,750 ","$39,813 ",35%,In-store
,Amazon,1185732,1/14/21,Northeast,Massachusetts,Boston,Women's Athletic Footwear,$40.00 ,175,"$70,000 ","$24,500 ",35%,In-store
,Amazon,1185732,1/14/21,Northeast,Massachusetts,Boston,Men's Apparel,$55.00 ,225,"$123,750 ","$43,313 ",35%,In-store
,Amazon,1185732,1/14/21,Northeast,Massachusetts,Boston,Women's Apparel,$45.00 ,325,"$146,250 ","$58,500 ",40%,In-store
,Amazon,1185732,2/12/21,Northeast,Massachusetts,Boston,Men's Street Footwear,$45.00 ,575,"$258,750 ","$116,438 ",45%,In-store
,Amazon,1185732,2/12/21,Northeast,Massachusetts,Boston,Men's Athletic Footwear,$45.00 ,225,"$101,250 ","$45,563 ",45%,In-store
,Amazon,1185732,2/12/21,Northeast,Massachusetts,Boston,Women's Street Footwear,$35.00 ,275,"$96,250 ","$33,688 ",35%,In-store
,Amazon,1185732,2/12/21,Northeast,Vermont,Burlington,Women's Athletic Footwear,$40.00 ,150,"$60,000 ","$21,000 ",35%,In-store
,Amazon,1185732,2/12/21,Northeast,Vermont,Burlington,Men's Apparel,$55.00 ,225,"$123,750 ","$43,313 ",35%,In-store
,Amazon,1185732,2/12/21,Northeast,Vermont,Burlington,Women's Apparel,$45.00 ,325,"$146,250 ","$58,500 ",40%,In-store
,Amazon,1185732,3/10/21,Northeast,Vermont,Burlington,Men's Street Footwear,$45.00 ,545,"$245,250 ","$110,363 ",45%,In-store
,Amazon,1185732,3/10/21,Northeast,Vermont,Burlington,Men's Athletic Footwear,$45.00 ,250,"$112,500 ","$50,625 ",45%,In-store
,Amazon,1185732,3/10/21,Northeast,Vermont,Burlington,Women's Street Footwear,$35.00 ,275,"$96,250 ","$33,688 ",35%,In-store
,Amazon,1185732,3/10/21,Northeast,Vermont,Burlington,Women's Athletic Footwear,$40.00 ,125,"$50,000 ","$17,500 ",35%,In-store
,Amazon,1185732,3/10/21,Northeast,Vermont,Burlington,Men's Apparel,$55.00 ,175,"$96,250 ","$33,688 ",35%,In-store
,Amazon,1185732,3/10/21,Northeast,Vermont,Burlington,Women's Apparel,$45.00 ,275,"$123,750 ","$49,500 ",40%,In-store
,Amazon,1185732,4/11/21,Northeast,Vermont,Burlington,Men's Street Footwear,$45.00 ,525,"$236,250 ","$106,313 ",45%,In-store
,Amazon,1185732,4/11/21,Northeast,Vermont,Burlington,Men's Athletic Footwear,$45.00 ,225,"$101,250 ","$45,563 ",45%,In-store
,Amazon,1185732,4/11/21,Northeast,Vermont,Burlington,Women's Street Footwear,$35.00 ,225,"$78,750 ","$27,563 ",35%,In-store
,Amazon,1185732,4/11/21,Northeast,Vermont,Burlington,Women's Athletic Footwear,$40.00 ,150,"$60,000 ","$21,000 ",35%,In-store
,Amazon,1185732,4/11/21,Northeast,Vermont,Burlington,Men's Apparel,$55.00 ,150,"$82,500 ","$28,875 ",35%,In-store
,Amazon,1185732,4/11/21,Northeast,Vermont,Burlington,Women's Apparel,$45.00 ,300,"$135,000 ","$54,000 ",40%,In-store
,Amazon,1185732,5/10/21,Northeast,Vermont,Burlington,Men's Street Footwear,$60.00 ,570,"$342,000 ","$153,900 ",45%,In-store
,Amazon,1185732,5/10/21,Northeast,Vermont,Burlington,Men's Athletic Footwear,$55.00 ,275,"$151,250 ","$68,063 ",45%,In-store
,Amazon,1185732,5/10/21,Northeast,Vermont,Burlington,Women's Street Footwear,$50.00 ,300,"$150,000 ","$52,500 ",35%,In-store
,Amazon,1185732,5/10/21,Northeast,Vermont,Burlington,Women's Athletic Footwear,$50.00 ,250,"$125,000 ","$43,750 ",35%,In-store
,Amazon,1185732,5/10/21,Northeast,Vermont,Burlington,Men's Apparel,$60.00 ,275,"$165,000 ","$57,750 ",35%,In-store
,Amazon,1185732,5/10/21,Northeast,Vermont,Burlington,Women's Apparel,$65.00 ,400,"$260,000 ","$104,000 ",40%,In-store
,Amazon,1185732,6/12/21,Northeast,Vermont,Burlington,Men's Street Footwear,$60.00 ,650,"$390,000 ","$175,500 ",45%,In-store
,Amazon,1185732,6/12/21,Northeast,Vermont,Burlington,Men's Athletic Footwear,$55.00 ,400,"$220,000 ","$99,000 ",45%,In-store
,Amazon,1185732,6/12/21,Northeast,Vermont,Burlington,Women's Street Footwear,$50.00 ,325,"$162,500 ","$56,875 ",35%,In-store
,Amazon,1185732,6/12/21,Northeast,Vermont,Burlington,Women's Athletic Footwear,$50.00 ,300,"$150,000 ","$52,500 ",35%,In-store
,Amazon,1185732,6/12/21,Northeast,Vermont,Burlington,Men's Apparel,$60.00 ,300,"$180,000 ","$63,000 ",35%,In-store
,Amazon,1185732,6/12/21,Northeast,Vermont,Burlington,Women's Apparel,$65.00 ,450,"$292,500 ","$117,000 ",40%,In-store
,Amazon,1185732,7/10/21,Northeast,Vermont,Burlington,Men's Street Footwear,$60.00 ,675,"$405,000 ","$182,250 ",45%,In-store
,Amazon,1185732,7/10/21,Northeast,Vermont,Burlington,Men's Athletic Footwear,$55.00 ,425,"$233,750 ","$105,188 ",45%,In-store
,Amazon,1185732,7/10/21,Northeast,Vermont,Burlington,Women's Street Footwear,$50.00 ,350,"$175,000 ","$61,250 ",35%,In-store
,Amazon,1185732,7/10/21,Northeast,Vermont,Burlington,Women's Athletic Footwear,$50.00 ,300,"$150,000 ","$52,500 ",35%,In-store
,Amazon,1185732,7/10/21,Northeast,Vermont,Burlington,Men's Apparel,$60.00 ,325,"$195,000 ","$68,250 ",35%,In-store
,Amazon,1185732,7/10/21,Northeast,Vermont,Burlington,Women's Apparel,$65.00 ,500,"$325,000 ","$130,000 ",40%,In-store
,Amazon,1185732,8/11/21,Northeast,Vermont,Burlington,Men's Street Footwear,$60.00 ,650,"$390,000 ","$175,500 ",45%,In-store
,Amazon,1185732,8/11/21,Northeast,Vermont,Burlington,Men's Athletic Footwear,$55.00 ,425,"$233,750 ","$105,188 ",45%,In-store
,Amazon,1185732,8/11/21,Northeast,Vermont,Burlington,Women's Street Footwear,$50.00 ,350,"$175,000 ","$61,250 ",35%,In-store
,Amazon,1185732,8/11/21,Northeast,Vermont,Burlington,Women's Athletic Footwear,$50.00 ,250,"$125,000 ","$43,750 ",35%,In-store
,Amazon,1185732,8/11/21,Northeast,Vermont,Burlington,Men's Apparel,$60.00 ,225,"$135,000 ","$47,250 ",35%,In-store
,Amazon,1185732,8/11/21,Northeast,Vermont,Burlington,Women's Apparel,$65.00 ,400,"$260,000 ","$104,000 ",40%,In-store
,Amazon,1185732,9/10/21,Northeast,Vermont,Burlington,Men's Street Footwear,$60.00 ,525,"$315,000 ","$141,750 ",45%,In-store
,Amazon,1185732,9/10/21,Northeast,Vermont,Burlington,Men's Athletic Footwear,$55.00 ,325,"$178,750 ","$80,438 ",45%,In-store
,Amazon,1185732,9/10/21,Northeast,Vermont,Burlington,Women's Street Footwear,$50.00 ,225,"$112,500 ","$39,375 ",35%,In-store
,Amazon,1185732,9/10/21,Northeast,Vermont,Burlington,Women's Athletic Footwear,$50.00 ,200,"$100,000 ","$35,000 ",35%,In-store
,Amazon,1185732,9/10/21,Northeast,Vermont,Burlington,Men's Apparel,$60.00 ,200,"$120,000 ","$42,000 ",35%,In-store
,Amazon,1185732,9/10/21,Northeast,Vermont,Burlington,Women's Apparel,$65.00 ,300,"$195,000 ","$78,000 ",40%,In-store
,Amazon,1185732,10/12/21,Northeast,Vermont,Burlington,Men's Street Footwear,$65.00 ,475,"$308,750 ","$138,938 ",45%,In-store
,Amazon,1185732,10/12/21,Northeast,Vermont,Burlington,Men's Athletic Footwear,$60.00 ,300,"$180,000 ","$81,000 ",45%,In-store
,Amazon,1185732,10/12/21,Northeast,Vermont,Burlington,Women's Street Footwear,$60.00 ,200,"$120,000 ","$42,000 ",35%,In-store
,Amazon,1185732,10/12/21,Northeast,Vermont,Burlington,Women's Athletic Footwear,$60.00 ,175,"$105,000 ","$36,750 ",35%,In-store
,Amazon,1185732,10/12/21,Northeast,Vermont,Burlington,Men's Apparel,$70.00 ,175,"$122,500 ","$42,875 ",35%,In-store
,West Gear,1185732,10/12/21,Northeast,Vermont,Burlington,Women's Apparel,$75.00 ,300,"$225,000 ","$90,000 ",40%,In-store
,West Gear,1185732,11/11/21,Northeast,Vermont,Burlington,Men's Street Footwear,$70.00 ,450,"$315,000 ","$141,750 ",45%,In-store
,West Gear,1185732,11/11/21,Northeast,Vermont,Burlington,Men's Athletic Footwear,$60.00 ,325,"$195,000 ","$87,750 ",45%,In-store
,West Gear,1185732,11/11/21,Northeast,Vermont,Burlington,Women's Street Footwear,$60.00 ,320,"$192,000 ","$67,200 ",35%,In-store
,Amazon,1185732,11/11/21,Northeast,Vermont,Burlington,Women's Athletic Footwear,$60.00 ,300,"$180,000 ","$63,000 ",35%,In-store
,Amazon,1185732,11/11/21,Northeast,Vermont,Burlington,Men's Apparel,$70.00 ,275,"$192,500 ","$67,375 ",35%,In-store
,Amazon,1185732,11/11/21,Northeast,Vermont,Burlington,Women's Apparel,$75.00 ,375,"$281,250 ","$112,500 ",40%,In-store
,Amazon,1185732,12/10/21,Northeast,Vermont,Burlington,Men's Street Footwear,$70.00 ,600,"$420,000 ","$189,000 ",45%,In-store
,Amazon,1185732,12/10/21,Northeast,Vermont,Burlington,Men's Athletic Footwear,$60.00 ,400,"$240,000 ","$108,000 ",45%,In-store
,Amazon,1185732,12/10/21,Northeast,Vermont,Burlington,Women's Street Footwear,$60.00 ,375,"$225,000 ","$78,750 ",35%,In-store
,Amazon,1185732,12/10/21,Northeast,Vermont,Burlington,Women's Athletic Footwear,$60.00 ,325,"$195,000 ","$68,250 ",35%,In-store
,Amazon,1185732,12/10/21,Northeast,Vermont,Burlington,Men's Apparel,$70.00 ,325,"$227,500 ","$79,625 ",35%,In-store
,Amazon,1185732,12/10/21,Northeast,Vermont,Burlington,Women's Apparel,$75.00 ,425,"$318,750 ","$127,500 ",40%,In-store
,Amazon,1185732,1/21/21,Northeast,Vermont,Burlington,Men's Street Footwear,$50.00 ,525,"$262,500 ","$105,000 ",40%,In-store
,Amazon,1185732,1/21/21,Northeast,Vermont,Burlington,Men's Athletic Footwear,$50.00 ,325,"$162,500 ","$65,000 ",40%,In-store
,Amazon,1185732,1/21/21,Northeast,Vermont,Burlington,Women's Street Footwear,$40.00 ,325,"$130,000 ","$39,000 ",30%,In-store
,Amazon,1185732,1/21/21,Northeast,Vermont,Burlington,Women's Athletic Footwear,$45.00 ,175,"$78,750 ","$23,625 ",30%,In-store
,Amazon,1185732,1/21/21,Northeast,Vermont,Burlington,Men's Apparel,$60.00 ,225,"$135,000 ","$40,500 ",30%,In-store
,Amazon,1185732,1/21/21,Northeast,Vermont,Burlington,Women's Apparel,$50.00 ,325,"$162,500 ","$56,875 ",35%,In-store
,Amazon,1185732,2/19/21,Northeast,Vermont,Burlington,Men's Street Footwear,$50.00 ,600,"$300,000 ","$120,000 ",40%,In-store
,Amazon,1185732,2/19/21,Northeast,Vermont,Burlington,Men's Athletic Footwear,$50.00 ,250,"$125,000 ","$50,000 ",40%,In-store
,Amazon,1185732,2/19/21,Northeast,Vermont,Burlington,Women's Street Footwear,$40.00 ,300,"$120,000 ","$36,000 ",30%,In-store
,Amazon,1185732,2/19/21,Northeast,New Hampshire,Manchester,Women's Athletic Footwear,$45.00 ,200,"$90,000 ","$27,000 ",30%,In-store
,Amazon,1185732,2/19/21,Northeast,New Hampshire,Manchester,Men's Apparel,$60.00 ,275,"$165,000 ","$49,500 ",30%,In-store
,Amazon,1185732,2/19/21,Northeast,New Hampshire,Manchester,Women's Apparel,$50.00 ,375,"$187,500 ","$65,625 ",35%,In-store
,Amazon,1185732,3/17/21,Northeast,New Hampshire,Manchester,Men's Street Footwear,$50.00 ,570,"$285,000 ","$114,000 ",40%,In-store
,Amazon,1185732,3/17/21,Northeast,New Hampshire,Manchester,Men's Athletic Footwear,$50.00 ,275,"$137,500 ","$55,000 ",40%,In-store
,Amazon,1185732,3/17/21,Northeast,New Hampshire,Manchester,Women's Street Footwear,$40.00 ,300,"$120,000 ","$36,000 ",30%,In-store
,Amazon,1185732,3/17/21,Northeast,New Hampshire,Manchester,Women's Athletic Footwear,$45.00 ,150,"$67,500 ","$20,250 ",30%,In-store
,Amazon,1185732,3/17/21,Northeast,New Hampshire,Manchester,Men's Apparel,$60.00 ,200,"$120,000 ","$36,000 ",30%,In-store
,Amazon,1185732,3/17/21,Northeast,New Hampshire,Manchester,Women's Apparel,$50.00 ,300,"$150,000 ","$52,500 ",35%,In-store
,Amazon,1185732,4/18/21,Northeast,New Hampshire,Manchester,Men's Street Footwear,$50.00 ,550,"$275,000 ","$110,000 ",40%,In-store
,Amazon,1185732,4/18/21,Northeast,New Hampshire,Manchester,Men's Athletic Footwear,$50.00 ,250,"$125,000 ","$50,000 ",40%,In-store
,Amazon,1185732,4/18/21,Northeast,New Hampshire,Manchester,Women's Street Footwear,$40.00 ,250,"$100,000 ","$30,000 ",30%,In-store
,Amazon,1185732,4/18/21,Northeast,New Hampshire,Manchester,Women's Athletic Footwear,$45.00 ,175,"$78,750 ","$23,625 ",30%,In-store
,Amazon,1185732,4/18/21,Northeast,New Hampshire,Manchester,Men's Apparel,$60.00 ,175,"$105,000 ","$31,500 ",30%,In-store
,Amazon,1185732,4/18/21,Northeast,New Hampshire,Manchester,Women's Apparel,$50.00 ,325,"$162,500 ","$56,875 ",35%,In-store
,Amazon,1185732,5/17/21,Northeast,New Hampshire,Manchester,Men's Street Footwear,$65.00 ,595,"$386,750 ","$154,700 ",40%,In-store
,Amazon,1185732,5/17/21,Northeast,New Hampshire,Manchester,Men's Athletic Footwear,$60.00 ,300,"$180,000 ","$72,000 ",40%,In-store
,Amazon,1185732,5/17/21,Northeast,New Hampshire,Manchester,Women's Street Footwear,$55.00 ,325,"$178,750 ","$53,625 ",30%,In-store
,Amazon,1185732,5/17/21,Northeast,New Hampshire,Manchester,Women's Athletic Footwear,$55.00 ,275,"$151,250 ","$45,375 ",30%,In-store
,Amazon,1185732,5/17/21,Northeast,New Hampshire,Manchester,Men's Apparel,$65.00 ,300,"$195,000 ","$58,500 ",30%,In-store
,Amazon,1185732,5/17/21,Northeast,New Hampshire,Manchester,Women's Apparel,$70.00 ,425,"$297,500 ","$104,125 ",35%,In-store
,Amazon,1185732,6/19/21,Northeast,New Hampshire,Manchester,Men's Street Footwear,$65.00 ,675,"$438,750 ","$175,500 ",40%,In-store
,Amazon,1185732,6/19/21,Northeast,New Hampshire,Manchester,Men's Athletic Footwear,$60.00 ,425,"$255,000 ","$102,000 ",40%,In-store
,Amazon,1185732,6/19/21,Northeast,New Hampshire,Manchester,Women's Street Footwear,$55.00 ,350,"$192,500 ","$57,750 ",30%,In-store
,Amazon,1185732,6/19/21,Northeast,New Hampshire,Manchester,Women's Athletic Footwear,$55.00 ,325,"$178,750 ","$53,625 ",30%,In-store
,Amazon,1185732,6/19/21,Northeast,New Hampshire,Manchester,Men's Apparel,$65.00 ,325,"$211,250 ","$63,375 ",30%,In-store
,Amazon,1185732,6/19/21,Northeast,New Hampshire,Manchester,Women's Apparel,$70.00 ,475,"$332,500 ","$116,375 ",35%,In-store
,Amazon,1185732,7/17/21,Northeast,New Hampshire,Manchester,Men's Street Footwear,$65.00 ,700,"$455,000 ","$182,000 ",40%,In-store
,Amazon,1185732,7/17/21,Northeast,New Hampshire,Manchester,Men's Athletic Footwear,$60.00 ,450,"$270,000 ","$108,000 ",40%,Outlet
,Amazon,1185732,7/17/21,Northeast,New Hampshire,Manchester,Women's Street Footwear,$55.00 ,375,"$206,250 ","$61,875 ",30%,Outlet
,Amazon,1185732,7/17/21,Northeast,New Hampshire,Manchester,Women's Athletic Footwear,$55.00 ,325,"$178,750 ","$53,625 ",30%,Outlet
,Amazon,1185732,7/17/21,Northeast,New Hampshire,Manchester,Men's Apparel,$65.00 ,350,"$227,500 ","$68,250 ",30%,Outlet
,Amazon,1185732,7/17/21,Northeast,New Hampshire,Manchester,Women's Apparel,$70.00 ,525,"$367,500 ","$128,625 ",35%,Outlet
,Amazon,1185732,8/18/21,Northeast,New Hampshire,Manchester,Men's Street Footwear,$65.00 ,675,"$438,750 ","$175,500 ",40%,Outlet
,Amazon,1185732,8/18/21,Northeast,New Hampshire,Manchester,Men's Athletic Footwear,$60.00 ,450,"$270,000 ","$108,000 ",40%,Outlet
,Amazon,1185732,8/18/21,Northeast,New Hampshire,Manchester,Women's Street Footwear,$55.00 ,375,"$206,250 ","$61,875 ",30%,Outlet
,Amazon,1185732,8/18/21,Northeast,New Hampshire,Manchester,Women's Athletic Footwear,$55.00 ,275,"$151,250 ","$45,375 ",30%,Outlet
,Amazon,1185732,8/18/21,Northeast,New Hampshire,Manchester,Men's Apparel,$65.00 ,250,"$162,500 ","$48,750 ",30%,Outlet
,Amazon,1185732,8/18/21,Northeast,New Hampshire,Manchester,Women's Apparel,$70.00 ,425,"$297,500 ","$104,125 ",35%,Outlet
,Amazon,1185732,9/17/21,Northeast,New Hampshire,Manchester,Men's Street Footwear,$65.00 ,550,"$357,500 ","$143,000 ",40%,Outlet
,Amazon,1185732,9/17/21,Northeast,New Hampshire,Manchester,Men's Athletic Footwear,$60.00 ,350,"$210,000 ","$84,000 ",40%,Outlet
,Amazon,1185732,9/17/21,Northeast,New Hampshire,Manchester,Women's Street Footwear,$55.00 ,250,"$137,500 ","$41,250 ",30%,Outlet
,Amazon,1185732,9/17/21,Northeast,New Hampshire,Manchester,Women's Athletic Footwear,$55.00 ,225,"$123,750 ","$37,125 ",30%,Outlet
,Amazon,1185732,9/17/21,Northeast,New Hampshire,Manchester,Men's Apparel,$65.00 ,225,"$146,250 ","$43,875 ",30%,Outlet
,Amazon,1185732,9/17/21,Northeast,New Hampshire,Manchester,Women's Apparel,$70.00 ,325,"$227,500 ","$79,625 ",35%,Outlet
,Foot Locker,1185732,10/19/21,Northeast,New Hampshire,Manchester,Men's Street Footwear,$70.00 ,475,"$332,500 ","$133,000 ",40%,Outlet
,Foot Locker,1185732,10/19/21,Northeast,New Hampshire,Manchester,Men's Athletic Footwear,$65.00 ,300,"$195,000 ","$78,000 ",40%,Outlet
,Foot Locker,1185732,10/19/21,Northeast,New Hampshire,Manchester,Women's Street Footwear,$65.00 ,200,"$130,000 ","$39,000 ",30%,Outlet
,Foot Locker,1185732,10/19/21,Northeast,New Hampshire,Manchester,Women's Athletic Footwear,$65.00 ,175,"$113,750 ","$34,125 ",30%,Outlet
,Foot Locker,1185732,10/19/21,Northeast,New Hampshire,Manchester,Men's Apparel,$75.00 ,175,"$131,250 ","$39,375 ",30%,Outlet
,Foot Locker,1185732,10/19/21,Northeast,New Hampshire,Manchester,Women's Apparel,$80.00 ,300,"$240,000 ","$84,000 ",35%,Outlet
,Foot Locker,1185732,11/18/21,Northeast,New Hampshire,Manchester,Men's Street Footwear,$75.00 ,450,"$337,500 ","$135,000 ",40%,Outlet
,Foot Locker,1185732,11/18/21,Northeast,New Hampshire,Manchester,Men's Athletic Footwear,$65.00 ,325,"$211,250 ","$84,500 ",40%,Outlet
,Foot Locker,1185732,11/18/21,Northeast,New Hampshire,Manchester,Women's Street Footwear,$65.00 ,345,"$224,250 ","$67,275 ",30%,Outlet
,Foot Locker,1185732,11/18/21,Northeast,New Hampshire,Manchester,Women's Athletic Footwear,$65.00 ,325,"$211,250 ","$63,375 ",30%,Outlet
,Foot Locker,1185732,11/18/21,Northeast,New Hampshire,Manchester,Men's Apparel,$75.00 ,300,"$225,000 ","$67,500 ",30%,Outlet
,Foot Locker,1185732,11/18/21,Northeast,New Hampshire,Manchester,Women's Apparel,$80.00 ,400,"$320,000 ","$112,000 ",35%,Outlet
,Foot Locker,1185732,12/17/21,Northeast,New Hampshire,Manchester,Men's Street Footwear,$75.00 ,625,"$468,750 ","$187,500 ",40%,Outlet
,Foot Locker,1185732,12/17/21,Northeast,New Hampshire,Manchester,Men's Athletic Footwear,$65.00 ,425,"$276,250 ","$110,500 ",40%,Outlet
,Foot Locker,1185732,12/17/21,Northeast,New Hampshire,Manchester,Women's Street Footwear,$65.00 ,400,"$260,000 ","$78,000 ",30%,Outlet
,Foot Locker,1185732,12/17/21,Northeast,New Hampshire,Manchester,Women's Athletic Footwear,$65.00 ,350,"$227,500 ","$68,250 ",30%,Outlet
,Foot Locker,1185732,12/17/21,Northeast,New Hampshire,Manchester,Men's Apparel,$75.00 ,350,"$262,500 ","$78,750 ",30%,Outlet
,Foot Locker,1185732,12/17/21,Northeast,New Hampshire,Manchester,Women's Apparel,$80.00 ,450,"$360,000 ","$126,000 ",35%,Outlet
,Foot Locker,1185732,1/24/21,Northeast,New Hampshire,Manchester,Men's Street Footwear,$55.00 ,500,"$275,000 ","$96,250 ",35%,Outlet
,Foot Locker,1185732,1/24/21,Northeast,New Hampshire,Manchester,Men's Athletic Footwear,$55.00 ,300,"$165,000 ","$57,750 ",35%,Outlet
,Foot Locker,1185732,1/24/21,Northeast,New Hampshire,Manchester,Women's Street Footwear,$45.00 ,300,"$135,000 ","$33,750 ",25%,Outlet
,Foot Locker,1185732,1/24/21,Northeast,New Hampshire,Manchester,Women's Athletic Footwear,$50.00 ,150,"$75,000 ","$18,750 ",25%,Outlet
,Foot Locker,1185732,1/24/21,Northeast,New Hampshire,Manchester,Men's Apparel,$65.00 ,200,"$130,000 ","$32,500 ",25%,Outlet
,Foot Locker,1185732,1/24/21,Northeast,New Hampshire,Manchester,Women's Apparel,$55.00 ,300,"$165,000 ","$49,500 ",30%,Outlet
,Foot Locker,1185732,2/22/21,Northeast,New Hampshire,Manchester,Men's Street Footwear,$55.00 ,575,"$316,250 ","$110,688 ",35%,Outlet
,Foot Locker,1185732,2/22/21,Northeast,New Hampshire,Manchester,Men's Athletic Footwear,$55.00 ,225,"$123,750 ","$43,313 ",35%,Outlet
,Foot Locker,1185732,2/22/21,Northeast,New Hampshire,Manchester,Women's Street Footwear,$45.00 ,275,"$123,750 ","$30,938 ",25%,Outlet
,Foot Locker,1185732,1/1/20,Northeast,New York,New York,Men's Street Footwear,$47.00 ,336,"$15,792 ","$9,633 ",61%,Online
,Foot Locker,1185732,1/2/20,Northeast,New York,New York,Men's Athletic Footwear,$47.00 ,260,"$12,220 ","$5,132 ",42%,Online
,Foot Locker,1185732,1/3/20,Northeast,New York,New York,Women's Street Footwear,$36.00 ,250,"$9,000 ","$4,140 ",46%,Online
,Foot Locker,1185732,1/4/20,Northeast,New York,New York,Women's Athletic Footwear,$41.00 ,247,"$10,127 ","$4,658 ",46%,Online
,Foot Locker,1185732,1/5/20,Northeast,New York,New York,Men's Apparel,$55.00 ,234,"$12,870 ","$5,148 ",40%,Online
,Foot Locker,1185732,1/6/20,Northeast,New York,New York,Women's Apparel,$46.00 ,260,"$11,960 ","$4,425 ",37%,Online
,Foot Locker,1185732,1/7/20,Northeast,New York,New York,Men's Street Footwear,$46.00 ,313,"$14,398 ","$8,927 ",62%,Online
,Foot Locker,1185732,1/8/20,Northeast,New York,New York,Men's Athletic Footwear,$46.00 ,261,"$12,006 ","$5,283 ",44%,Online
,Foot Locker,1185732,1/21/20,Northeast,New York,New York,Women's Street Footwear,$36.00 ,276,"$9,936 ","$4,670 ",47%,Online
,Foot Locker,1185732,1/22/20,Northeast,New York,New York,Women's Athletic Footwear,$44.00 ,206,"$9,064 ","$4,441 ",49%,Online
,Foot Locker,1185732,1/23/20,Northeast,New York,New York,Men's Apparel,$58.00 ,243,"$14,094 ","$6,060 ",43%,Online
,Foot Locker,1185732,1/24/20,Northeast,New York,New York,Women's Apparel,$48.00 ,290,"$13,920 ","$5,290 ",38%,Online
,Foot Locker,1185732,1/25/20,Northeast,New York,New York,Men's Street Footwear,$46.00 ,354,"$16,284 ","$10,259 ",63%,Online
,Foot Locker,1185732,1/26/20,Northeast,New York,New York,Men's Athletic Footwear,$48.00 ,259,"$12,432 ","$5,346 ",43%,Online
,Foot Locker,1185732,1/27/20,Northeast,New York,New York,Women's Street Footwear,$39.00 ,247,"$9,633 ","$4,720 ",49%,Online
,Foot Locker,1185732,1/28/20,Northeast,New York,New York,Women's Athletic Footwear,$43.00 ,216,"$9,288 ","$4,644 ",50%,Online
,Foot Locker,1185732,1/29/20,Northeast,New York,New York,Men's Apparel,$59.00 ,230,"$13,570 ","$5,699 ",42%,Online
,Foot Locker,1185732,1/30/20,Northeast,New York,New York,Women's Apparel,$45.00 ,238,"$10,710 ","$3,749 ",35%,Online
,Foot Locker,1185732,1/31/20,Northeast,New York,New York,Men's Street Footwear,$45.00 ,300,"$13,500 ","$8,370 ",62%,Online
,Foot Locker,1185732,2/1/20,Northeast,New York,New York,Men's Athletic Footwear,$47.00 ,234,"$10,998 ","$4,509 ",41%,Online
,Foot Locker,1185732,2/2/20,Northeast,New York,New York,Women's Street Footwear,$39.00 ,252,"$9,828 ","$4,914 ",50%,Online
,Foot Locker,1185732,2/3/20,Northeast,New York,New York,Women's Athletic Footwear,$41.00 ,239,"$9,799 ","$4,802 ",49%,Online
,Foot Locker,1185732,2/4/20,Northeast,New York,New York,Men's Apparel,$56.00 ,215,"$12,040 ","$5,057 ",42%,Online
,Foot Locker,1185732,2/5/20,Northeast,New York,New York,Women's Apparel,$49.00 ,238,"$11,662 ","$4,315 ",37%,Online
,Foot Locker,1185732,2/6/20,Northeast,New York,New York,Men's Street Footwear,$54.00 ,317,"$17,118 ","$10,956 ",64%,Online
,Foot Locker,1185732,2/7/20,Northeast,New York,New York,Men's Athletic Footwear,$50.00 ,259,"$12,950 ","$5,180 ",40%,Online
,Foot Locker,1185732,2/8/20,Northeast,New York,New York,Women's Street Footwear,$46.00 ,261,"$12,006 ","$5,643 ",47%,Online
,Foot Locker,1185732,2/9/20,Northeast,New York,New York,Women's Athletic Footwear,$46.00 ,230,"$10,580 ","$5,078 ",48%,Online
,Foot Locker,1185732,2/10/20,Northeast,New York,New York,Men's Apparel,$59.00 ,245,"$14,455 ","$6,505 ",45%,Online
,Foot Locker,1185732,3/3/20,Northeast,New York,New York,Women's Apparel,$59.00 ,290,"$17,110 ","$6,160 ",36%,Online
,Foot Locker,1185732,3/4/20,Northeast,New York,New York,Men's Street Footwear,$55.00 ,313,"$17,215 ","$10,501 ",61%,Online
,Foot Locker,1185732,3/5/20,Northeast,New York,New York,Men's Athletic Footwear,$54.00 ,270,"$14,580 ","$5,978 ",41%,Online
,Foot Locker,1185732,3/6/20,Northeast,New York,New York,Women's Street Footwear,$46.00 ,278,"$12,788 ","$6,138 ",48%,Online
,Foot Locker,1185732,3/7/20,Northeast,New York,New York,Women's Athletic Footwear,$47.00 ,261,"$12,267 ","$5,520 ",45%,Online
,Foot Locker,1185732,3/8/20,Northeast,New York,New York,Men's Apparel,$55.00 ,252,"$13,860 ","$6,237 ",45%,Online
,Foot Locker,1185732,3/9/20,Northeast,New York,New York,Women's Apparel,$64.00 ,305,"$19,520 ","$7,613 ",39%,Online
,Foot Locker,1185732,3/10/20,Northeast,New York,New York,Men's Street Footwear,$59.00 ,319,"$18,821 ","$11,293 ",60%,Online
,Foot Locker,1185732,3/11/20,Northeast,New York,New York,Men's Athletic Footwear,$53.00 ,267,"$14,151 ","$5,943 ",42%,Online
,Foot Locker,1185732,3/12/20,Northeast,New York,New York,Women's Street Footwear,$46.00 ,247,"$11,362 ","$5,113 ",45%,Online
,Foot Locker,1185732,3/13/20,Northeast,New York,New York,Women's Athletic Footwear,$46.00 ,243,"$11,178 ","$5,142 ",46%,Online
,Foot Locker,1185732,3/14/20,Northeast,New York,New York,Men's Apparel,$58.00 ,231,"$13,398 ","$5,761 ",43%,Online
,Foot Locker,1185732,3/15/20,Northeast,New York,New York,Women's Apparel,$61.00 ,286,"$17,446 ","$6,978 ",40%,Online
,Foot Locker,1185732,3/16/20,Northeast,New York,New York,Men's Street Footwear,$58.00 ,325,"$18,850 ","$11,499 ",61%,Online
,Foot Locker,1185732,3/17/20,Northeast,New York,New York,Men's Athletic Footwear,$53.00 ,308,"$16,324 ","$6,693 ",41%,Online
,Foot Locker,1185732,3/18/20,Northeast,New York,New York,Women's Street Footwear,$45.00 ,257,"$11,565 ","$5,320 ",46%,Online
,Foot Locker,1185732,3/31/20,Northeast,New York,New York,Women's Athletic Footwear,$47.00 ,241,"$11,327 ","$5,324 ",47%,Online
,Walmart,1185732,4/17/20,Northeast,New York,New York,Men's Apparel,$54.00 ,270,"$14,580 ","$6,561 ",45%,Online
,Walmart,1185732,4/18/20,Northeast,New York,New York,Women's Apparel,$62.00 ,290,"$17,980 ","$6,653 ",37%,Online
,Walmart,1185732,4/19/20,Northeast,New York,New York,Men's Street Footwear,$56.00 ,360,"$20,160 ","$12,499 ",62%,Online
,Walmart,1185732,4/20/20,Northeast,New York,New York,Men's Athletic Footwear,$50.00 ,270,"$13,500 ","$5,940 ",44%,Online
,Walmart,1185732,4/21/20,Northeast,New York,New York,Women's Street Footwear,$47.00 ,268,"$12,596 ","$5,920 ",47%,Online
,Walmart,1185732,4/22/20,Northeast,New York,New York,Women's Athletic Footwear,$47.00 ,252,"$11,844 ","$5,448 ",46%,Online
,Walmart,1185732,4/23/20,Northeast,New York,New York,Men's Apparel,$58.00 ,252,"$14,616 ","$5,846 ",40%,Online
,Walmart,1185732,4/24/20,Northeast,New York,New York,Women's Apparel,$59.00 ,280,"$16,520 ","$6,608 ",40%,Online
,Walmart,1185732,4/25/20,Northeast,New York,New York,Men's Apparel,$64.00 ,236,"$15,104 ","$6,344 ",42%,Online
,Walmart,1185732,4/26/20,Northeast,New York,New York,Women's Apparel,$68.00 ,290,"$19,720 ","$7,494 ",38%,Online
,Walmart,1185732,4/27/20,Northeast,New York,New York,Men's Street Footwear,$60.00 ,299,"$17,940 ","$10,764 ",60%,Online
,Walmart,1185732,4/28/20,Northeast,New York,New York,Men's Athletic Footwear,$53.00 ,273,"$14,469 ","$6,222 ",43%,Online
,Walmart,1185732,4/29/20,Northeast,New York,New York,Women's Street Footwear,$52.00 ,258,"$13,416 ","$6,440 ",48%,Online
,Walmart,1185732,4/30/20,Northeast,New York,New York,Women's Athletic Footwear,$50.00 ,252,"$12,600 ","$6,174 ",49%,Online
,Walmart,1185732,5/1/20,Northeast,New York,New York,Men's Apparel,$64.00 ,254,"$16,256 ","$6,828 ",42%,Online
,Walmart,1185732,5/2/20,Northeast,New York,New York,Women's Apparel,$66.00 ,263,"$17,358 ","$6,422 ",37%,Online
,Walmart,1185732,5/3/20,Northeast,New York,New York,Men's Street Footwear,$62.00 ,312,"$19,344 ","$12,380 ",64%,Online
,Walmart,1185732,5/4/20,Northeast,New York,New York,Men's Athletic Footwear,$51.00 ,300,"$15,300 ","$6,426 ",42%,Online
,Walmart,1185732,5/5/20,Northeast,New York,New York,Women's Street Footwear,$54.00 ,285,"$15,390 ","$7,233 ",47%,Online
,Walmart,1185732,5/6/20,Northeast,New York,New York,Women's Athletic Footwear,$54.00 ,225,"$12,150 ","$5,589 ",46%,Online
,Walmart,1185732,5/7/20,Northeast,New York,New York,Men's Apparel,$60.00 ,261,"$15,660 ","$6,734 ",43%,Online
,Walmart,1185732,7/18/20,Northeast,New York,New York,Women's Apparel,$68.00 ,290,"$19,720 ","$6,902 ",35%,Online
,Sports Direct,1197831,7/19/20,Northeast,New York,New York,Men's Street Footwear,$24.00 ,234,"$5,616 ","$2,640 ",47%,Online
,Sports Direct,1197831,7/20/20,Northeast,New York,New York,Men's Athletic Footwear,$34.00 ,225,"$7,650 ","$3,749 ",49%,Online
,Sports Direct,1197831,7/21/20,Northeast,New York,New York,Women's Street Footwear,$33.00 ,210,"$6,930 ","$3,188 ",46%,Online
,Sports Direct,1197831,7/22/20,Northeast,New York,New York,Women's Athletic Footwear,$34.00 ,175,"$5,950 ","$3,273 ",55%,Online
,Sports Direct,1197831,7/23/20,South,Texas,Houston,Men's Apparel,$36.00 ,154,"$5,544 ","$2,384 ",43%,Online
,Sports Direct,1197831,7/24/20,South,Texas,Houston,Women's Apparel,$34.00 ,203,"$6,902 ","$4,417 ",64%,Online
,Sports Direct,1197831,7/25/20,South,Texas,Houston,Men's Street Footwear,$23.00 ,213,"$4,899 ","$2,450 ",50%,Online
,Sports Direct,1197831,7/26/20,South,Texas,Houston,Men's Athletic Footwear,$33.00 ,255,"$8,415 ","$3,787 ",45%,Online
,Sports Direct,1197831,7/27/20,South,Texas,Houston,Women's Street Footwear,$32.00 ,176,"$5,632 ","$2,534 ",45%,Online
,Sports Direct,1197831,7/28/20,South,Texas,Houston,Women's Athletic Footwear,$34.00 ,175,"$5,950 ","$3,570 ",60%,Online
,Sports Direct,1197831,7/29/20,South,Texas,Houston,Men's Apparel,$38.00 ,125,"$4,750 ","$2,138 ",45%,Online
,Sports Direct,1197831,7/30/20,South,Texas,Houston,Women's Apparel,$34.00 ,196,"$6,664 ","$4,198 ",63%,Online
,Sports Direct,1197831,7/31/20,South,Texas,Houston,Men's Street Footwear,$29.00 ,254,"$7,366 ","$3,315 ",45%,Online
,Sports Direct,1197831,8/1/20,South,Texas,Houston,Men's Athletic Footwear,$39.00 ,236,"$9,204 ","$4,142 ",45%,Online
,Sports Direct,1197831,8/2/20,South,Texas,Houston,Women's Street Footwear,$32.00 ,182,"$5,824 ","$2,854 ",49%,Online
,Sports Direct,1197831,8/3/20,South,Texas,Houston,Women's Athletic Footwear,$37.00 ,174,"$6,438 ","$3,734 ",58%,Online
,Sports Direct,1197831,8/4/20,South,Texas,Houston,Men's Apparel,$41.00 ,125,"$5,125 ","$2,050 ",40%,Online
,Sports Direct,1197831,8/5/20,South,Texas,Houston,Women's Apparel,$39.00 ,189,"$7,371 ","$4,423 ",60%,Online
,Sports Direct,1197831,8/6/20,South,Texas,Houston,Men's Street Footwear,$27.00 ,234,"$6,318 ","$3,033 ",48%,Online
,Sports Direct,1197831,8/7/20,South,Texas,Houston,Men's Athletic Footwear,$38.00 ,225,"$8,550 ","$3,848 ",45%,Online
,Sports Direct,1197831,8/8/20,South,Texas,Houston,Women's Street Footwear,$34.00 ,203,"$6,902 ","$3,175 ",46%,Online
,Sports Direct,1197831,8/9/20,South,Texas,Houston,Women's Athletic Footwear,$36.00 ,163,"$5,868 ","$3,462 ",59%,Online
,Walmart,1197831,8/10/20,South,Texas,Houston,Men's Apparel,$42.00 ,147,"$6,174 ","$2,593 ",42%,Online
,Walmart,1197831,8/11/20,South,Texas,Houston,Women's Apparel,$39.00 ,232,"$9,048 ","$5,519 ",61%,Online
,Walmart,1197831,8/12/20,South,Texas,Houston,Men's Street Footwear,$29.00 ,268,"$7,772 ","$3,731 ",48%,Online
,Walmart,1197831,8/13/20,South,Texas,Houston,Men's Athletic Footwear,$38.00 ,259,"$9,842 ","$4,527 ",46%,Online
,Walmart,1197831,8/14/20,South,Texas,Houston,Women's Street Footwear,$33.00 ,225,"$7,425 ","$3,564 ",48%,Online
,Walmart,1197831,8/15/20,South,Texas,Houston,Women's Athletic Footwear,$39.00 ,189,"$7,371 ","$4,275 ",58%,Online
,Walmart,1197831,8/16/20,South,Texas,Houston,Men's Apparel,$42.00 ,168,"$7,056 ","$2,822 ",40%,Online
,Walmart,1197831,8/17/20,South,Texas,Houston,Women's Apparel,$37.00 ,276,"$10,212 ","$6,434 ",63%,Online
,Walmart,1197831,8/18/20,South,Texas,Houston,Men's Street Footwear,$39.00 ,238,"$9,282 ","$4,363 ",47%,Online
,Walmart,1197831,8/19/20,South,Texas,Houston,Men's Athletic Footwear,$42.00 ,238,"$9,996 ","$4,498 ",45%,Online
,Walmart,1197831,8/20/20,South,Texas,Houston,Women's Street Footwear,$37.00 ,232,"$8,584 ","$4,206 ",49%,Online
,Walmart,1197831,8/21/20,South,Texas,Houston,Women's Athletic Footwear,$38.00 ,203,"$7,714 ","$4,397 ",57%,Online
,Walmart,1197831,8/22/20,South,Texas,Houston,Men's Apparel,$41.00 ,169,"$6,929 ","$3,118 ",45%,Online
,Walmart,1197831,8/23/20,South,Texas,Houston,Women's Apparel,$47.00 ,250,"$11,750 ","$7,520 ",64%,Online
,Walmart,1197831,8/24/20,South,Texas,Houston,Men's Street Footwear,$37.00 ,238,"$8,806 ","$3,963 ",45%,Online
,Walmart,1197831,8/25/20,South,Texas,Houston,Men's Athletic Footwear,$42.00 ,238,"$9,996 ","$4,598 ",46%,Online
,Walmart,1197831,8/26/20,South,Texas,Houston,Women's Street Footwear,$37.00 ,319,"$11,803 ","$5,311 ",45%,Online
,Walmart,1197831,8/27/20,South,Texas,Houston,Women's Athletic Footwear,$36.00 ,210,"$7,560 ","$4,536 ",60%,Online
,Walmart,1197831,8/28/20,South,Texas,Houston,Men's Apparel,$41.00 ,196,"$8,036 ","$3,214 ",40%,Online
,Walmart,1197831,8/29/20,South,Texas,Houston,Women's Apparel,$47.00 ,293,"$13,771 ","$8,676 ",63%,Online
,Walmart,1197831,8/30/20,South,Texas,Houston,Men's Street Footwear,$37.00 ,268,"$9,916 ","$4,859 ",49%,Online
,Walmart,1197831,8/31/20,South,Texas,Houston,Men's Athletic Footwear,$41.00 ,259,"$10,619 ","$4,779 ",45%,Online
,Walmart,1197831,9/1/20,South,Texas,Houston,Women's Street Footwear,$39.00 ,297,"$11,583 ","$5,328 ",46%,Online
,Walmart,1197831,9/2/20,South,Texas,Houston,Women's Athletic Footwear,$38.00 ,189,"$7,182 ","$4,237 ",59%,Online
,Walmart,1197831,9/3/20,South,Texas,Houston,Men's Apparel,$41.00 ,169,"$6,929 ","$2,772 ",40%,Online
,Walmart,1197831,9/4/20,South,Texas,Houston,Women's Apparel,$46.00 ,225,"$10,350 ","$6,728 ",65%,Online
,Walmart,1197831,9/5/20,South,Texas,Houston,Men's Street Footwear,$44.00 ,255,"$11,220 ","$5,386 ",48%,Online
,Walmart,1197831,9/6/20,South,Texas,Houston,Men's Athletic Footwear,$41.00 ,213,"$8,733 ","$4,017 ",46%,Online
,Walmart,1197831,9/7/20,South,Texas,Houston,Women's Street Footwear,$46.00 ,234,"$10,764 ","$5,274 ",49%,Online
,Walmart,1197831,9/8/20,South,Texas,Houston,Women's Athletic Footwear,$47.00 ,181,"$8,507 ","$4,679 ",55%,Online
,Walmart,1197831,9/9/20,South,Texas,Houston,Men's Apparel,$44.00 ,175,"$7,700 ","$3,311 ",43%,Online
,Walmart,1197831,9/10/20,South,Texas,Houston,Women's Apparel,$50.00 ,213,"$10,650 ","$6,816 ",64%,Online
,Walmart,1197831,9/11/20,South,Texas,Houston,Men's Street Footwear,$44.00 ,240,"$10,560 ","$5,280 ",50%,Online
,Walmart,1197831,9/12/20,South,Texas,Houston,Men's Athletic Footwear,$43.00 ,216,"$9,288 ","$4,365 ",47%,Online
,Walmart,1197831,9/13/20,South,Texas,Houston,Women's Street Footwear,$48.00 ,188,"$9,024 ","$4,241 ",47%,Online
,Walmart,1197831,9/14/20,South,Texas,Houston,Women's Athletic Footwear,$45.00 ,168,"$7,560 ","$4,385 ",58%,Online
,Walmart,1197831,9/15/20,South,Texas,Houston,Men's Apparel,$42.00 ,150,"$6,300 ","$2,583 ",41%,Online
,Walmart,1197831,9/16/20,South,Texas,Houston,Women's Apparel,$53.00 ,210,"$11,130 ","$6,901 ",62%,Online
,Walmart,1197831,10/20/20,South,Texas,Houston,Men's Street Footwear,$43.00 ,234,"$10,062 ","$4,930 ",49%,Online
,Walmart,1197831,10/21/20,South,Texas,Houston,Men's Athletic Footwear,$43.00 ,243,"$10,449 ","$5,120 ",49%,Online
,Walmart,1197831,10/22/20,South,Texas,Houston,Women's Street Footwear,$47.00 ,206,"$9,682 ","$4,647 ",48%,Online
,Walmart,1197831,10/23/20,South,Texas,Houston,Women's Athletic Footwear,$48.00 ,203,"$9,744 ","$5,359 ",55%,Online
,Walmart,1197831,10/24/20,South,Texas,Houston,Men's Apparel,$42.00 ,195,"$8,190 ","$3,686 ",45%,Online
,Walmart,1197831,10/25/20,South,Texas,Houston,Women's Apparel,$51.00 ,247,"$12,597 ","$7,810 ",62%,Online
,Walmart,1197831,10/26/20,South,Texas,Houston,Men's Street Footwear,$41.00 ,238,"$9,758 ","$4,684 ",48%,Online
,Walmart,1197831,10/27/20,South,Texas,Houston,Men's Athletic Footwear,$44.00 ,285,"$12,540 ","$6,019 ",48%,Online
,Walmart,1197831,10/28/20,South,Texas,Houston,Women's Street Footwear,$47.00 ,255,"$11,985 ","$5,873 ",49%,Online
,Walmart,1197831,10/29/20,South,Texas,Houston,Women's Athletic Footwear,$47.00 ,182,"$8,554 ","$4,961 ",58%,Online
,Walmart,1197831,10/30/20,South,Texas,Houston,Men's Apparel,$42.00 ,169,"$7,098 ","$3,194 ",45%,Online
,Walmart,1197831,10/31/20,South,Texas,Houston,Women's Apparel,$53.00 ,261,"$13,833 ","$8,576 ",62%,Online
,West Gear,1128299,11/1/20,South,Texas,Houston,Men's Street Footwear,$37.00 ,209,"$7,733 ","$3,480 ",45%,Online
,West Gear,1128299,11/2/20,South,Texas,Houston,Men's Athletic Footwear,$49.00 ,194,"$9,506 ","$2,947 ",31%,Online
,West Gear,1128299,11/3/20,South,Texas,Houston,Women's Street Footwear,$46.00 ,217,"$9,982 ","$4,492 ",45%,Online
,West Gear,1128299,11/4/20,South,Texas,Houston,Women's Athletic Footwear,$48.00 ,175,"$8,400 ","$3,360 ",40%,Online
,West Gear,1128299,11/5/20,West,California,San Francisco,Men's Apparel,$51.00 ,161,"$8,211 ","$5,173 ",63%,Online
,West Gear,1128299,11/6/20,West,California,San Francisco,Women's Apparel,$49.00 ,233,"$11,417 ","$2,854 ",25%,Online
,West Gear,1128299,11/7/20,West,California,San Francisco,Men's Street Footwear,$37.00 ,223,"$8,251 ","$4,126 ",50%,Online
,West Gear,1128299,11/8/20,West,California,San Francisco,Men's Athletic Footwear,$49.00 ,210,"$10,290 ","$3,190 ",31%,Online
,West Gear,1128299,11/9/20,West,California,San Francisco,Women's Street Footwear,$49.00 ,196,"$9,604 ","$4,706 ",49%,Online
,West Gear,1128299,11/10/20,West,California,San Francisco,Women's Athletic Footwear,$47.00 ,150,"$7,050 ","$2,961 ",42%,Online
,West Gear,1128299,11/11/20,West,California,San Francisco,Men's Apparel,$50.00 ,140,"$7,000 ","$4,270 ",61%,Online
,West Gear,1128299,11/12/20,West,California,San Francisco,Women's Apparel,$46.00 ,182,"$8,372 ","$2,344 ",28%,Online
,West Gear,1128299,11/13/20,West,California,San Francisco,Men's Street Footwear,$49.00 ,230,"$11,270 ","$5,072 ",45%,Online
,West Gear,1128299,11/14/20,West,California,San Francisco,Men's Athletic Footwear,$58.00 ,175,"$10,150 ","$3,045 ",30%,Online
,West Gear,1128299,11/15/20,West,California,San Francisco,Women's Street Footwear,$55.00 ,203,"$11,165 ","$5,248 ",47%,Online
,West Gear,1128299,12/22/20,West,California,San Francisco,Women's Athletic Footwear,$58.00 ,174,"$10,092 ","$4,340 ",43%,Online
,West Gear,1128299,12/23/20,West,California,San Francisco,Men's Apparel,$62.00 ,145,"$8,990 ","$5,664 ",63%,Online
,West Gear,1128299,12/24/20,West,California,San Francisco,Women's Apparel,$54.00 ,210,"$11,340 ","$3,062 ",27%,Online
,West Gear,1128299,12/25/20,West,California,San Francisco,Men's Street Footwear,$56.00 ,228,"$12,768 ","$6,001 ",47%,Online
,West Gear,1128299,12/26/20,West,California,San Francisco,Men's Athletic Footwear,$62.00 ,203,"$12,586 ","$3,776 ",30%,Online
,West Gear,1128299,12/27/20,West,California,San Francisco,Women's Street Footwear,$64.00 ,210,"$13,440 ","$6,720 ",50%,Online
,West Gear,1128299,12/28/20,West,California,San Francisco,Women's Athletic Footwear,$54.00 ,188,"$10,152 ","$4,162 ",41%,Online
,West Gear,1128299,12/29/20,West,California,San Francisco,Men's Apparel,$59.00 ,152,"$8,968 ","$5,829 ",65%,Online
,West Gear,1128299,12/30/20,West,California,San Francisco,Women's Apparel,$72.00 ,203,"$14,616 ","$3,946 ",27%,Online
,West Gear,1128299,12/31/20,West,California,San Francisco,Men's Street Footwear,$56.00 ,252,"$14,112 ","$7,056 ",50%,Online
,West Gear,1128299,1/1/21,West,California,San Francisco,Men's Athletic Footwear,$64.00 ,225,"$14,400 ","$5,184 ",36%,Online
,West Gear,1128299,1/2/21,West,California,San Francisco,Women's Street Footwear,$60.00 ,218,"$13,080 ","$6,671 ",51%,Online
,West Gear,1128299,1/3/21,West,California,San Francisco,Women's Athletic Footwear,$56.00 ,182,"$10,192 ","$4,586 ",45%,Online
,West Gear,1128299,1/4/21,West,California,San Francisco,Men's Apparel,$60.00 ,154,"$9,240 ","$6,098 ",66%,Online
,West Gear,1128299,1/5/21,West,California,San Francisco,Women's Apparel,$72.00 ,189,"$13,608 ","$4,491 ",33%,Online
,West Gear,1128299,1/6/21,West,California,San Francisco,Men's Street Footwear,$56.00 ,273,"$15,288 ","$7,644 ",50%,Online
,West Gear,1128299,1/7/21,West,California,San Francisco,Men's Athletic Footwear,$63.00 ,248,"$15,624 ","$5,781 ",37%,Online
,West Gear,1128299,1/8/21,West,California,San Francisco,Women's Street Footwear,$64.00 ,206,"$13,184 ","$7,251 ",55%,Online
,West Gear,1128299,1/9/21,West,California,San Francisco,Women's Athletic Footwear,$59.00 ,210,"$12,390 ","$6,071 ",49%,Online
,West Gear,1128299,1/10/21,West,California,San Francisco,Men's Apparel,$62.00 ,155,"$9,610 ","$6,343 ",66%,Online
,West Gear,1128299,1/11/21,West,California,San Francisco,Women's Apparel,$72.00 ,219,"$15,768 ","$5,519 ",35%,Online
,West Gear,1128299,1/12/21,West,California,San Francisco,Men's Street Footwear,$56.00 ,277,"$15,512 ","$6,980 ",45%,Online
,West Gear,1128299,1/13/21,West,California,San Francisco,Men's Athletic Footwear,$59.00 ,245,"$14,455 ","$4,915 ",34%,Online
,West Gear,1128299,1/14/21,West,California,San Francisco,Women's Street Footwear,$62.00 ,248,"$15,376 ","$7,073 ",46%,Online
,West Gear,1128299,1/15/21,West,California,San Francisco,Women's Athletic Footwear,$55.00 ,218,"$11,990 ","$4,796 ",40%,Online
,West Gear,1128299,1/16/21,West,California,San Francisco,Men's Apparel,$64.00 ,233,"$14,912 ","$9,544 ",64%,Online
,West Gear,1128299,1/17/21,West,California,San Francisco,Women's Apparel,$72.00 ,233,"$16,776 ","$4,865 ",29%,Online
,West Gear,1128299,1/18/21,West,California,San Francisco,Men's Street Footwear,$62.00 ,273,"$16,926 ","$7,786 ",46%,Online
,West Gear,1128299,1/19/21,West,California,San Francisco,Men's Athletic Footwear,$66.00 ,259,"$17,094 ","$5,128 ",30%,Online
,West Gear,1128299,1/20/21,West,California,San Francisco,Women's Street Footwear,$60.00 ,200,"$12,000 ","$5,640 ",47%,Online
,West Gear,1128299,1/21/21,West,California,San Francisco,Women's Athletic Footwear,$59.00 ,188,"$11,092 ","$4,548 ",41%,Online
,West Gear,1128299,1/22/21,West,California,San Francisco,Men's Apparel,$69.00 ,188,"$12,972 ","$7,913 ",61%,Online
,West Gear,1128299,1/23/21,West,California,San Francisco,Women's Apparel,$76.00 ,181,"$13,756 ","$3,439 ",25%,Online
,West Gear,1128299,1/24/21,West,California,San Francisco,Men's Street Footwear,$51.00 ,241,"$12,291 ","$5,162 ",42%,Online
,West Gear,1128299,1/25/21,West,California,San Francisco,Men's Athletic Footwear,$56.00 ,268,"$15,008 ","$4,202 ",28%,Online
,West Gear,1128299,1/26/21,West,California,San Francisco,Women's Street Footwear,$52.00 ,225,"$11,700 ","$4,680 ",40%,Online
,West Gear,1128299,1/27/21,West,California,San Francisco,Women's Athletic Footwear,$53.00 ,203,"$10,759 ","$3,766 ",35%,Online
,West Gear,1128299,1/28/21,West,California,San Francisco,Men's Apparel,$63.00 ,218,"$13,734 ","$7,966 ",58%,Online
,West Gear,1128299,1/29/21,West,California,San Francisco,Women's Apparel,$65.00 ,217,"$14,105 ","$3,385 ",24%,Online
,West Gear,1128299,1/30/21,West,California,San Francisco,Men's Street Footwear,$51.00 ,236,"$12,036 ","$5,416 ",45%,Online
,West Gear,1128299,1/31/21,West,California,San Francisco,Men's Athletic Footwear,$59.00 ,219,"$12,921 ","$3,747 ",29%,Online
,West Gear,1128299,2/1/21,West,California,San Francisco,Women's Street Footwear,$50.00 ,182,"$9,100 ","$3,822 ",42%,Online
,West Gear,1128299,2/2/21,West,California,San Francisco,Women's Athletic Footwear,$51.00 ,203,"$10,353 ","$3,727 ",36%,Online
,West Gear,1128299,2/3/21,West,California,San Francisco,Men's Apparel,$59.00 ,182,"$10,738 ","$6,228 ",58%,Online
,West Gear,1128299,2/4/21,West,California,San Francisco,Women's Apparel,$63.00 ,196,"$12,348 ","$2,840 ",23%,Online
,West Gear,1128299,2/5/21,West,California,San Francisco,Men's Street Footwear,$52.00 ,263,"$13,676 ","$6,017 ",44%,Online
,West Gear,1128299,2/6/21,West,California,San Francisco,Men's Athletic Footwear,$58.00 ,236,"$13,688 ","$3,422 ",25%,Online
,West Gear,1128299,2/7/21,West,California,San Francisco,Women's Street Footwear,$50.00 ,210,"$10,500 ","$4,200 ",40%,Online
,West Gear,1128299,2/8/21,West,California,San Francisco,Women's Athletic Footwear,$53.00 ,210,"$11,130 ","$4,452 ",40%,Online
,West Gear,1128299,2/9/21,West,California,San Francisco,Men's Apparel,$63.00 ,163,"$10,269 ","$5,853 ",57%,Online
,West Gear,1128299,2/10/21,West,California,San Francisco,Women's Apparel,$67.00 ,202,"$13,534 ","$2,842 ",21%,Online
,West Gear,1128299,2/11/21,West,California,San Francisco,Men's Street Footwear,$51.00 ,293,"$14,943 ","$5,977 ",40%,Online
,West Gear,1128299,2/12/21,West,California,San Francisco,Men's Athletic Footwear,$58.00 ,273,"$15,834 ","$4,275 ",27%,Online
,West Gear,1128299,2/13/21,West,California,San Francisco,Women's Street Footwear,$52.00 ,233,"$12,116 ","$4,846 ",40%,Online
,West Gear,1128299,2/14/21,West,California,San Francisco,Women's Athletic Footwear,$51.00 ,194,"$9,894 ","$3,958 ",40%,Online
,West Gear,1128299,2/15/21,West,California,San Francisco,Men's Apparel,$59.00 ,175,"$10,325 ","$6,195 ",60%,Online
,West Gear,1128299,2/16/21,West,California,San Francisco,Women's Apparel,$67.00 ,208,"$13,936 ","$3,205 ",23%,Online
,Kohl's,1189833,2/17/21,West,California,San Francisco,Men's Street Footwear,$32.00 ,203,"$6,496 ","$3,313 ",51%,Online
,Kohl's,1189833,2/18/21,West,California,San Francisco,Men's Athletic Footwear,$41.00 ,196,"$8,036 ","$2,893 ",36%,Online
,Kohl's,1189833,3/9/21,West,California,San Francisco,Women's Street Footwear,$41.00 ,189,"$7,749 ","$4,029 ",52%,Online
,Kohl's,1189833,3/10/21,West,California,San Francisco,Women's Athletic Footwear,$41.00 ,160,"$6,560 ","$3,214 ",49%,Online
,Kohl's,1189833,3/11/21,West,California,Los Angeles,Men's Apparel,$49.00 ,145,"$7,105 ","$4,689 ",66%,Online
,Kohl's,1189833,3/12/21,West,California,Los Angeles,Women's Apparel,$41.00 ,182,"$7,462 ","$2,313 ",31%,Online
,Kohl's,1189833,3/13/21,West,California,Los Angeles,Men's Street Footwear,$34.00 ,225,"$7,650 ","$4,055 ",53%,Online
,Kohl's,1189833,3/14/21,West,California,Los Angeles,Men's Athletic Footwear,$43.00 ,195,"$8,385 ","$3,354 ",40%,Online
,Kohl's,1189833,3/15/21,West,California,Los Angeles,Women's Street Footwear,$44.00 ,169,"$7,436 ","$3,718 ",50%,Online
,Kohl's,1189833,3/16/21,West,California,Los Angeles,Women's Athletic Footwear,$41.00 ,152,"$6,232 ","$3,054 ",49%,Online
,Kohl's,1189833,3/17/21,West,California,Los Angeles,Men's Apparel,$46.00 ,113,"$5,198 ","$3,535 ",68%,Online
,Kohl's,1189833,3/18/21,West,California,Los Angeles,Women's Apparel,$41.00 ,176,"$7,216 ","$2,165 ",30%,Online
,Kohl's,1189833,3/19/21,West,California,Los Angeles,Men's Street Footwear,$32.00 ,216,"$6,912 ","$3,456 ",50%,Online
,Kohl's,1189833,3/20/21,West,California,Los Angeles,Men's Athletic Footwear,$41.00 ,195,"$7,995 ","$2,798 ",35%,Online
,Kohl's,1189833,3/21/21,West,California,Los Angeles,Women's Street Footwear,$42.00 ,169,"$7,098 ","$3,904 ",55%,Online
,Kohl's,1189833,3/22/21,West,California,Los Angeles,Women's Athletic Footwear,$41.00 ,154,"$6,314 ","$2,841 ",45%,Online
,Kohl's,1189833,3/23/21,West,California,Los Angeles,Men's Apparel,$46.00 ,106,"$4,876 ","$3,316 ",68%,Online
,Kohl's,1189833,4/6/21,West,California,Los Angeles,Women's Apparel,$41.00 ,188,"$7,708 ","$2,698 ",35%,Online
,Kohl's,1189833,4/7/21,West,California,Los Angeles,Men's Street Footwear,$43.00 ,240,"$10,320 ","$5,160 ",50%,Online
,Kohl's,1189833,4/8/21,West,California,Los Angeles,Men's Athletic Footwear,$49.00 ,156,"$7,644 ","$2,752 ",36%,Online
,Kohl's,1189833,4/9/21,West,California,Los Angeles,Women's Street Footwear,$49.00 ,175,"$8,575 ","$4,716 ",55%,Online
,Kohl's,1189833,4/10/21,West,California,Los Angeles,Women's Athletic Footwear,$43.00 ,152,"$6,536 ","$3,203 ",49%,Online
,Kohl's,1189833,4/11/21,West,California,Los Angeles,Men's Apparel,$49.00 ,119,"$5,831 ","$3,848 ",66%,Online
,Kohl's,1189833,4/12/21,West,California,Los Angeles,Women's Apparel,$62.00 ,174,"$10,788 ","$3,560 ",33%,Online
,Kohl's,1189833,4/13/21,West,California,Los Angeles,Men's Street Footwear,$41.00 ,208,"$8,528 ","$4,435 ",52%,Online
,Kohl's,1189833,4/14/21,West,California,Los Angeles,Men's Athletic Footwear,$47.00 ,169,"$7,943 ","$2,780 ",35%,Online
,Kohl's,1189833,4/15/21,West,California,Los Angeles,Women's Street Footwear,$45.00 ,163,"$7,335 ","$3,814 ",52%,Online
,Kohl's,1189833,4/16/21,West,California,Los Angeles,Women's Athletic Footwear,$41.00 ,154,"$6,314 ","$3,031 ",48%,Online
,Kohl's,1189833,4/17/21,West,California,Los Angeles,Men's Apparel,$45.00 ,131,"$5,895 ","$3,832 ",65%,Online
,Kohl's,1189833,4/18/21,West,California,Los Angeles,Women's Apparel,$64.00 ,181,"$11,584 ","$3,591 ",31%,Online
,Kohl's,1189833,4/19/21,West,California,Los Angeles,Men's Street Footwear,$44.00 ,270,"$11,880 ","$6,534 ",55%,Online
,Kohl's,1189833,4/20/21,West,California,Los Angeles,Men's Athletic Footwear,$47.00 ,225,"$10,575 ","$3,701 ",35%,Online
,Kohl's,1189833,4/21/21,West,California,Los Angeles,Women's Street Footwear,$48.00 ,203,"$9,744 ","$5,359 ",55%,Online
,Kohl's,1189833,4/22/21,West,California,Los Angeles,Women's Athletic Footwear,$44.00 ,175,"$7,700 ","$3,696 ",48%,Online
,Kohl's,1189833,4/23/21,West,California,Los Angeles,Men's Apparel,$45.00 ,125,"$5,625 ","$3,881 ",69%,Online
,Kohl's,1189833,4/24/21,West,California,Los Angeles,Women's Apparel,$60.00 ,200,"$12,000 ","$3,720 ",31%,Online
,Kohl's,1189833,4/25/21,West,California,Los Angeles,Men's Street Footwear,$41.00 ,238,"$9,758 ","$4,977 ",51%,Online
,Kohl's,1189833,4/26/21,West,California,Los Angeles,Men's Athletic Footwear,$46.00 ,216,"$9,936 ","$3,776 ",38%,Online
,Kohl's,1189833,4/27/21,West,California,Los Angeles,Women's Street Footwear,$47.00 ,218,"$10,246 ","$5,328 ",52%,Online
,Kohl's,1189833,4/28/21,West,California,Los Angeles,Women's Athletic Footwear,$44.00 ,189,"$8,316 ","$3,992 ",48%,Online
,Kohl's,1189833,4/29/21,West,California,Los Angeles,Men's Apparel,$46.00 ,189,"$8,694 ","$5,738 ",66%,Online
,Kohl's,1189833,4/30/21,West,California,Los Angeles,Women's Apparel,$59.00 ,203,"$11,977 ","$3,593 ",30%,Online
,Kohl's,1189833,5/1/21,West,California,Los Angeles,Men's Street Footwear,$47.00 ,252,"$11,844 ","$6,159 ",52%,Online
,Kohl's,1189833,5/2/21,West,California,Los Angeles,Men's Athletic Footwear,$51.00 ,221,"$11,271 ","$4,508 ",40%,Online
,Kohl's,1189833,5/3/21,West,California,Los Angeles,Women's Street Footwear,$48.00 ,218,"$10,464 ","$5,337 ",51%,Online
,Kohl's,1189833,5/4/21,West,California,Los Angeles,Women's Athletic Footwear,$47.00 ,169,"$7,943 ","$3,813 ",48%,Online
,Kohl's,1189833,5/5/21,West,California,Los Angeles,Men's Apparel,$58.00 ,182,"$10,556 ","$7,073 ",67%,Online
,Kohl's,1189833,5/6/21,West,California,Los Angeles,Women's Apparel,$61.00 ,189,"$11,529 ","$4,035 ",35%,Online
,Kohl's,1189833,5/7/21,West,California,Los Angeles,Men's Street Footwear,$47.00 ,213,"$10,011 ","$5,406 ",54%,Online
,Kohl's,1189833,5/8/21,West,California,Los Angeles,Men's Athletic Footwear,$50.00 ,247,"$12,350 ","$4,570 ",37%,Online
,Kohl's,1189833,5/9/21,West,California,Los Angeles,Women's Street Footwear,$46.00 ,196,"$9,016 ","$4,508 ",50%,Online
,Kohl's,1189833,5/10/21,West,California,Los Angeles,Women's Athletic Footwear,$46.00 ,176,"$8,096 ","$4,048 ",50%,Online
,Kohl's,1189833,5/11/21,West,California,Los Angeles,Men's Apparel,$58.00 ,163,"$9,454 ","$6,334 ",67%,Online
,Kohl's,1189833,5/12/21,West,California,Los Angeles,Women's Apparel,$59.00 ,189,"$11,151 ","$3,457 ",31%,Online
,Kohl's,1189833,5/13/21,West,California,Los Angeles,Men's Street Footwear,$49.00 ,224,"$10,976 ","$5,488 ",50%,Online
,Kohl's,1189833,5/14/21,West,California,Los Angeles,Men's Athletic Footwear,$51.00 ,232,"$11,832 ","$4,260 ",36%,Online
,Kohl's,1189833,5/15/21,West,California,Los Angeles,Women's Street Footwear,$49.00 ,176,"$8,624 ","$4,398 ",51%,Online
,Kohl's,1189833,5/16/21,West,California,Los Angeles,Women's Athletic Footwear,$48.00 ,175,"$8,400 ","$3,780 ",45%,Online
,Kohl's,1189833,5/17/21,West,California,Los Angeles,Men's Apparel,$56.00 ,174,"$9,744 ","$6,626 ",68%,Online
,Kohl's,1189833,5/18/21,West,California,Los Angeles,Women's Apparel,$62.00 ,176,"$10,912 ","$3,819 ",35%,Online
,Kohl's,1189833,5/19/21,West,California,Los Angeles,Men's Street Footwear,$49.00 ,231,"$11,319 ","$5,660 ",50%,Online
,Kohl's,1189833,5/20/21,West,California,Los Angeles,Men's Athletic Footwear,$54.00 ,215,"$11,610 ","$4,412 ",38%,Online
,Kohl's,1189833,5/21/21,West,California,Los Angeles,Women's Street Footwear,$47.00 ,169,"$7,943 ","$3,972 ",50%,Online
,Kohl's,1189833,5/22/21,West,California,Los Angeles,Women's Athletic Footwear,$47.00 ,176,"$8,272 ","$3,722 ",45%,Online
,Kohl's,1189833,5/23/21,West,California,Los Angeles,Men's Apparel,$55.00 ,174,"$9,570 ","$6,603 ",69%,Online
,Kohl's,1189833,5/24/21,West,California,Los Angeles,Women's Apparel,$59.00 ,189,"$11,151 ","$3,791 ",34%,Online
,Kohl's,1189833,5/25/21,West,California,Los Angeles,Men's Street Footwear,$49.00 ,225,"$11,025 ","$5,623 ",51%,Online
,Kohl's,1189833,5/26/21,West,California,Los Angeles,Men's Athletic Footwear,$50.00 ,243,"$12,150 ","$4,617 ",38%,Online
,Kohl's,1189833,5/27/21,West,California,Los Angeles,Women's Street Footwear,$46.00 ,182,"$8,372 ","$4,521 ",54%,Online
,Kohl's,1189833,5/28/21,West,California,Los Angeles,Women's Athletic Footwear,$49.00 ,210,"$10,290 ","$5,145 ",50%,Online
,Kohl's,1189833,5/29/21,West,California,Los Angeles,Men's Apparel,$55.00 ,156,"$8,580 ","$5,577 ",65%,Online
,Kohl's,1189833,5/30/21,West,California,Los Angeles,Women's Apparel,$59.00 ,196,"$11,564 ","$4,047 ",35%,Online
,Foot Locker,1185732,5/31/21,West,California,Los Angeles,Men's Street Footwear,$44.00 ,124,"$5,456 ","$2,837 ",52%,Online
,Foot Locker,1185732,6/1/21,West,California,Los Angeles,Men's Athletic Footwear,$41.00 ,77,"$3,157 ","$1,452 ",46%,Online
,Foot Locker,1185732,6/2/21,West,California,Los Angeles,Women's Street Footwear,$32.00 ,83,"$2,656 ","$1,248 ",47%,Online
,Foot Locker,1185732,6/3/21,West,California,Los Angeles,Women's Athletic Footwear,$37.00 ,34,"$1,258 ",$654 ,52%,Online
,Foot Locker,1185732,6/4/21,Midwest,Illinois,Chicago,Men's Apparel,$53.00 ,47,"$2,491 ","$1,221 ",49%,Online
,Foot Locker,1185732,6/5/21,Midwest,Illinois,Chicago,Women's Apparel,$41.00 ,69,"$2,829 ","$1,697 ",60%,Online
,Foot Locker,1185732,6/6/21,Midwest,Illinois,Chicago,Men's Street Footwear,$44.00 ,158,"$6,952 ","$3,546 ",51%,Online
,Foot Locker,1185732,6/7/21,Midwest,Illinois,Chicago,Men's Athletic Footwear,$43.00 ,51,"$2,193 ","$1,031 ",47%,Online
,Foot Locker,1185732,6/8/21,Midwest,Illinois,Chicago,Women's Street Footwear,$32.00 ,61,"$1,952 ",$898 ,46%,Online
,Foot Locker,1185732,6/9/21,Midwest,Illinois,Chicago,Women's Athletic Footwear,$39.00 ,28,"$1,092 ",$579 ,53%,Online
,Foot Locker,1185732,6/10/21,Midwest,Illinois,Chicago,Men's Apparel,$50.00 ,44,"$2,200 ","$1,034 ",47%,Online
,Foot Locker,1185732,6/11/21,Midwest,Illinois,Chicago,Women's Apparel,$43.00 ,77,"$3,311 ","$2,152 ",65%,Online
,Foot Locker,1185732,6/12/21,Midwest,Illinois,Chicago,Men's Street Footwear,$47.00 ,144,"$6,768 ","$3,722 ",55%,Online
,Foot Locker,1185732,6/13/21,Midwest,Illinois,Chicago,Men's Athletic Footwear,$46.00 ,60,"$2,760 ","$1,325 ",48%,Online
,Foot Locker,1185732,6/14/21,Midwest,Illinois,Chicago,Women's Street Footwear,$37.00 ,68,"$2,516 ","$1,132 ",45%,Online
,Foot Locker,1185732,6/15/21,Midwest,Illinois,Chicago,Women's Athletic Footwear,$41.00 ,19,$779 ,$413 ,53%,Online
,Foot Locker,1185732,6/16/21,Midwest,Illinois,Chicago,Men's Apparel,$56.00 ,38,"$2,128 ","$1,000 ",47%,Online
,Foot Locker,1185732,6/17/21,Midwest,Illinois,Chicago,Women's Apparel,$45.00 ,63,"$2,835 ","$1,786 ",63%,Online
,Foot Locker,1185732,6/18/21,Midwest,Illinois,Chicago,Men's Street Footwear,$48.00 ,122,"$5,856 ","$3,045 ",52%,Online
,Foot Locker,1185732,6/19/21,Midwest,Illinois,Chicago,Men's Athletic Footwear,$48.00 ,44,"$2,112 ",$972 ,46%,Online
,Foot Locker,1185732,6/20/21,Midwest,Illinois,Chicago,Women's Street Footwear,$36.00 ,42,"$1,512 ",$726 ,48%,Online
,Foot Locker,1185732,6/21/21,Midwest,Illinois,Chicago,Women's Athletic Footwear,$44.00 ,20,$880 ,$440 ,50%,Online
,Foot Locker,1185732,6/22/21,Midwest,Illinois,Chicago,Men's Apparel,$54.00 ,28,"$1,512 ",$711 ,47%,Online
,Foot Locker,1185732,6/23/21,Midwest,Illinois,Chicago,Women's Apparel,$49.00 ,65,"$3,185 ","$1,911 ",60%,Online
,Foot Locker,1185732,6/24/21,Midwest,Illinois,Chicago,Men's Street Footwear,$58.00 ,134,"$7,772 ","$4,197 ",54%,Online
,Foot Locker,1185732,6/25/21,Midwest,Illinois,Chicago,Men's Athletic Footwear,$53.00 ,54,"$2,862 ","$1,288 ",45%,Online
,Foot Locker,1185732,6/26/21,Midwest,Illinois,Chicago,Women's Street Footwear,$49.00 ,44,"$2,156 ",$992 ,46%,Online
,Foot Locker,1185732,6/27/21,Midwest,Illinois,Chicago,Women's Athletic Footwear,$48.00 ,28,"$1,344 ",$712 ,53%,Online
,Foot Locker,1185732,6/28/21,Midwest,Illinois,Chicago,Men's Apparel,$59.00 ,35,"$2,065 ",$950 ,46%,Online
,Foot Locker,1185732,6/29/21,Midwest,Illinois,Chicago,Women's Apparel,$64.00 ,63,"$4,032 ","$2,419 ",60%,Online
,Foot Locker,1185732,6/30/21,Midwest,Illinois,Chicago,Men's Street Footwear,$46.00 ,135,"$6,210 ","$3,416 ",55%,Online
,Foot Locker,1185732,7/1/21,Midwest,Illinois,Chicago,Men's Athletic Footwear,$43.00 ,63,"$2,709 ","$1,219 ",45%,Online
,Foot Locker,1185732,7/2/21,Midwest,Illinois,Chicago,Women's Street Footwear,$39.00 ,54,"$2,106 ",$948 ,45%,Online
,Foot Locker,1185732,7/3/21,Midwest,Illinois,Chicago,Women's Athletic Footwear,$38.00 ,47,"$1,786 ",$947 ,53%,Online
,Foot Locker,1185732,7/4/21,Midwest,Illinois,Chicago,Men's Apparel,$46.00 ,51,"$2,346 ","$1,173 ",50%,Online
,Foot Locker,1185732,7/5/21,Midwest,Illinois,Chicago,Women's Apparel,$51.00 ,105,"$5,355 ","$3,374 ",63%,Online
,Foot Locker,1185732,7/6/21,Midwest,Illinois,Chicago,Men's Street Footwear,$47.00 ,161,"$7,567 ","$3,935 ",52%,Online
,Foot Locker,1185732,7/7/21,Midwest,Illinois,Chicago,Men's Athletic Footwear,$43.00 ,81,"$3,483 ","$1,567 ",45%,Online
,Foot Locker,1185732,7/8/21,Midwest,Illinois,Chicago,Women's Street Footwear,$36.00 ,65,"$2,340 ","$1,053 ",45%,Online
,Foot Locker,1185732,7/9/21,Midwest,Illinois,Chicago,Women's Athletic Footwear,$39.00 ,50,"$1,950 ","$1,053 ",54%,Online
,Foot Locker,1185732,7/10/21,Midwest,Illinois,Chicago,Men's Apparel,$47.00 ,56,"$2,632 ","$1,211 ",46%,Online
,Foot Locker,1185732,7/11/21,Midwest,Illinois,Chicago,Women's Apparel,$54.00 ,120,"$6,480 ","$3,953 ",61%,Online
,Foot Locker,1185732,7/12/21,Midwest,Illinois,Chicago,Men's Street Footwear,$49.00 ,149,"$7,301 ","$3,724 ",51%,Online
,Foot Locker,1185732,7/13/21,Midwest,Illinois,Chicago,Men's Athletic Footwear,$41.00 ,94,"$3,854 ","$1,773 ",46%,Online
,Foot Locker,1185732,7/14/21,Midwest,Illinois,Chicago,Women's Street Footwear,$38.00 ,75,"$2,850 ","$1,397 ",49%,Online
,Foot Locker,1185732,7/15/21,Midwest,Illinois,Chicago,Women's Athletic Footwear,$37.00 ,63,"$2,331 ","$1,166 ",50%,Online
,Foot Locker,1185732,7/16/21,Midwest,Illinois,Chicago,Men's Apparel,$49.00 ,50,"$2,450 ","$1,225 ",50%,Online
,Foot Locker,1185732,7/17/21,Midwest,Illinois,Chicago,Women's Apparel,$50.00 ,94,"$4,700 ","$3,055 ",65%,Online
,Foot Locker,1185732,7/18/21,Midwest,Illinois,Chicago,Men's Street Footwear,$47.00 ,135,"$6,345 ","$3,173 ",50%,Online
,Foot Locker,1185732,7/19/21,Midwest,Illinois,Chicago,Men's Athletic Footwear,$41.00 ,84,"$3,444 ","$1,688 ",49%,Online
,Foot Locker,1185732,7/20/21,Midwest,Illinois,Chicago,Women's Street Footwear,$36.00 ,60,"$2,160 ","$1,015 ",47%,Online
,Foot Locker,1185732,7/21/21,Midwest,Illinois,Chicago,Women's Athletic Footwear,$36.00 ,44,"$1,584 ",$840 ,53%,Online
,Foot Locker,1185732,7/22/21,Midwest,Illinois,Chicago,Men's Apparel,$49.00 ,49,"$2,401 ","$1,104 ",46%,Online
,Foot Locker,1185732,7/23/21,Midwest,Illinois,Chicago,Women's Apparel,$53.00 ,73,"$3,869 ","$2,476 ",64%,Online
,Foot Locker,1185732,7/24/21,Midwest,Illinois,Chicago,Men's Street Footwear,$56.00 ,115,"$6,440 ","$3,542 ",55%,Online
,Foot Locker,1185732,7/25/21,Midwest,Illinois,Chicago,Men's Athletic Footwear,$49.00 ,75,"$3,675 ","$1,801 ",49%,Online
,Foot Locker,1185732,7/26/21,Midwest,Illinois,Chicago,Women's Street Footwear,$48.00 ,39,"$1,872 ",$842 ,45%,Online
,Foot Locker,1185732,7/27/21,Midwest,Illinois,Chicago,Women's Athletic Footwear,$47.00 ,33,"$1,551 ",$791 ,51%,Online
,Foot Locker,1185732,7/28/21,Midwest,Illinois,Chicago,Men's Apparel,$56.00 ,33,"$1,848 ",$869 ,47%,Online
,Foot Locker,1185732,7/29/21,Midwest,Illinois,Chicago,Women's Apparel,$60.00 ,65,"$3,900 ","$2,340 ",60%,Online
,Foot Locker,1185732,7/30/21,Midwest,Illinois,Chicago,Men's Street Footwear,$55.00 ,112,"$6,160 ","$3,326 ",54%,Online
,Foot Locker,1185732,7/31/21,Midwest,Illinois,Chicago,Men's Athletic Footwear,$46.00 ,65,"$2,990 ","$1,405 ",47%,Online
,Foot Locker,1185732,8/1/21,Midwest,Illinois,Chicago,Women's Street Footwear,$48.00 ,49,"$2,352 ","$1,105 ",47%,Online
,Foot Locker,1185732,8/2/21,Midwest,Illinois,Chicago,Women's Athletic Footwear,$46.00 ,53,"$2,438 ","$1,292 ",53%,Online
,Foot Locker,1185732,8/3/21,Midwest,Illinois,Chicago,Men's Apparel,$56.00 ,41,"$2,296 ","$1,148 ",50%,Online
,Foot Locker,1185732,8/4/21,Midwest,Illinois,Chicago,Women's Apparel,$61.00 ,65,"$3,965 ","$2,379 ",60%,Online
,Foot Locker,1185732,8/5/21,Midwest,Illinois,Chicago,Men's Street Footwear,$57.00 ,150,"$8,550 ","$4,703 ",55%,Online
,Foot Locker,1185732,8/6/21,Midwest,Illinois,Chicago,Men's Athletic Footwear,$46.00 ,75,"$3,450 ","$1,656 ",48%,Online
,Foot Locker,1185732,8/7/21,Midwest,Illinois,Chicago,Women's Street Footwear,$46.00 ,75,"$3,450 ","$1,691 ",49%,Online
,Foot Locker,1185732,8/8/21,Midwest,Illinois,Chicago,Women's Athletic Footwear,$49.00 ,54,"$2,646 ","$1,402 ",53%,Online
,Foot Locker,1185732,8/9/21,Midwest,Illinois,Chicago,Men's Apparel,$59.00 ,58,"$3,422 ","$1,540 ",45%,Online
,Foot Locker,1185732,8/10/21,Midwest,Illinois,Chicago,Women's Apparel,$64.00 ,81,"$5,184 ","$3,266 ",63%,Online
,Sports Direct,1197831,8/11/21,Midwest,Illinois,Chicago,Men's Street Footwear,$20.00 ,189,"$3,780 ","$1,512 ",40%,Online
,Sports Direct,1197831,8/12/21,Midwest,Illinois,Chicago,Men's Athletic Footwear,$28.00 ,196,"$5,488 ","$2,195 ",40%,Online
,Sports Direct,1197831,8/13/21,Midwest,Illinois,Chicago,Women's Street Footwear,$27.00 ,158,"$4,266 ","$1,749 ",41%,Online
,Sports Direct,1197831,8/14/21,Midwest,Illinois,Chicago,Women's Athletic Footwear,$34.00 ,152,"$5,168 ","$2,636 ",51%,Online
,Sports Direct,1197831,8/15/21,South,Texas,Dallas,Men's Apparel,$37.00 ,94,"$3,478 ","$1,217 ",35%,Online
,Sports Direct,1197831,8/16/21,South,Texas,Dallas,Women's Apparel,$33.00 ,147,"$4,851 ","$2,668 ",55%,Online
,Sports Direct,1197831,8/17/21,South,Texas,Dallas,Men's Street Footwear,$23.00 ,176,"$4,048 ","$1,741 ",43%,Online
,Sports Direct,1197831,8/18/21,South,Texas,Dallas,Men's Athletic Footwear,$32.00 ,163,"$5,216 ","$2,086 ",40%,Online
,Sports Direct,1197831,8/19/21,South,Texas,Dallas,Women's Street Footwear,$34.00 ,119,"$4,046 ","$1,740 ",43%,Online
,Sports Direct,1197831,8/20/21,South,Texas,Dallas,Women's Athletic Footwear,$32.00 ,128,"$4,096 ","$2,171 ",53%,Online
,Sports Direct,1197831,8/21/21,South,Texas,Dallas,Men's Apparel,$38.00 ,75,"$2,850 ",$998 ,35%,Online
,Sports Direct,1197831,8/22/21,South,Texas,Dallas,Women's Apparel,$32.00 ,140,"$4,480 ","$2,509 ",56%,Online
,Sports Direct,1197831,8/23/21,South,Texas,Dallas,Men's Street Footwear,$29.00 ,182,"$5,278 ","$2,639 ",50%,Online
,Sports Direct,1197831,8/24/21,South,Texas,Dallas,Men's Athletic Footwear,$39.00 ,169,"$6,591 ","$3,296 ",50%,Online
,Sports Direct,1197831,8/25/21,South,Texas,Dallas,Women's Street Footwear,$28.00 ,145,"$4,060 ","$1,908 ",47%,Online
,Sports Direct,1197831,8/26/21,South,Texas,Dallas,Women's Athletic Footwear,$32.00 ,116,"$3,712 ","$2,116 ",57%,Online
,Sports Direct,1197831,8/27/21,South,Texas,Dallas,Men's Apparel,$38.00 ,81,"$3,078 ","$1,385 ",45%,Online
,Sports Direct,1197831,8/28/21,South,Texas,Dallas,Women's Apparel,$32.00 ,135,"$4,320 ","$2,722 ",63%,Online
,Sports Direct,1197831,8/29/21,South,Texas,Dallas,Men's Street Footwear,$18.00 ,182,"$3,276 ","$1,474 ",45%,Online
,Sports Direct,1197831,8/30/21,South,Texas,Dallas,Men's Athletic Footwear,$28.00 ,175,"$4,900 ","$2,352 ",48%,Online
,Sports Direct,1197831,8/31/21,South,Texas,Dallas,Women's Street Footwear,$25.00 ,152,"$3,800 ","$1,862 ",49%,Online
,Sports Direct,1197831,9/1/21,South,Texas,Dallas,Women's Athletic Footwear,$29.00 ,128,"$3,712 ","$2,190 ",59%,Online
,Sports Direct,1197831,9/2/21,South,Texas,Dallas,Men's Apparel,$34.00 ,85,"$2,890 ","$1,156 ",40%,Online
,Sports Direct,1197831,9/3/21,South,Texas,Dallas,Women's Apparel,$29.00 ,156,"$4,524 ","$2,805 ",62%,Online
,Sports Direct,1197831,9/4/21,South,Texas,Dallas,Men's Street Footwear,$19.00 ,195,"$3,705 ","$1,853 ",50%,Online
,Sports Direct,1197831,9/5/21,South,Texas,Dallas,Men's Athletic Footwear,$29.00 ,194,"$5,626 ","$2,757 ",49%,Online
,Sports Direct,1197831,9/6/21,South,Texas,Dallas,Women's Street Footwear,$24.00 ,175,"$4,200 ","$1,974 ",47%,Online
,Sports Direct,1197831,9/7/21,South,Texas,Dallas,Women's Athletic Footwear,$34.00 ,154,"$5,236 ","$3,142 ",60%,Online
,Sports Direct,1197831,9/8/21,South,Texas,Dallas,Men's Apparel,$49.00 ,131,"$6,419 ","$2,889 ",45%,Online
,Sports Direct,1197831,9/9/21,South,Texas,Dallas,Women's Apparel,$43.00 ,224,"$9,632 ","$6,261 ",65%,Online
,Sports Direct,1197831,9/10/21,South,Texas,Dallas,Men's Street Footwear,$41.00 ,224,"$9,184 ","$4,133 ",45%,Online
,Sports Direct,1197831,9/11/21,South,Texas,Dallas,Men's Athletic Footwear,$49.00 ,200,"$9,800 ","$4,704 ",48%,Online
,Sports Direct,1197831,9/12/21,South,Texas,Dallas,Women's Street Footwear,$44.00 ,176,"$7,744 ","$3,640 ",47%,Online
,Sports Direct,1197831,9/13/21,South,Texas,Dallas,Women's Athletic Footwear,$43.00 ,174,"$7,482 ","$4,115 ",55%,Online
,Sports Direct,1197831,9/14/21,South,Texas,Dallas,Men's Apparel,$45.00 ,145,"$6,525 ","$2,806 ",43%,Online
,Sports Direct,1197831,9/15/21,South,Texas,Dallas,Women's Apparel,$53.00 ,263,"$13,939 ","$8,782 ",63%,Online
,Sports Direct,1197831,9/16/21,South,Texas,Dallas,Men's Street Footwear,$41.00 ,231,"$9,471 ","$4,925 ",52%,Online
,Sports Direct,1197831,9/17/21,South,Texas,Dallas,Men's Athletic Footwear,$48.00 ,215,"$10,320 ","$5,573 ",54%,Online
,Sports Direct,1197831,9/18/21,South,Texas,Dallas,Women's Street Footwear,$44.00 ,254,"$11,176 ","$6,147 ",55%,Online
,Sports Direct,1197831,9/19/21,South,Texas,Dallas,Women's Athletic Footwear,$43.00 ,150,"$6,450 ","$3,935 ",61%,Online
,Sports Direct,1197831,9/20/21,South,Texas,Dallas,Men's Apparel,$47.00 ,167,"$7,849 ","$3,611 ",46%,Online
,Sports Direct,1197831,9/21/21,South,Texas,Dallas,Women's Apparel,$54.00 ,255,"$13,770 ","$9,226 ",67%,Online
,Sports Direct,1197831,9/22/21,South,Texas,Dallas,Men's Street Footwear,$49.00 ,208,"$10,192 ","$5,198 ",51%,Online
,Sports Direct,1197831,9/23/21,South,Texas,Dallas,Men's Athletic Footwear,$53.00 ,208,"$11,024 ","$5,512 ",50%,Online
,Sports Direct,1197831,9/24/21,South,Texas,Dallas,Women's Street Footwear,$46.00 ,273,"$12,558 ","$6,907 ",55%,Online
,Sports Direct,1197831,9/25/21,South,Texas,Dallas,Women's Athletic Footwear,$47.00 ,147,"$6,909 ","$4,491 ",65%,Online
,Sports Direct,1197831,9/26/21,South,Texas,Dallas,Men's Apparel,$53.00 ,142,"$7,526 ","$3,612 ",48%,Online
,Sports Direct,1197831,9/27/21,South,Texas,Dallas,Women's Apparel,$56.00 ,233,"$13,048 ","$9,134 ",70%,Online
,Sports Direct,1197831,9/28/21,South,Texas,Dallas,Men's Street Footwear,$53.00 ,181,"$9,593 ","$5,276 ",55%,Online
,Sports Direct,1197831,9/29/21,South,Texas,Dallas,Men's Athletic Footwear,$54.00 ,176,"$9,504 ","$4,847 ",51%,Online
,Sports Direct,1197831,9/30/21,South,Texas,Dallas,Women's Street Footwear,$59.00 ,203,"$11,977 ","$6,348 ",53%,Online
,Sports Direct,1197831,10/1/21,South,Texas,Dallas,Women's Athletic Footwear,$56.00 ,126,"$7,056 ","$4,586 ",65%,Online
,Sports Direct,1197831,10/2/21,South,Texas,Dallas,Men's Apparel,$53.00 ,135,"$7,155 ","$3,506 ",49%,Online
,Sports Direct,1197831,10/3/21,South,Texas,Dallas,Women's Apparel,$48.00 ,203,"$9,744 ","$6,821 ",70%,Online
,Sports Direct,1197831,10/4/21,South,Texas,Dallas,Men's Street Footwear,$39.00 ,156,"$6,084 ","$3,042 ",50%,Online
,Sports Direct,1197831,10/5/21,South,Texas,Dallas,Men's Athletic Footwear,$38.00 ,169,"$6,422 ","$3,275 ",51%,Online
,Sports Direct,1197831,10/6/21,South,Texas,Dallas,Women's Street Footwear,$41.00 ,144,"$5,904 ","$3,070 ",52%,Online
,Sports Direct,1197831,10/7/21,South,Texas,Dallas,Women's Athletic Footwear,$41.00 ,111,"$4,551 ","$2,731 ",60%,Online
,Sports Direct,1197831,10/8/21,South,Texas,Dallas,Men's Apparel,$36.00 ,100,"$3,600 ","$1,620 ",45%,Online
,Sports Direct,1197831,10/9/21,South,Texas,Dallas,Women's Apparel,$45.00 ,161,"$7,245 ","$5,072 ",70%,Online
,Sports Direct,1197831,10/10/21,South,Texas,Dallas,Men's Street Footwear,$38.00 ,181,"$6,878 ","$3,783 ",55%,Online
,Sports Direct,1197831,10/11/21,South,Texas,Dallas,Men's Athletic Footwear,$37.00 ,218,"$8,066 ","$4,033 ",50%,Online
,Sports Direct,1197831,10/12/21,South,Texas,Dallas,Women's Street Footwear,$63.00 ,176,"$11,088 ","$6,098 ",55%,Online
,Sports Direct,1197831,10/13/21,South,Texas,Dallas,Women's Athletic Footwear,$59.00 ,145,"$8,555 ","$5,304 ",62%,Online
,Sports Direct,1197831,10/14/21,South,Texas,Dallas,Men's Apparel,$56.00 ,138,"$7,728 ","$3,709 ",48%,Online
,Sports Direct,1197831,10/15/21,South,Texas,Dallas,Women's Apparel,$67.00 ,176,"$11,792 ","$7,665 ",65%,Online
,Sports Direct,1197831,10/16/21,South,Texas,Dallas,Men's Street Footwear,$59.00 ,223,"$13,157 ","$7,105 ",54%,Online
,Sports Direct,1197831,10/17/21,South,Texas,Dallas,Men's Athletic Footwear,$56.00 ,231,"$12,936 ","$6,727 ",52%,Online
,Sports Direct,1197831,10/18/21,South,Texas,Dallas,Women's Street Footwear,$62.00 ,189,"$11,718 ","$6,328 ",54%,Online
,Sports Direct,1197831,10/19/21,South,Texas,Dallas,Women's Athletic Footwear,$59.00 ,173,"$10,207 ","$6,328 ",62%,Online
,Sports Direct,1197831,10/20/21,South,Texas,Dallas,Men's Apparel,$58.00 ,158,"$9,164 ","$4,582 ",50%,Online
,Sports Direct,1197831,10/21/21,South,Texas,Dallas,Women's Apparel,$65.00 ,233,"$15,145 ","$9,996 ",66%,Online
,Foot Locker,1185732,10/22/21,South,Texas,Dallas,Men's Street Footwear,$44.00 ,111,"$4,884 ","$3,419 ",70%,Online
,Foot Locker,1185732,10/23/21,South,Texas,Dallas,Men's Athletic Footwear,$41.00 ,68,"$2,788 ","$1,310 ",47%,Online
,Foot Locker,1185732,10/24/21,South,Texas,Dallas,Women's Street Footwear,$33.00 ,56,"$1,848 ",$942 ,51%,Online
,Foot Locker,1185732,10/25/21,South,Texas,Dallas,Women's Athletic Footwear,$38.00 ,19,$722 ,$368 ,51%,Online
,Foot Locker,1185732,10/26/21,Northeast,Pennsylvania,Philadelphia,Men's Apparel,$54.00 ,36,"$1,944 ",$875 ,45%,Online
,Foot Locker,1185732,10/27/21,Northeast,Pennsylvania,Philadelphia,Women's Apparel,$43.00 ,61,"$2,623 ","$1,154 ",44%,Online
,Foot Locker,1185732,10/28/21,Northeast,Pennsylvania,Philadelphia,Men's Street Footwear,$42.00 ,119,"$4,998 ","$3,349 ",67%,Online
,Foot Locker,1185732,10/29/21,Northeast,Pennsylvania,Philadelphia,Men's Athletic Footwear,$44.00 ,35,"$1,540 ",$739 ,48%,Online
,Foot Locker,1185732,10/30/21,Northeast,Pennsylvania,Philadelphia,Women's Street Footwear,$34.00 ,46,"$1,564 ",$813 ,52%,Online
,Foot Locker,1185732,10/31/21,Northeast,Pennsylvania,Philadelphia,Women's Athletic Footwear,$39.00 ,13,$507 ,$264 ,52%,Online
,Foot Locker,1185732,11/1/21,Northeast,Pennsylvania,Philadelphia,Men's Apparel,$51.00 ,36,"$1,836 ",$845 ,46%,Online
,Foot Locker,1185732,11/2/21,Northeast,Pennsylvania,Philadelphia,Women's Apparel,$44.00 ,68,"$2,992 ","$1,346 ",45%,Online
,Foot Locker,1185732,11/3/21,Northeast,Pennsylvania,Philadelphia,Men's Street Footwear,$49.00 ,120,"$5,880 ","$4,116 ",70%,Online
,Foot Locker,1185732,11/4/21,Northeast,Pennsylvania,Philadelphia,Men's Athletic Footwear,$47.00 ,38,"$1,786 ",$875 ,49%,Online
,Foot Locker,1185732,11/5/21,Northeast,Pennsylvania,Philadelphia,Women's Street Footwear,$36.00 ,51,"$1,836 ",$991 ,54%,Online
,Foot Locker,1185732,11/6/21,Northeast,Pennsylvania,Philadelphia,Women's Athletic Footwear,$43.00 ,8,$344 ,$175 ,51%,Online
,Foot Locker,1185732,11/7/21,Northeast,Pennsylvania,Philadelphia,Men's Apparel,$58.00 ,20,"$1,160 ",$464 ,40%,Online
,Foot Locker,1185732,11/8/21,Northeast,Pennsylvania,Philadelphia,Women's Apparel,$47.00 ,44,"$2,068 ",$724 ,35%,Online
,Foot Locker,1185732,11/9/21,Northeast,Pennsylvania,Philadelphia,Men's Street Footwear,$46.00 ,122,"$5,612 ","$3,536 ",63%,Online
,Foot Locker,1185732,11/10/21,Northeast,Pennsylvania,Philadelphia,Men's Athletic Footwear,$45.00 ,45,"$2,025 ",$851 ,42%,Online
,Foot Locker,1185732,11/11/21,Northeast,Pennsylvania,Philadelphia,Women's Street Footwear,$38.00 ,38,"$1,444 ",$664 ,46%,Online
,Foot Locker,1185732,11/12/21,Northeast,Pennsylvania,Philadelphia,Women's Athletic Footwear,$42.00 ,20,$840 ,$386 ,46%,Online
,Foot Locker,1185732,11/13/21,Northeast,Pennsylvania,Philadelphia,Men's Apparel,$55.00 ,22,"$1,210 ",$508 ,42%,Online
,Foot Locker,1185732,11/14/21,Northeast,Pennsylvania,Philadelphia,Women's Apparel,$48.00 ,54,"$2,592 ",$933 ,36%,Online
,Foot Locker,1185732,11/15/21,Northeast,Pennsylvania,Philadelphia,Men's Street Footwear,$58.00 ,136,"$7,888 ","$4,969 ",63%,Online
,Foot Locker,1185732,11/16/21,Northeast,Pennsylvania,Philadelphia,Men's Athletic Footwear,$54.00 ,53,"$2,862 ","$1,145 ",40%,Online
,Foot Locker,1185732,11/17/21,Northeast,Pennsylvania,Philadelphia,Women's Street Footwear,$52.00 ,42,"$2,184 ","$1,005 ",46%,Online
,Foot Locker,1185732,11/18/21,Northeast,Pennsylvania,Philadelphia,Women's Athletic Footwear,$51.00 ,29,"$1,479 ",$695 ,47%,Online
,Foot Locker,1185732,11/19/21,Northeast,Pennsylvania,Philadelphia,Men's Apparel,$59.00 ,31,"$1,829 ",$768 ,42%,Online
,Foot Locker,1185732,11/20/21,Northeast,Pennsylvania,Philadelphia,Women's Apparel,$64.00 ,63,"$4,032 ","$1,814 ",45%,Online
,Foot Locker,1185732,11/21/21,Northeast,Pennsylvania,Philadelphia,Men's Street Footwear,$64.00 ,135,"$8,640 ","$5,616 ",65%,Online
,Foot Locker,1185732,11/22/21,Northeast,Pennsylvania,Philadelphia,Men's Athletic Footwear,$59.00 ,70,"$4,130 ","$1,900 ",46%,Online
,Foot Locker,1185732,11/23/21,Northeast,Pennsylvania,Philadelphia,Women's Street Footwear,$52.00 ,44,"$2,288 ","$1,144 ",50%,Online
,Foot Locker,1185732,11/24/21,Northeast,Pennsylvania,Philadelphia,Women's Athletic Footwear,$52.00 ,39,"$2,028 ","$1,075 ",53%,Online
,Foot Locker,1185732,11/25/21,Northeast,Pennsylvania,Philadelphia,Men's Apparel,$60.00 ,45,"$2,700 ","$1,242 ",46%,Online
,Foot Locker,1185732,11/26/21,Northeast,Pennsylvania,Philadelphia,Women's Apparel,$65.00 ,81,"$5,265 ","$2,211 ",42%,Online
,Foot Locker,1185732,11/27/21,Northeast,Pennsylvania,Philadelphia,Men's Street Footwear,$60.00 ,145,"$8,700 ","$5,829 ",67%,Online
,Foot Locker,1185732,11/28/21,Northeast,Pennsylvania,Philadelphia,Men's Athletic Footwear,$55.00 ,90,"$4,950 ","$2,475 ",50%,Online
,Foot Locker,1185732,11/29/21,Northeast,Pennsylvania,Philadelphia,Women's Street Footwear,$51.00 ,59,"$3,009 ","$1,505 ",50%,Online
,Foot Locker,1185732,11/30/21,Northeast,Pennsylvania,Philadelphia,Women's Athletic Footwear,$51.00 ,44,"$2,244 ","$1,189 ",53%,Online
,Foot Locker,1185732,12/1/21,Northeast,Pennsylvania,Philadelphia,Men's Apparel,$64.00 ,60,"$3,840 ","$1,843 ",48%,Online
,Foot Locker,1185732,12/2/21,Northeast,Pennsylvania,Philadelphia,Women's Apparel,$64.00 ,98,"$6,272 ","$2,634 ",42%,Online
,Foot Locker,1185732,12/3/21,Northeast,Pennsylvania,Philadelphia,Men's Street Footwear,$60.00 ,158,"$9,480 ","$6,257 ",66%,Online
,Foot Locker,1185732,12/4/21,Northeast,Pennsylvania,Philadelphia,Men's Athletic Footwear,$54.00 ,75,"$4,050 ","$1,904 ",47%,Online
,Foot Locker,1185732,12/5/21,Northeast,Pennsylvania,Philadelphia,Women's Street Footwear,$54.00 ,61,"$3,294 ","$1,812 ",55%,Online
,Foot Locker,1185732,12/6/21,Northeast,Pennsylvania,Philadelphia,Women's Athletic Footwear,$53.00 ,58,"$3,074 ","$1,660 ",54%,Online
,Foot Locker,1185732,12/7/21,Northeast,Pennsylvania,Philadelphia,Men's Apparel,$61.00 ,46,"$2,806 ","$1,291 ",46%,Online
,Foot Locker,1185732,12/8/21,Northeast,Pennsylvania,Philadelphia,Women's Apparel,$64.00 ,95,"$6,080 ","$2,614 ",43%,Online
,Foot Locker,1185732,12/9/21,Northeast,Pennsylvania,Philadelphia,Men's Street Footwear,$62.00 ,143,"$8,866 ","$5,320 ",60%,Online
,Foot Locker,1185732,12/10/21,Northeast,Pennsylvania,Philadelphia,Men's Athletic Footwear,$48.00 ,80,"$3,840 ","$1,536 ",40%,Online
,Foot Locker,1185732,12/11/21,Northeast,Pennsylvania,Philadelphia,Women's Street Footwear,$41.00 ,50,"$2,050 ",$923 ,45%,Online
,Foot Locker,1185732,12/12/21,Northeast,Pennsylvania,Philadelphia,Women's Athletic Footwear,$41.00 ,53,"$2,173 ","$1,021 ",47%,Online
,Foot Locker,1185732,12/13/21,Northeast,Pennsylvania,Philadelphia,Men's Apparel,$50.00 ,36,"$1,800 ",$810 ,45%,Online
,Foot Locker,1185732,12/14/21,Northeast,Pennsylvania,Philadelphia,Women's Apparel,$55.00 ,61,"$3,355 ","$1,342 ",40%,Online
,Foot Locker,1185732,12/15/21,Northeast,Pennsylvania,Philadelphia,Men's Street Footwear,$55.00 ,104,"$5,720 ","$3,546 ",62%,Online
,Foot Locker,1185732,12/16/21,Northeast,Pennsylvania,Philadelphia,Men's Athletic Footwear,$47.00 ,63,"$2,961 ","$1,244 ",42%,Online
,Foot Locker,1185732,12/17/21,Northeast,Pennsylvania,Philadelphia,Women's Street Footwear,$48.00 ,34,"$1,632 ",$734 ,45%,Online
,Foot Locker,1185732,12/18/21,Northeast,Pennsylvania,Philadelphia,Women's Athletic Footwear,$48.00 ,29,"$1,392 ",$626 ,45%,Online
,Foot Locker,1185732,12/19/21,Northeast,Pennsylvania,Philadelphia,Men's Apparel,$56.00 ,27,"$1,512 ",$650 ,43%,Online
,Foot Locker,1185732,12/20/21,Northeast,Pennsylvania,Philadelphia,Women's Apparel,$60.00 ,63,"$3,780 ","$1,474 ",39%,Online
,Foot Locker,1185732,12/21/21,Northeast,Pennsylvania,Philadelphia,Men's Street Footwear,$66.00 ,113,"$7,458 ","$4,848 ",65%,Online
,Foot Locker,1185732,12/22/21,Northeast,Pennsylvania,Philadelphia,Men's Athletic Footwear,$55.00 ,60,"$3,300 ","$1,551 ",47%,Online
,Foot Locker,1185732,12/23/21,Northeast,Pennsylvania,Philadelphia,Women's Street Footwear,$55.00 ,55,"$3,025 ","$1,603 ",53%,Online
,Foot Locker,1185732,12/24/21,Northeast,Pennsylvania,Philadelphia,Women's Athletic Footwear,$56.00 ,44,"$2,464 ","$1,257 ",51%,Online
,Foot Locker,1185732,12/25/21,Northeast,Pennsylvania,Philadelphia,Men's Apparel,$64.00 ,42,"$2,688 ","$1,290 ",48%,Online
,Foot Locker,1185732,12/26/21,Northeast,Pennsylvania,Philadelphia,Women's Apparel,$71.00 ,65,"$4,615 ","$2,031 ",44%,Online
,Foot Locker,1185732,12/27/21,Northeast,Pennsylvania,Philadelphia,Men's Street Footwear,$67.00 ,124,"$8,308 ","$5,733 ",69%,Online
,Foot Locker,1185732,12/28/21,Northeast,Pennsylvania,Philadelphia,Men's Athletic Footwear,$55.00 ,69,"$3,795 ","$1,708 ",45%,Online
,Foot Locker,1185732,12/29/21,Northeast,Pennsylvania,Philadelphia,Women's Street Footwear,$55.00 ,65,"$3,575 ","$1,895 ",53%,Online
,Foot Locker,1185732,12/30/21,Northeast,Pennsylvania,Philadelphia,Women's Athletic Footwear,$57.00 ,53,"$3,021 ","$1,601 ",53%,Online
,Foot Locker,1185732,12/31/21,Northeast,Pennsylvania,Philadelphia,Men's Apparel,$63.00 ,47,"$2,961 ","$1,362 ",46%,Online
,Foot Locker,1185732,1/1/20,Northeast,Pennsylvania,Philadelphia,Women's Apparel,$68.00 ,83,"$5,644 ","$2,427 ",43%,Online
,West Gear,1128299,1/2/20,Northeast,Pennsylvania,Philadelphia,Men's Street Footwear,$32.00 ,122,"$3,904 ","$1,991 ",51%,Online
,West Gear,1128299,1/3/20,Northeast,Pennsylvania,Philadelphia,Men's Athletic Footwear,$44.00 ,117,"$5,148 ","$1,905 ",37%,Online
,West Gear,1128299,1/4/20,Northeast,Pennsylvania,Philadelphia,Women's Street Footwear,$41.00 ,117,"$4,797 ","$2,590 ",54%,Online
,West Gear,1128299,1/5/20,Northeast,Pennsylvania,Philadelphia,Women's Athletic Footwear,$43.00 ,87,"$3,741 ","$1,871 ",50%,Online
,West Gear,1128299,1/6/20,West,Nevada,Las Vegas,Men's Apparel,$47.00 ,70,"$3,290 ","$2,139 ",65%,Online
,West Gear,1128299,1/7/20,West,Nevada,Las Vegas,Women's Apparel,$41.00 ,128,"$5,248 ","$1,574 ",30%,Online
,West Gear,1128299,1/8/20,West,Nevada,Las Vegas,Men's Street Footwear,$34.00 ,158,"$5,372 ","$2,686 ",50%,Online
,West Gear,1128299,1/9/20,West,Nevada,Las Vegas,Men's Athletic Footwear,$43.00 ,128,"$5,504 ","$2,202 ",40%,Online
,West Gear,1128299,1/10/20,West,Nevada,Las Vegas,Women's Street Footwear,$41.00 ,119,"$4,879 ","$2,586 ",53%,Online
,West Gear,1128299,1/11/20,West,Nevada,Las Vegas,Women's Athletic Footwear,$44.00 ,74,"$3,256 ","$1,498 ",46%,Online
,West Gear,1128299,1/12/20,West,Nevada,Las Vegas,Men's Apparel,$46.00 ,52,"$2,392 ","$1,674 ",70%,Online
,West Gear,1128299,1/13/20,West,Nevada,Las Vegas,Women's Apparel,$41.00 ,116,"$4,756 ","$1,617 ",34%,Online
,West Gear,1128299,1/14/20,West,Nevada,Las Vegas,Men's Street Footwear,$43.00 ,160,"$6,880 ","$3,784 ",55%,Online
,West Gear,1128299,1/15/20,West,Nevada,Las Vegas,Men's Athletic Footwear,$50.00 ,120,"$6,000 ","$2,400 ",40%,Online
,West Gear,1128299,1/16/20,West,Nevada,Las Vegas,Women's Street Footwear,$52.00 ,104,"$5,408 ","$2,866 ",53%,Online
,West Gear,1128299,1/17/20,West,Nevada,Las Vegas,Women's Athletic Footwear,$50.00 ,84,"$4,200 ","$1,974 ",47%,Online
,West Gear,1128299,1/18/20,West,Nevada,Las Vegas,Men's Apparel,$55.00 ,47,"$2,585 ","$1,810 ",70%,Online
,West Gear,1128299,1/19/20,West,Nevada,Las Vegas,Women's Apparel,$54.00 ,94,"$5,076 ","$1,726 ",34%,Online
,West Gear,1128299,1/20/20,West,Nevada,Las Vegas,Men's Street Footwear,$58.00 ,143,"$8,294 ","$4,230 ",51%,Online
,West Gear,1128299,1/21/20,West,Nevada,Las Vegas,Men's Athletic Footwear,$62.00 ,102,"$6,324 ","$2,403 ",38%,Online
,West Gear,1128299,1/22/20,West,Nevada,Las Vegas,Women's Street Footwear,$61.00 ,120,"$7,320 ","$3,880 ",53%,Online
,West Gear,1128299,1/23/20,West,Nevada,Las Vegas,Women's Athletic Footwear,$59.00 ,75,"$4,425 ","$2,036 ",46%,Online
,West Gear,1128299,1/24/20,West,Nevada,Las Vegas,Men's Apparel,$63.00 ,52,"$3,276 ","$2,162 ",66%,Online
,West Gear,1128299,1/25/20,West,Nevada,Las Vegas,Women's Apparel,$78.00 ,95,"$7,410 ","$2,519 ",34%,Online
,West Gear,1128299,1/26/20,West,Nevada,Las Vegas,Men's Street Footwear,$58.00 ,149,"$8,642 ","$5,012 ",58%,Online
,West Gear,1128299,1/27/20,West,Nevada,Las Vegas,Men's Athletic Footwear,$60.00 ,104,"$6,240 ","$2,683 ",43%,Online
,West Gear,1128299,1/28/20,West,Nevada,Las Vegas,Women's Street Footwear,$63.00 ,116,"$7,308 ","$4,166 ",57%,Online
,West Gear,1128299,1/29/20,West,Nevada,Las Vegas,Women's Athletic Footwear,$57.00 ,90,"$5,130 ","$2,565 ",50%,Online
,West Gear,1128299,1/30/20,West,Nevada,Las Vegas,Men's Apparel,$60.00 ,60,"$3,600 ","$2,520 ",70%,Online
,West Gear,1128299,1/31/20,West,Nevada,Las Vegas,Women's Apparel,$78.00 ,131,"$10,218 ","$3,576 ",35%,Online
,West Gear,1128299,2/1/20,West,Nevada,Las Vegas,Men's Street Footwear,$56.00 ,189,"$10,584 ","$6,033 ",57%,Online
,West Gear,1128299,2/2/20,West,Nevada,Las Vegas,Men's Athletic Footwear,$62.00 ,165,"$10,230 ","$4,194 ",41%,Online
,West Gear,1128299,2/3/20,West,Nevada,Las Vegas,Women's Street Footwear,$62.00 ,165,"$10,230 ","$6,036 ",59%,Online
,West Gear,1128299,2/4/20,West,Nevada,Las Vegas,Women's Athletic Footwear,$58.00 ,111,"$6,438 ","$3,283 ",51%,Online
,West Gear,1128299,2/5/20,West,Nevada,Las Vegas,Men's Apparel,$59.00 ,81,"$4,779 ","$3,536 ",74%,Online
,West Gear,1128299,2/6/20,West,Nevada,Las Vegas,Women's Apparel,$73.00 ,174,"$12,702 ","$5,081 ",40%,Online
,West Gear,1128299,2/7/20,West,Nevada,Las Vegas,Men's Street Footwear,$58.00 ,218,"$12,644 ","$6,701 ",53%,Online
,West Gear,1128299,2/8/20,West,Nevada,Las Vegas,Men's Athletic Footwear,$61.00 ,174,"$10,614 ","$3,821 ",36%,Online
,West Gear,1128299,2/9/20,West,Nevada,Las Vegas,Women's Street Footwear,$61.00 ,143,"$8,723 ","$4,623 ",53%,Online
,West Gear,1128299,2/10/20,West,Nevada,Las Vegas,Women's Athletic Footwear,$55.00 ,117,"$6,435 ","$3,153 ",49%,Online
,West Gear,1128299,2/11/20,West,Nevada,Las Vegas,Men's Apparel,$60.00 ,130,"$7,800 ","$5,460 ",70%,Online
,West Gear,1128299,2/12/20,West,Nevada,Las Vegas,Women's Apparel,$78.00 ,145,"$11,310 ","$3,393 ",30%,Online
,West Gear,1128299,2/13/20,West,Nevada,Las Vegas,Men's Street Footwear,$62.00 ,210,"$13,020 ","$6,901 ",53%,Online
,West Gear,1128299,2/14/20,West,Nevada,Las Vegas,Men's Athletic Footwear,$64.00 ,182,"$11,648 ","$4,543 ",39%,Online
,West Gear,1128299,2/15/20,West,Nevada,Las Vegas,Women's Street Footwear,$60.00 ,152,"$9,120 ","$4,742 ",52%,Online
,West Gear,1128299,2/16/20,West,Nevada,Las Vegas,Women's Athletic Footwear,$64.00 ,124,"$7,936 ","$3,730 ",47%,Online
,West Gear,1128299,2/17/20,West,Nevada,Las Vegas,Men's Apparel,$68.00 ,138,"$9,384 ","$6,381 ",68%,Online
,West Gear,1128299,2/18/20,West,Nevada,Las Vegas,Women's Apparel,$78.00 ,108,"$8,424 ","$2,864 ",34%,Online
,West Gear,1128299,2/19/20,West,Nevada,Las Vegas,Men's Street Footwear,$56.00 ,174,"$9,744 ","$4,677 ",48%,Online
,West Gear,1128299,2/20/20,West,Nevada,Las Vegas,Men's Athletic Footwear,$61.00 ,162,"$9,882 ","$3,360 ",34%,Online
,West Gear,1128299,2/21/20,West,Nevada,Las Vegas,Women's Street Footwear,$57.00 ,117,"$6,669 ","$3,335 ",50%,Online
,West Gear,1128299,2/22/20,West,Nevada,Las Vegas,Women's Athletic Footwear,$58.00 ,112,"$6,496 ","$2,858 ",44%,Online
,West Gear,1128299,2/23/20,West,Nevada,Las Vegas,Men's Apparel,$67.00 ,120,"$8,040 ","$4,904 ",61%,Online
,West Gear,1128299,2/24/20,West,Nevada,Las Vegas,Women's Apparel,$74.00 ,113,"$8,362 ","$2,509 ",30%,Online
,West Gear,1128299,2/25/20,West,Nevada,Las Vegas,Men's Street Footwear,$56.00 ,138,"$7,728 ","$3,787 ",49%,Online
,West Gear,1128299,2/26/20,West,Nevada,Las Vegas,Men's Athletic Footwear,$59.00 ,165,"$9,735 ","$3,407 ",35%,Online
,West Gear,1128299,2/27/20,West,Nevada,Las Vegas,Women's Street Footwear,$54.00 ,109,"$5,886 ","$2,649 ",45%,Online
,West Gear,1128299,2/28/20,West,Nevada,Las Vegas,Women's Athletic Footwear,$54.00 ,105,"$5,670 ","$2,381 ",42%,Online
,West Gear,1128299,3/1/20,West,Nevada,Las Vegas,Men's Apparel,$63.00 ,81,"$5,103 ","$3,113 ",61%,Online
,West Gear,1128299,3/2/20,West,Nevada,Las Vegas,Women's Apparel,$68.00 ,94,"$6,392 ","$1,598 ",25%,Online
,West Gear,1128299,3/3/20,West,Nevada,Las Vegas,Men's Street Footwear,$57.00 ,155,"$8,835 ","$4,241 ",48%,Online
,West Gear,1128299,3/4/20,West,Nevada,Las Vegas,Men's Athletic Footwear,$64.00 ,150,"$9,600 ","$3,264 ",34%,Online
,West Gear,1128299,3/5/20,West,Nevada,Las Vegas,Women's Street Footwear,$55.00 ,106,"$5,830 ","$2,682 ",46%,Online
,West Gear,1128299,3/6/20,West,Nevada,Las Vegas,Women's Athletic Footwear,$56.00 ,108,"$6,048 ","$2,480 ",41%,Online
,West Gear,1128299,3/7/20,West,Nevada,Las Vegas,Men's Apparel,$64.00 ,88,"$5,632 ","$3,604 ",64%,Online
,West Gear,1128299,3/8/20,West,Nevada,Las Vegas,Women's Apparel,$68.00 ,133,"$9,044 ","$2,351 ",26%,Online
,West Gear,1128299,3/9/20,West,Nevada,Las Vegas,Men's Street Footwear,$58.00 ,196,"$11,368 ","$5,343 ",47%,Online
,West Gear,1128299,3/10/20,West,Nevada,Las Vegas,Men's Athletic Footwear,$62.00 ,189,"$11,718 ","$3,984 ",34%,Online
,West Gear,1128299,3/11/20,West,Nevada,Las Vegas,Women's Street Footwear,$59.00 ,119,"$7,021 ","$3,300 ",47%,Online
,West Gear,1128299,3/12/20,West,Nevada,Las Vegas,Women's Athletic Footwear,$57.00 ,133,"$7,581 ","$3,336 ",44%,Online
,West Gear,1128299,3/13/20,West,Nevada,Las Vegas,Men's Apparel,$69.00 ,112,"$7,728 ","$4,637 ",60%,Online
,West Gear,1128299,3/14/20,West,Nevada,Las Vegas,Women's Apparel,$74.00 ,150,"$11,100 ","$2,997 ",27%,Online
,West Gear,1128299,3/15/20,West,Nevada,Las Vegas,Men's Street Footwear,$28.00 ,123,"$3,444 ","$1,722 ",50%,Online
,West Gear,1128299,3/16/20,West,Nevada,Las Vegas,Men's Athletic Footwear,$38.00 ,123,"$4,674 ","$1,542 ",33%,Online
,West Gear,1128299,3/17/20,West,Nevada,Las Vegas,Women's Street Footwear,$39.00 ,115,"$4,485 ","$2,063 ",46%,Online
,West Gear,1128299,3/18/20,West,Nevada,Las Vegas,Women's Athletic Footwear,$38.00 ,72,"$2,736 ","$1,231 ",45%,Online
,West Gear,1128299,3/19/20,West,Colorado,Denver,Men's Apparel,$41.00 ,56,"$2,296 ","$1,469 ",64%,Online
,West Gear,1128299,3/20/20,West,Colorado,Denver,Women's Apparel,$37.00 ,128,"$4,736 ","$1,231 ",26%,Online
,West Gear,1128299,3/21/20,West,Colorado,Denver,Men's Street Footwear,$27.00 ,131,"$3,537 ","$1,698 ",48%,Online
,West Gear,1128299,3/22/20,West,Colorado,Denver,Men's Athletic Footwear,$38.00 ,111,"$4,218 ","$1,265 ",30%,Online
,West Gear,1128299,3/23/20,West,Colorado,Denver,Women's Street Footwear,$38.00 ,123,"$4,674 ","$2,337 ",50%,Online
,West Gear,1128299,3/24/20,West,Colorado,Denver,Women's Athletic Footwear,$36.00 ,72,"$2,592 ","$1,166 ",45%,Online
,West Gear,1128299,3/25/20,West,Colorado,Denver,Men's Apparel,$43.00 ,58,"$2,494 ","$1,546 ",62%,Online
,West Gear,1128299,3/26/20,West,Colorado,Denver,Women's Apparel,$37.00 ,116,"$4,292 ","$1,159 ",27%,Online
,West Gear,1128299,3/27/20,West,Colorado,Denver,Men's Street Footwear,$37.00 ,165,"$6,105 ","$2,930 ",48%,Online
,West Gear,1128299,3/28/20,West,Colorado,Denver,Men's Athletic Footwear,$48.00 ,112,"$5,376 ","$1,828 ",34%,Online
,West Gear,1128299,3/29/20,West,Colorado,Denver,Women's Street Footwear,$51.00 ,116,"$5,916 ","$2,899 ",49%,Online
,West Gear,1128299,3/30/20,West,Colorado,Denver,Women's Athletic Footwear,$51.00 ,90,"$4,590 ","$1,974 ",43%,Online
,West Gear,1128299,3/31/20,West,Colorado,Denver,Men's Apparel,$56.00 ,39,"$2,184 ","$1,310 ",60%,Online
,West Gear,1128299,4/1/20,West,Colorado,Denver,Women's Apparel,$52.00 ,95,"$4,940 ","$1,433 ",29%,Online
,West Gear,1128299,4/2/20,West,Colorado,Denver,Men's Street Footwear,$55.00 ,131,"$7,205 ","$3,386 ",47%,Online
,West Gear,1128299,4/3/20,West,Colorado,Denver,Men's Athletic Footwear,$59.00 ,94,"$5,546 ","$1,941 ",35%,Online
,West Gear,1128299,4/4/20,West,Colorado,Denver,Women's Street Footwear,$61.00 ,113,"$6,893 ","$3,447 ",50%,Online
,West Gear,1128299,4/5/20,West,Colorado,Denver,Women's Athletic Footwear,$56.00 ,74,"$4,144 ","$1,782 ",43%,Online
,West Gear,1128299,4/6/20,West,Colorado,Denver,Men's Apparel,$62.00 ,44,"$2,728 ","$1,664 ",61%,Online
,West Gear,1128299,4/7/20,West,Colorado,Denver,Women's Apparel,$72.00 ,98,"$7,056 ","$1,764 ",25%,Online
,West Gear,1128299,4/8/20,West,Colorado,Denver,Men's Street Footwear,$55.00 ,131,"$7,205 ","$4,395 ",61%,Online
,West Gear,1128299,4/9/20,West,Colorado,Denver,Men's Athletic Footwear,$60.00 ,105,"$6,300 ","$2,898 ",46%,Online
,West Gear,1128299,4/10/20,West,Colorado,Denver,Women's Street Footwear,$59.00 ,98,"$5,782 ","$3,469 ",60%,Online
,West Gear,1128299,4/11/20,West,Colorado,Denver,Women's Athletic Footwear,$58.00 ,69,"$4,002 ","$2,361 ",59%,Online
,West Gear,1128299,4/12/20,West,Colorado,Denver,Men's Apparel,$63.00 ,44,"$2,772 ","$2,107 ",76%,Online
,West Gear,1128299,4/13/20,West,Colorado,Denver,Women's Apparel,$74.00 ,133,"$9,842 ","$4,232 ",43%,Online
,West Gear,1128299,4/14/20,West,Colorado,Denver,Men's Street Footwear,$54.00 ,189,"$10,206 ","$6,532 ",64%,Online
,West Gear,1128299,4/15/20,West,Colorado,Denver,Men's Athletic Footwear,$59.00 ,144,"$8,496 ","$4,248 ",50%,Online
,West Gear,1128299,4/16/20,West,Colorado,Denver,Women's Street Footwear,$64.00 ,150,"$9,600 ","$6,144 ",64%,Online
,West Gear,1128299,4/17/20,West,Colorado,Denver,Women's Athletic Footwear,$62.00 ,135,"$8,370 ","$5,022 ",60%,Online
,West Gear,1128299,4/18/20,West,Colorado,Denver,Men's Apparel,$66.00 ,91,"$6,006 ","$4,625 ",77%,Online
,West Gear,1128299,4/19/20,West,Colorado,Denver,Women's Apparel,$83.00 ,181,"$15,023 ","$6,460 ",43%,Online
,West Gear,1128299,4/20/20,West,Colorado,Denver,Men's Street Footwear,$64.00 ,202,"$12,928 ","$7,757 ",60%,Online
,West Gear,1128299,4/21/20,West,Colorado,Denver,Men's Athletic Footwear,$67.00 ,188,"$12,596 ","$5,038 ",40%,Online
,West Gear,1128299,4/22/20,West,Colorado,Denver,Women's Street Footwear,$67.00 ,161,"$10,787 ","$5,933 ",55%,Online
,West Gear,1128299,4/23/20,West,Colorado,Denver,Women's Athletic Footwear,$61.00 ,143,"$8,723 ","$4,536 ",52%,Online
,West Gear,1128299,4/24/20,West,Colorado,Denver,Men's Apparel,$67.00 ,131,"$8,777 ","$6,144 ",70%,Online
,West Gear,1128299,4/25/20,West,Colorado,Denver,Women's Apparel,$78.00 ,137,"$10,686 ","$4,274 ",40%,Online
,West Gear,1128299,4/26/20,West,Colorado,Denver,Men's Street Footwear,$63.00 ,196,"$12,348 ","$7,285 ",59%,Online
,West Gear,1128299,4/27/20,West,Colorado,Denver,Men's Athletic Footwear,$73.00 ,189,"$13,797 ","$5,795 ",42%,Online
,West Gear,1128299,4/28/20,West,Colorado,Denver,Women's Street Footwear,$67.00 ,143,"$9,581 ","$5,461 ",57%,Online
,West Gear,1128299,4/29/20,West,Colorado,Denver,Women's Athletic Footwear,$63.00 ,135,"$8,505 ","$4,593 ",54%,Online
,West Gear,1128299,4/30/20,West,Colorado,Denver,Men's Apparel,$74.00 ,140,"$10,360 ","$7,563 ",73%,Online
,West Gear,1128299,5/1/20,West,Colorado,Denver,Women's Apparel,$74.00 ,100,"$7,400 ","$2,590 ",35%,Online
,West Gear,1128299,5/2/20,West,Colorado,Denver,Men's Street Footwear,$59.00 ,162,"$9,558 ","$5,066 ",53%,Online
,West Gear,1128299,5/3/20,West,Colorado,Denver,Men's Athletic Footwear,$69.00 ,168,"$11,592 ","$4,173 ",36%,Online
,West Gear,1128299,5/4/20,West,Colorado,Denver,Women's Street Footwear,$60.00 ,113,"$6,780 ","$3,390 ",50%,Online
,West Gear,1128299,5/5/20,West,Colorado,Denver,Women's Athletic Footwear,$59.00 ,100,"$5,900 ","$2,832 ",48%,Online
,West Gear,1128299,5/6/20,West,Colorado,Denver,Men's Apparel,$74.00 ,120,"$8,880 ","$6,127 ",69%,Online
,West Gear,1128299,5/7/20,West,Colorado,Denver,Women's Apparel,$65.00 ,106,"$6,890 ","$2,136 ",31%,Online
,West Gear,1128299,5/8/20,West,Colorado,Denver,Men's Street Footwear,$51.00 ,137,"$6,987 ","$3,494 ",50%,Online
,West Gear,1128299,5/9/20,West,Colorado,Denver,Men's Athletic Footwear,$54.00 ,152,"$8,208 ","$2,873 ",35%,Online
,West Gear,1128299,5/10/20,West,Colorado,Denver,Women's Street Footwear,$51.00 ,102,"$5,202 ","$2,601 ",50%,Online
,West Gear,1128299,5/11/20,West,Colorado,Denver,Women's Athletic Footwear,$53.00 ,85,"$4,505 ","$2,072 ",46%,Online
,West Gear,1128299,5/12/20,West,Colorado,Denver,Men's Apparel,$64.00 ,75,"$4,800 ","$3,168 ",66%,Online
,West Gear,1128299,5/13/20,West,Colorado,Denver,Women's Apparel,$65.00 ,105,"$6,825 ","$2,048 ",30%,Online
,West Gear,1128299,5/14/20,West,Colorado,Denver,Men's Street Footwear,$52.00 ,150,"$7,800 ","$4,290 ",55%,Online
,West Gear,1128299,5/15/20,West,Colorado,Denver,Men's Athletic Footwear,$55.00 ,150,"$8,250 ","$3,053 ",37%,Online
,West Gear,1128299,5/16/20,West,Colorado,Denver,Women's Street Footwear,$51.00 ,128,"$6,528 ","$3,460 ",53%,Online
,West Gear,1128299,5/17/20,West,Colorado,Denver,Women's Athletic Footwear,$60.00 ,116,"$6,960 ","$3,341 ",48%,Online
,West Gear,1128299,5/18/20,West,Colorado,Denver,Men's Apparel,$68.00 ,105,"$7,140 ","$4,927 ",69%,Online
,West Gear,1128299,5/19/20,West,Colorado,Denver,Women's Apparel,$73.00 ,130,"$9,490 ","$2,942 ",31%,Online
,West Gear,1128299,5/20/20,West,Colorado,Denver,Men's Street Footwear,$59.00 ,203,"$11,977 ","$6,228 ",52%,Online
,West Gear,1128299,5/21/20,West,Colorado,Denver,Men's Athletic Footwear,$64.00 ,182,"$11,648 ","$4,426 ",38%,Online
,West Gear,1128299,5/22/20,West,Colorado,Denver,Women's Street Footwear,$60.00 ,125,"$7,500 ","$4,125 ",55%,Online
,West Gear,1128299,5/23/20,West,Colorado,Denver,Women's Athletic Footwear,$63.00 ,125,"$7,875 ","$3,544 ",45%,Online
,West Gear,1128299,5/24/20,West,Colorado,Denver,Men's Apparel,$68.00 ,115,"$7,820 ","$5,239 ",67%,Online
,West Gear,1128299,5/25/20,West,Colorado,Denver,Women's Apparel,$75.00 ,137,"$10,275 ","$3,391 ",33%,Online
,West Gear,1128299,5/26/20,West,Colorado,Denver,Men's Street Footwear,$36.00 ,117,"$4,212 ","$1,727 ",41%,Online
,West Gear,1128299,5/27/20,West,Colorado,Denver,Men's Athletic Footwear,$48.00 ,131,"$6,288 ","$2,515 ",40%,Online
,West Gear,1128299,5/28/20,West,Colorado,Denver,Women's Street Footwear,$46.00 ,135,"$6,210 ","$2,174 ",35%,Online
,West Gear,1128299,5/29/20,West,Colorado,Denver,Women's Athletic Footwear,$49.00 ,78,"$3,822 ","$1,567 ",41%,Online
,West Gear,1128299,5/30/20,West,Washington,Seattle,Men's Apparel,$51.00 ,73,"$3,723 ","$1,452 ",39%,Online
,West Gear,1128299,5/31/20,West,Washington,Seattle,Women's Apparel,$46.00 ,125,"$5,750 ","$1,783 ",31%,Online
,West Gear,1128299,6/1/20,West,Washington,Seattle,Men's Street Footwear,$36.00 ,138,"$4,968 ","$2,136 ",43%,Online
,West Gear,1128299,6/2/20,West,Washington,Seattle,Men's Athletic Footwear,$47.00 ,131,"$6,157 ","$2,401 ",39%,Online
,West Gear,1128299,6/3/20,West,Washington,Seattle,Women's Street Footwear,$47.00 ,122,"$5,734 ","$2,236 ",39%,Online
,West Gear,1128299,6/4/20,West,Washington,Seattle,Women's Athletic Footwear,$48.00 ,87,"$4,176 ","$1,754 ",42%,Online
,West Gear,1128299,6/5/20,West,Washington,Seattle,Men's Apparel,$52.00 ,65,"$3,380 ","$1,352 ",40%,Online
,West Gear,1128299,6/6/20,West,Washington,Seattle,Women's Apparel,$46.00 ,123,"$5,658 ","$1,754 ",31%,Online
,West Gear,1128299,6/7/20,West,Washington,Seattle,Men's Street Footwear,$46.00 ,167,"$7,682 ","$3,457 ",45%,Online
,West Gear,1128299,6/8/20,West,Washington,Seattle,Men's Athletic Footwear,$58.00 ,115,"$6,670 ","$2,401 ",36%,Online
,West Gear,1128299,6/9/20,West,Washington,Seattle,Women's Street Footwear,$60.00 ,115,"$6,900 ","$2,760 ",40%,Online
,West Gear,1128299,6/10/20,West,Washington,Seattle,Women's Athletic Footwear,$64.00 ,85,"$5,440 ","$2,285 ",42%,Online
,West Gear,1128299,6/11/20,West,Washington,Seattle,Men's Apparel,$69.00 ,46,"$3,174 ","$1,206 ",38%,Online
,West Gear,1128299,6/12/20,West,Washington,Seattle,Women's Apparel,$62.00 ,105,"$6,510 ","$2,213 ",34%,Online
,West Gear,1128299,6/13/20,West,Washington,Seattle,Men's Street Footwear,$68.00 ,160,"$10,880 ","$4,787 ",44%,Online
,West Gear,1128299,6/14/20,West,Washington,Seattle,Men's Athletic Footwear,$71.00 ,88,"$6,248 ","$2,437 ",39%,Online
,West Gear,1128299,6/15/20,West,Washington,Seattle,Women's Street Footwear,$74.00 ,120,"$8,880 ","$3,463 ",39%,Online
,West Gear,1128299,6/16/20,West,Washington,Seattle,Women's Athletic Footwear,$55.00 ,90,"$4,950 ","$2,079 ",42%,Online
,West Gear,1128299,6/17/20,West,Washington,Seattle,Men's Apparel,$59.00 ,56,"$3,304 ","$1,322 ",40%,Online
,West Gear,1128299,6/18/20,West,Washington,Seattle,Women's Apparel,$78.00 ,88,"$6,864 ","$2,196 ",32%,Online
,West Gear,1128299,6/19/20,West,Washington,Seattle,Men's Street Footwear,$55.00 ,165,"$9,075 ","$3,721 ",41%,Online
,West Gear,1128299,6/20/20,West,Washington,Seattle,Men's Athletic Footwear,$60.00 ,108,"$6,480 ","$2,462 ",38%,Online
,West Gear,1128299,6/21/20,West,Washington,Seattle,Women's Street Footwear,$61.00 ,120,"$7,320 ","$2,782 ",38%,Online
,West Gear,1128299,6/22/20,West,Washington,Seattle,Women's Athletic Footwear,$59.00 ,90,"$5,310 ","$2,336 ",44%,Online
,West Gear,1128299,6/23/20,West,Washington,Seattle,Men's Apparel,$60.00 ,52,"$3,120 ","$1,186 ",38%,Online
,West Gear,1128299,6/24/20,West,Washington,Seattle,Women's Apparel,$75.00 ,125,"$9,375 ","$3,094 ",33%,Online
,West Gear,1128299,6/25/20,West,Washington,Seattle,Men's Street Footwear,$71.00 ,195,"$13,845 ","$5,815 ",42%,Online
,West Gear,1128299,6/26/20,West,Washington,Seattle,Men's Athletic Footwear,$74.00 ,188,"$13,912 ","$5,147 ",37%,Online
,West Gear,1128299,6/27/20,West,Washington,Seattle,Women's Street Footwear,$72.00 ,163,"$11,736 ","$4,460 ",38%,Online
,West Gear,1128299,6/28/20,West,Washington,Seattle,Women's Athletic Footwear,$75.00 ,125,"$9,375 ","$3,750 ",40%,Online
,West Gear,1128299,6/29/20,West,Washington,Seattle,Men's Apparel,$82.00 ,105,"$8,610 ","$3,358 ",39%,Online
,West Gear,1128299,6/30/20,West,Washington,Seattle,Women's Apparel,$98.00 ,182,"$17,836 ","$6,064 ",34%,Online
,West Gear,1128299,7/1/20,West,Washington,Seattle,Men's Street Footwear,$73.00 ,239,"$17,447 ","$6,979 ",40%,Online
,West Gear,1128299,7/2/20,West,Washington,Seattle,Men's Athletic Footwear,$82.00 ,182,"$14,924 ","$5,373 ",36%,Online
,West Gear,1128299,7/3/20,West,Washington,Seattle,Women's Street Footwear,$78.00 ,175,"$13,650 ","$4,778 ",35%,Online
,West Gear,1128299,7/4/20,West,Washington,Seattle,Women's Athletic Footwear,$78.00 ,137,"$10,686 ","$4,381 ",41%,Online
,West Gear,1128299,7/5/20,West,Washington,Seattle,Men's Apparel,$77.00 ,144,"$11,088 ","$3,881 ",35%,Online
,West Gear,1128299,7/6/20,West,Washington,Seattle,Women's Apparel,$95.00 ,155,"$14,725 ","$5,154 ",35%,Online
,West Gear,1128299,7/7/20,West,Washington,Seattle,Men's Street Footwear,$80.00 ,217,"$17,360 ","$7,812 ",45%,Online
,West Gear,1128299,7/8/20,West,Washington,Seattle,Men's Athletic Footwear,$77.00 ,210,"$16,170 ","$6,306 ",39%,Online
,West Gear,1128299,7/9/20,West,Washington,Seattle,Women's Street Footwear,$73.00 ,163,"$11,899 ","$4,165 ",35%,Online
,West Gear,1128299,7/10/20,West,Washington,Seattle,Women's Athletic Footwear,$74.00 ,155,"$11,470 ","$5,047 ",44%,Online
,West Gear,1128299,7/11/20,West,Washington,Seattle,Men's Apparel,$71.00 ,155,"$11,005 ","$4,292 ",39%,Online
,West Gear,1128299,7/12/20,West,Washington,Seattle,Women's Apparel,$76.00 ,108,"$8,208 ","$2,709 ",33%,Online
,West Gear,1128299,7/13/20,West,Washington,Seattle,Men's Street Footwear,$64.00 ,156,"$9,984 ","$4,093 ",41%,Online
,West Gear,1128299,7/14/20,West,Washington,Seattle,Men's Athletic Footwear,$71.00 ,174,"$12,354 ","$4,324 ",35%,Online
,West Gear,1128299,7/15/20,West,Washington,Seattle,Women's Street Footwear,$63.00 ,135,"$8,505 ","$3,147 ",37%,Online
,West Gear,1128299,7/16/20,West,Washington,Seattle,Women's Athletic Footwear,$67.00 ,112,"$7,504 ","$3,002 ",40%,Online
,West Gear,1128299,7/17/20,West,Washington,Seattle,Men's Apparel,$72.00 ,111,"$7,992 ","$3,197 ",40%,Online
,West Gear,1128299,7/18/20,West,Washington,Seattle,Women's Apparel,$62.00 ,113,"$7,006 ","$2,452 ",35%,Online
,West Gear,1128299,7/19/20,West,Washington,Seattle,Men's Street Footwear,$58.00 ,149,"$8,642 ","$3,457 ",40%,Online
,West Gear,1128299,7/20/20,West,Washington,Seattle,Men's Athletic Footwear,$64.00 ,138,"$8,832 ","$3,268 ",37%,Online
,West Gear,1128299,7/21/20,West,Washington,Seattle,Women's Street Footwear,$56.00 ,113,"$6,328 ","$2,278 ",36%,Online
,West Gear,1128299,7/22/20,West,Washington,Seattle,Women's Athletic Footwear,$58.00 ,98,"$5,684 ","$2,501 ",44%,Online
,West Gear,1128299,7/23/20,West,Washington,Seattle,Men's Apparel,$69.00 ,94,"$6,486 ","$2,270 ",35%,Online
,West Gear,1128299,7/24/20,West,Washington,Seattle,Women's Apparel,$71.00 ,101,"$7,171 ","$2,510 ",35%,Online
,West Gear,1128299,7/25/20,West,Washington,Seattle,Men's Street Footwear,$54.00 ,162,"$8,748 ","$3,849 ",44%,Online
,West Gear,1128299,7/26/20,West,Washington,Seattle,Men's Athletic Footwear,$60.00 ,188,"$11,280 ","$4,174 ",37%,Online
,West Gear,1128299,7/27/20,West,Washington,Seattle,Women's Street Footwear,$54.00 ,124,"$6,696 ","$2,478 ",37%,Online
,West Gear,1128299,7/28/20,West,Washington,Seattle,Women's Athletic Footwear,$69.00 ,117,"$8,073 ","$3,471 ",43%,Online
,West Gear,1128299,7/29/20,West,Washington,Seattle,Men's Apparel,$85.00 ,115,"$9,775 ","$3,910 ",40%,Online
,West Gear,1128299,7/30/20,West,Washington,Seattle,Women's Apparel,$88.00 ,138,"$12,144 ","$3,765 ",31%,Online
,West Gear,1128299,7/31/20,West,Washington,Seattle,Men's Street Footwear,$78.00 ,188,"$14,664 ","$5,866 ",40%,Online
,West Gear,1128299,8/1/20,West,Washington,Seattle,Men's Athletic Footwear,$77.00 ,195,"$15,015 ","$5,706 ",38%,Online
,West Gear,1128299,8/2/20,West,Washington,Seattle,Women's Street Footwear,$73.00 ,138,"$10,074 ","$3,929 ",39%,Online
,West Gear,1128299,8/3/20,West,Washington,Seattle,Women's Athletic Footwear,$76.00 ,138,"$10,488 ","$4,510 ",43%,Online
,West Gear,1128299,8/4/20,West,Washington,Seattle,Men's Apparel,$82.00 ,133,"$10,906 ","$4,144 ",38%,Online
,West Gear,1128299,8/5/20,West,Washington,Seattle,Women's Apparel,$86.00 ,150,"$12,900 ","$4,386 ",34%,Online
,Foot Locker,1185732,8/6/20,West,Washington,Seattle,Men's Street Footwear,$44.00 ,273,"$12,012 ","$6,607 ",55%,Online
,Foot Locker,1185732,8/7/20,West,Washington,Seattle,Men's Athletic Footwear,$41.00 ,221,"$9,061 ","$4,440 ",49%,Online
,Foot Locker,1185732,8/8/20,West,Washington,Seattle,Women's Street Footwear,$34.00 ,230,"$7,820 ","$3,050 ",39%,Online
,Foot Locker,1185732,8/9/20,West,Washington,Seattle,Women's Athletic Footwear,$38.00 ,175,"$6,650 ","$2,660 ",40%,Online
,Foot Locker,1185732,8/10/20,Southeast,Florida,Miami,Men's Apparel,$50.00 ,195,"$9,750 ","$4,875 ",50%,Online
,Foot Locker,1185732,8/11/20,Southeast,Florida,Miami,Women's Apparel,$41.00 ,247,"$10,127 ","$6,279 ",62%,Online
,Foot Locker,1185732,8/12/20,Southeast,Florida,Miami,Men's Street Footwear,$43.00 ,319,"$13,717 ","$7,819 ",57%,Online
,Foot Locker,1185732,8/13/20,Southeast,Florida,Miami,Men's Athletic Footwear,$43.00 ,195,"$8,385 ","$4,109 ",49%,Online
,Foot Locker,1185732,8/14/20,Southeast,Florida,Miami,Women's Street Footwear,$32.00 ,240,"$7,680 ","$2,918 ",38%,Online
,West Gear,1185732,8/15/20,Southeast,Florida,Miami,Women's Athletic Footwear,$38.00 ,169,"$6,422 ","$2,826 ",44%,Online
,Foot Locker,1185732,8/16/20,Southeast,Florida,Miami,Men's Apparel,$53.00 ,218,"$11,554 ","$5,546 ",48%,Online
,Foot Locker,1185732,8/17/20,Southeast,Florida,Miami,Women's Apparel,$41.00 ,221,"$9,061 ","$5,890 ",65%,Online
,Foot Locker,1185732,8/18/20,Southeast,Florida,Miami,Men's Street Footwear,$41.00 ,268,"$10,988 ","$6,593 ",60%,Online
,Foot Locker,1185732,8/19/20,Southeast,Florida,Miami,Men's Athletic Footwear,$42.00 ,225,"$9,450 ","$4,536 ",48%,Online
,Foot Locker,1185732,8/20/20,Southeast,Florida,Miami,Women's Street Footwear,$32.00 ,217,"$6,944 ","$2,430 ",35%,Online
,Foot Locker,1185732,8/21/20,Southeast,Florida,Miami,Women's Athletic Footwear,$36.00 ,175,"$6,300 ","$2,520 ",40%,Online
,Foot Locker,1185732,8/22/20,Southeast,Florida,Miami,Men's Apparel,$53.00 ,182,"$9,646 ","$4,437 ",46%,Online
,Foot Locker,1185732,8/23/20,Southeast,Florida,Miami,Women's Apparel,$42.00 ,225,"$9,450 ","$6,048 ",64%,Online
,Foot Locker,1185732,4/24/20,Southeast,Florida,Miami,Men's Street Footwear,$42.00 ,256,"$10,752 ","$6,236 ",58%,Online
,Foot Locker,1185732,4/24/20,Southeast,Florida,Miami,Men's Athletic Footwear,$41.00 ,210,"$8,610 ","$4,305 ",50%,Online
,West Gear,1185732,4/24/20,Southeast,Florida,Miami,Women's Street Footwear,$32.00 ,203,"$6,496 ","$2,598 ",40%,Online
,West Gear,1185732,4/24/20,Southeast,Florida,Miami,Women's Athletic Footwear,$38.00 ,189,"$7,182 ","$3,232 ",45%,Online
,West Gear,1185732,4/24/20,Southeast,Florida,Miami,Men's Apparel,$52.00 ,196,"$10,192 ","$4,586 ",45%,Online
,West Gear,1185732,4/24/20,Southeast,Florida,Miami,Women's Apparel,$44.00 ,208,"$9,152 ","$5,491 ",60%,Online
,West Gear,1185732,4/24/20,Southeast,Florida,Miami,Men's Street Footwear,$52.00 ,300,"$15,600 ","$8,736 ",56%,Online
,West Gear,1185732,4/24/20,Southeast,Florida,Miami,Men's Athletic Footwear,$54.00 ,194,"$10,476 ","$5,238 ",50%,Online
,West Gear,1185732,4/24/20,Southeast,Florida,Miami,Women's Street Footwear,$47.00 ,188,"$8,836 ","$3,269 ",37%,Online
,West Gear,1185732,4/24/20,Southeast,Florida,Miami,Women's Athletic Footwear,$49.00 ,175,"$8,575 ","$3,687 ",43%,Online
,West Gear,1185732,4/24/20,Southeast,Florida,Miami,Men's Apparel,$58.00 ,196,"$11,368 ","$5,343 ",47%,Online
,West Gear,1185732,4/24/20,Southeast,Florida,Miami,Women's Apparel,$64.00 ,248,"$15,872 ","$10,158 ",64%,Online
,West Gear,1185732,4/24/20,Southeast,Florida,Miami,Men's Street Footwear,$55.00 ,290,"$15,950 ","$9,411 ",59%,Online
,West Gear,1185732,4/24/20,Southeast,Florida,Miami,Men's Athletic Footwear,$54.00 ,206,"$11,124 ","$5,451 ",49%,Online
,West Gear,1185732,9/7/20,Southeast,Florida,Miami,Women's Street Footwear,$49.00 ,208,"$10,192 ","$3,567 ",35%,Online
,West Gear,1185732,9/8/20,Southeast,Florida,Miami,Women's Athletic Footwear,$47.00 ,217,"$10,199 ","$4,080 ",40%,Online
,West Gear,1185732,9/9/20,Southeast,Florida,Miami,Men's Apparel,$62.00 ,233,"$14,446 ","$7,079 ",49%,Online
,West Gear,1185732,9/10/20,Southeast,Florida,Miami,Women's Apparel,$63.00 ,259,"$16,317 ","$10,606 ",65%,Online
,West Gear,1185732,9/11/20,Southeast,Florida,Miami,Men's Street Footwear,$60.00 ,299,"$17,940 ","$10,764 ",60%,Online
,West Gear,1185732,9/12/20,Southeast,Florida,Miami,Men's Athletic Footwear,$57.00 ,225,"$12,825 ","$5,900 ",46%,Online
,West Gear,1185732,9/13/20,Southeast,Florida,Miami,Women's Street Footwear,$50.00 ,215,"$10,750 ","$3,978 ",37%,Online
,West Gear,1185732,9/14/20,Southeast,Florida,Miami,Women's Athletic Footwear,$53.00 ,233,"$12,349 ","$5,310 ",43%,Online
,West Gear,1185732,9/15/20,Southeast,Florida,Miami,Men's Apparel,$61.00 ,208,"$12,688 ","$6,217 ",49%,Online
,West Gear,1185732,9/16/20,Southeast,Florida,Miami,Women's Apparel,$67.00 ,244,"$16,348 ","$10,626 ",65%,Online
,West Gear,1185732,9/17/20,Southeast,Florida,Miami,Men's Street Footwear,$60.00 ,304,"$18,240 ","$10,397 ",57%,Online
,West Gear,1185732,9/18/20,Southeast,Florida,Miami,Men's Athletic Footwear,$55.00 ,252,"$13,860 ","$6,237 ",45%,Online
,West Gear,1185732,9/19/20,Southeast,Florida,Miami,Women's Street Footwear,$53.00 ,231,"$12,243 ","$4,530 ",37%,Online
,Foot Locker,1185732,9/20/20,Southeast,Florida,Miami,Women's Athletic Footwear,$44.00 ,233,"$10,252 ","$4,101 ",40%,Online
,Foot Locker,1185732,9/21/20,Southeast,Florida,Miami,Men's Apparel,$52.00 ,225,"$11,700 ","$5,265 ",45%,Online
,Foot Locker,1185732,9/22/20,Southeast,Florida,Miami,Women's Apparel,$56.00 ,278,"$15,568 ","$9,496 ",61%,Online
,Foot Locker,1185732,9/23/20,Southeast,Florida,Miami,Men's Street Footwear,$53.00 ,284,"$15,052 ","$8,279 ",55%,Online
,Foot Locker,1185732,9/24/20,Southeast,Florida,Miami,Men's Athletic Footwear,$46.00 ,255,"$11,730 ","$5,279 ",45%,Online
,Sports Direct,1185732,9/25/20,Southeast,Florida,Miami,Women's Street Footwear,$41.00 ,225,"$9,225 ","$3,413 ",37%,Online
,Sports Direct,1185732,9/26/20,Southeast,Florida,Miami,Women's Athletic Footwear,$42.00 ,210,"$8,820 ","$3,793 ",43%,Online
,Sports Direct,1185732,9/27/20,Southeast,Florida,Miami,Men's Apparel,$50.00 ,210,"$10,500 ","$5,250 ",50%,Online
,Sports Direct,1185732,9/28/20,Southeast,Florida,Miami,Women's Apparel,$55.00 ,223,"$12,265 ","$7,727 ",63%,Online
,Sports Direct,1185732,9/29/20,Southeast,Florida,Miami,Men's Street Footwear,$56.00 ,270,"$15,120 ","$9,072 ",60%,Online
,Sports Direct,1185732,9/30/20,Southeast,Florida,Miami,Men's Athletic Footwear,$47.00 ,215,"$10,105 ","$4,547 ",45%,Online
,Sports Direct,1185732,10/1/20,Southeast,Florida,Miami,Women's Street Footwear,$47.00 ,203,"$9,541 ","$3,721 ",39%,Online
,Sports Direct,1185732,10/2/20,Southeast,Florida,Miami,Women's Athletic Footwear,$45.00 ,182,"$8,190 ","$3,604 ",44%,Online
,Sports Direct,1185732,10/3/20,Southeast,Florida,Miami,Men's Apparel,$57.00 ,189,"$10,773 ","$5,387 ",50%,Online
,Sports Direct,1185732,10/4/20,Southeast,Florida,Miami,Women's Apparel,$59.00 ,223,"$13,157 ","$8,552 ",65%,Online
,Sports Direct,1185732,10/5/20,Southeast,Florida,Miami,Men's Street Footwear,$56.00 ,244,"$13,664 ","$7,925 ",58%,Online
,Sports Direct,1185732,10/6/20,Southeast,Florida,Miami,Men's Athletic Footwear,$49.00 ,224,"$10,976 ","$5,268 ",48%,Online
,Sports Direct,1185732,10/7/20,Southeast,Florida,Miami,Women's Street Footwear,$46.00 ,224,"$10,304 ","$3,812 ",37%,Online
,Sports Direct,1185732,10/8/20,Southeast,Florida,Miami,Women's Athletic Footwear,$49.00 ,202,"$9,898 ","$4,355 ",44%,Online
,Sports Direct,1185732,10/9/20,Southeast,Florida,Miami,Men's Apparel,$64.00 ,195,"$12,480 ","$6,240 ",50%,Online
,Sports Direct,1185732,10/10/20,Southeast,Florida,Miami,Women's Apparel,$64.00 ,213,"$13,632 ","$8,179 ",60%,Online
,Sports Direct,1185732,5/24/20,Southeast,Florida,Miami,Men's Street Footwear,$63.00 ,323,"$20,349 ","$11,395 ",56%,Online
,Sports Direct,1185732,5/24/20,Southeast,Florida,Miami,Men's Athletic Footwear,$51.00 ,254,"$12,954 ","$6,088 ",47%,Online
,Sports Direct,1185732,5/24/20,Southeast,Florida,Miami,Women's Street Footwear,$52.00 ,248,"$12,896 ","$4,772 ",37%,Online
,Sports Direct,1185732,5/24/20,Southeast,Florida,Miami,Women's Athletic Footwear,$54.00 ,209,"$11,286 ","$4,853 ",43%,Online
,Foot Locker,1185732,5/24/20,Southeast,Florida,Miami,Men's Apparel,$60.00 ,202,"$12,120 ","$5,939 ",49%,Online
,Foot Locker,1185732,5/24/20,Southeast,Florida,Miami,Women's Apparel,$64.00 ,219,"$14,016 ","$8,830 ",63%,Online
,Foot Locker,1185732,10/17/20,Southeast,Florida,Miami,Men's Street Footwear,$33.00 ,131,"$4,323 ","$1,945 ",45%,Online
,Foot Locker,1185732,10/18/20,Southeast,Florida,Miami,Men's Athletic Footwear,$33.00 ,65,"$2,145 ",$858 ,40%,Online
,Foot Locker,1185732,10/19/20,Southeast,Florida,Miami,Women's Street Footwear,$24.00 ,63,"$1,512 ",$665 ,44%,Online
,Foot Locker,1185732,10/20/20,Southeast,Florida,Miami,Women's Athletic Footwear,$29.00 ,26,$754 ,$339 ,45%,Online
,Foot Locker,1185732,10/21/20,Midwest,Minnesota,Minneapolis,Men's Apparel,$43.00 ,39,"$1,677 ",$755 ,45%,Online
,Foot Locker,1185732,10/22/20,Midwest,Minnesota,Minneapolis,Women's Apparel,$32.00 ,65,"$2,080 ","$1,165 ",56%,Online
,Foot Locker,1185732,10/23/20,Midwest,Minnesota,Minneapolis,Men's Street Footwear,$32.00 ,135,"$4,320 ","$1,944 ",45%,Online
,Foot Locker,1185732,10/24/20,Midwest,Minnesota,Minneapolis,Men's Athletic Footwear,$34.00 ,38,"$1,292 ",$581 ,45%,Online
,Foot Locker,1185732,10/25/20,Midwest,Minnesota,Minneapolis,Women's Street Footwear,$25.00 ,56,"$1,400 ",$588 ,42%,Online
,Foot Locker,1185732,10/26/20,Midwest,Minnesota,Minneapolis,Women's Athletic Footwear,$27.00 ,20,$540 ,$254 ,47%,Online
,Foot Locker,1185732,10/27/20,Midwest,Minnesota,Minneapolis,Men's Apparel,$41.00 ,44,"$1,804 ",$740 ,41%,Online
,Foot Locker,1185732,10/28/20,Midwest,Minnesota,Minneapolis,Women's Apparel,$34.00 ,65,"$2,210 ","$1,216 ",55%,Online
,Foot Locker,1185732,10/29/20,Midwest,Minnesota,Minneapolis,Men's Street Footwear,$39.00 ,116,"$4,524 ","$2,262 ",50%,Online
,Foot Locker,1185732,10/30/20,Midwest,Minnesota,Minneapolis,Men's Athletic Footwear,$38.00 ,35,"$1,330 ",$532 ,40%,Online
,Foot Locker,1185732,10/31/20,Midwest,Minnesota,Minneapolis,Women's Street Footwear,$29.00 ,53,"$1,537 ",$692 ,45%,Online
,Foot Locker,1185732,11/1/20,Midwest,Minnesota,Minneapolis,Women's Athletic Footwear,$32.00 ,7,$224 ,$112 ,50%,Online
,Foot Locker,1185732,11/2/20,Midwest,Minnesota,Minneapolis,Men's Apparel,$47.00 ,19,$893 ,$375 ,42%,Online
,Foot Locker,1185732,11/3/20,Midwest,Minnesota,Minneapolis,Women's Apparel,$38.00 ,47,"$1,786 ",$982 ,55%,Online
,Foot Locker,1185732,11/4/20,Midwest,Minnesota,Minneapolis,Men's Street Footwear,$36.00 ,120,"$4,320 ","$2,030 ",47%,Online
,Foot Locker,1185732,11/5/20,Midwest,Minnesota,Minneapolis,Men's Athletic Footwear,$38.00 ,28,"$1,064 ",$447 ,42%,Online
,Foot Locker,1185732,11/6/20,Midwest,Minnesota,Minneapolis,Women's Street Footwear,$29.00 ,26,$754 ,$332 ,44%,Online
,Foot Locker,1185732,11/7/20,Midwest,Minnesota,Minneapolis,Women's Athletic Footwear,$32.00 ,7,$224 ,$112 ,50%,Online
,Foot Locker,1185732,11/8/20,Midwest,Minnesota,Minneapolis,Men's Apparel,$47.00 ,14,$658 ,$263 ,40%,Online
,Foot Locker,1185732,11/9/20,Midwest,Minnesota,Minneapolis,Women's Apparel,$36.00 ,53,"$1,908 ","$1,145 ",60%,Online
,Foot Locker,1185732,11/10/20,Midwest,Minnesota,Minneapolis,Men's Street Footwear,$48.00 ,116,"$5,568 ","$2,617 ",47%,Online
,Foot Locker,1185732,11/11/20,Midwest,Minnesota,Minneapolis,Men's Athletic Footwear,$44.00 ,44,"$1,936 ",$794 ,41%,Online
,Foot Locker,1185732,11/12/20,Midwest,Minnesota,Minneapolis,Women's Street Footwear,$37.00 ,38,"$1,406 ",$619 ,44%,Online
,Foot Locker,1185732,11/13/20,Midwest,Minnesota,Minneapolis,Women's Athletic Footwear,$36.00 ,13,$468 ,$229 ,49%,Online
,Foot Locker,1185732,11/14/20,Midwest,Minnesota,Minneapolis,Men's Apparel,$50.00 ,20,"$1,000 ",$410 ,41%,Online
,Foot Locker,1185732,11/15/20,Midwest,Minnesota,Minneapolis,Women's Apparel,$58.00 ,51,"$2,958 ","$1,745 ",59%,Online
,Foot Locker,1185732,11/16/20,Midwest,Minnesota,Minneapolis,Men's Street Footwear,$44.00 ,106,"$4,664 ","$2,285 ",49%,Online
,Foot Locker,1185732,11/17/20,Midwest,Minnesota,Minneapolis,Men's Athletic Footwear,$38.00 ,49,"$1,862 ",$763 ,41%,Online
,Foot Locker,1185732,11/18/20,Midwest,Minnesota,Minneapolis,Women's Street Footwear,$33.00 ,47,"$1,551 ",$698 ,45%,Online
,Foot Locker,1185732,11/19/20,Midwest,Minnesota,Minneapolis,Women's Athletic Footwear,$32.00 ,45,"$1,440 ",$677 ,47%,Online
,Foot Locker,1185732,11/20/20,Midwest,Minnesota,Minneapolis,Men's Apparel,$49.00 ,45,"$2,205 ",$926 ,42%,Online
,Foot Locker,1185732,11/21/20,Midwest,Minnesota,Minneapolis,Women's Apparel,$53.00 ,81,"$4,293 ","$2,404 ",56%,Online
,Foot Locker,1185732,11/22/20,Midwest,Minnesota,Minneapolis,Men's Street Footwear,$49.00 ,160,"$7,840 ","$3,685 ",47%,Online
,Foot Locker,1185732,11/23/20,Midwest,Minnesota,Minneapolis,Men's Athletic Footwear,$42.00 ,75,"$3,150 ","$1,418 ",45%,Online
,Foot Locker,1185732,11/24/20,Midwest,Minnesota,Minneapolis,Women's Street Footwear,$36.00 ,63,"$2,268 ",$953 ,42%,Online
,Foot Locker,1185732,11/25/20,Midwest,Minnesota,Minneapolis,Women's Athletic Footwear,$38.00 ,51,"$1,938 ",$930 ,48%,Online
,Foot Locker,1185732,11/26/20,Midwest,Minnesota,Minneapolis,Men's Apparel,$49.00 ,58,"$2,842 ","$1,165 ",41%,Online
,Foot Locker,1185732,11/27/20,Midwest,Minnesota,Minneapolis,Women's Apparel,$54.00 ,98,"$5,292 ","$2,911 ",55%,Online
,Foot Locker,1185732,11/28/20,Midwest,Minnesota,Minneapolis,Men's Street Footwear,$47.00 ,137,"$6,439 ","$3,026 ",47%,Online
,Foot Locker,1185732,11/29/20,Midwest,Minnesota,Minneapolis,Men's Athletic Footwear,$43.00 ,87,"$3,741 ","$1,534 ",41%,Online
,Foot Locker,1185732,11/30/20,Midwest,Minnesota,Minneapolis,Women's Street Footwear,$37.00 ,68,"$2,516 ","$1,006 ",40%,Online
,Foot Locker,1185732,12/1/20,Midwest,Minnesota,Minneapolis,Women's Athletic Footwear,$33.00 ,47,"$1,551 ",$760 ,49%,Online
,Foot Locker,1185732,12/2/20,Midwest,Minnesota,Minneapolis,Men's Apparel,$42.00 ,42,"$1,764 ",$723 ,41%,Online
,Foot Locker,1185732,12/3/20,Midwest,Minnesota,Minneapolis,Women's Apparel,$46.00 ,88,"$4,048 ","$2,307 ",57%,Online
,Foot Locker,1185732,12/4/20,Midwest,Minnesota,Minneapolis,Men's Street Footwear,$43.00 ,113,"$4,859 ","$2,332 ",48%,Online
,Foot Locker,1185732,12/5/20,Midwest,Minnesota,Minneapolis,Men's Athletic Footwear,$37.00 ,73,"$2,701 ","$1,215 ",45%,Online
,Foot Locker,1185732,12/6/20,Midwest,Minnesota,Minneapolis,Women's Street Footwear,$24.00 ,41,$984 ,$394 ,40%,Online
,Foot Locker,1185732,12/7/20,Midwest,Minnesota,Minneapolis,Women's Athletic Footwear,$24.00 ,31,$744 ,$342 ,46%,Online
,Foot Locker,1185732,12/8/20,Midwest,Minnesota,Minneapolis,Men's Apparel,$32.00 ,34,"$1,088 ",$479 ,44%,Online
,Foot Locker,1185732,12/9/20,Midwest,Minnesota,Minneapolis,Women's Apparel,$39.00 ,52,"$2,028 ","$1,156 ",57%,Online
,Foot Locker,1185732,12/10/20,Midwest,Minnesota,Minneapolis,Men's Street Footwear,$41.00 ,98,"$4,018 ","$1,888 ",47%,Online
,Foot Locker,1185732,12/11/20,Midwest,Minnesota,Minneapolis,Men's Athletic Footwear,$34.00 ,58,"$1,972 ",$848 ,43%,Online
,Foot Locker,1185732,12/12/20,Midwest,Minnesota,Minneapolis,Women's Street Footwear,$32.00 ,25,$800 ,$336 ,42%,Online
,Foot Locker,1185732,12/13/20,Midwest,Minnesota,Minneapolis,Women's Athletic Footwear,$32.00 ,21,$672 ,$309 ,46%,Online
,Foot Locker,1185732,12/14/20,Midwest,Minnesota,Minneapolis,Men's Apparel,$41.00 ,19,$779 ,$327 ,42%,Online
,Foot Locker,1185732,12/15/20,Midwest,Minnesota,Minneapolis,Women's Apparel,$49.00 ,60,"$2,940 ","$1,764 ",60%,Online
,Foot Locker,1185732,12/16/20,Midwest,Minnesota,Minneapolis,Men's Street Footwear,$46.00 ,91,"$4,186 ","$1,967 ",47%,Online
,Foot Locker,1185732,12/17/20,Midwest,Minnesota,Minneapolis,Men's Athletic Footwear,$38.00 ,52,"$1,976 ",$790 ,40%,Online
,Foot Locker,1185732,12/18/20,Midwest,Minnesota,Minneapolis,Women's Street Footwear,$36.00 ,38,"$1,368 ",$547 ,40%,Online
,Foot Locker,1185732,12/19/20,Midwest,Minnesota,Minneapolis,Women's Athletic Footwear,$38.00 ,45,"$1,710 ",$838 ,49%,Online
,Foot Locker,1185732,12/20/20,Midwest,Minnesota,Minneapolis,Men's Apparel,$52.00 ,34,"$1,768 ",$743 ,42%,Online
,Foot Locker,1185732,12/21/20,Midwest,Minnesota,Minneapolis,Women's Apparel,$59.00 ,61,"$3,599 ","$2,159 ",60%,Online
,Foot Locker,1185732,12/22/20,Midwest,Minnesota,Minneapolis,Men's Street Footwear,$50.00 ,124,"$6,200 ","$3,100 ",50%,Online
,Foot Locker,1185732,12/23/20,Midwest,Minnesota,Minneapolis,Men's Athletic Footwear,$42.00 ,77,"$3,234 ","$1,455 ",45%,Online
,Foot Locker,1185732,12/24/20,Midwest,Minnesota,Minneapolis,Women's Street Footwear,$44.00 ,56,"$2,464 ","$1,010 ",41%,Online
,Foot Locker,1185732,12/25/20,Midwest,Minnesota,Minneapolis,Women's Athletic Footwear,$44.00 ,49,"$2,156 ","$1,056 ",49%,Online
,Foot Locker,1185732,12/26/20,Midwest,Minnesota,Minneapolis,Men's Apparel,$54.00 ,44,"$2,376 ",$974 ,41%,Online
,Foot Locker,1185732,12/27/20,Midwest,Minnesota,Minneapolis,Women's Apparel,$54.00 ,77,"$4,158 ","$2,370 ",57%,Online
,Kohl's,1189833,12/28/20,Midwest,Minnesota,Minneapolis,Men's Street Footwear,$32.00 ,119,"$3,808 ","$2,209 ",58%,Online
,Kohl's,1189833,12/29/20,Midwest,Minnesota,Minneapolis,Men's Athletic Footwear,$43.00 ,128,"$5,504 ","$2,312 ",42%,Online
,Kohl's,1189833,12/30/20,Midwest,Minnesota,Minneapolis,Women's Street Footwear,$41.00 ,119,"$4,879 ","$2,879 ",59%,Online
,Kohl's,1189833,12/31/20,Midwest,Minnesota,Minneapolis,Women's Athletic Footwear,$44.00 ,98,"$4,312 ","$2,242 ",52%,Online
,Kohl's,1189833,1/1/21,Midwest,Montana,Billings,Men's Apparel,$47.00 ,77,"$3,619 ","$2,714 ",75%,Online
,Kohl's,1189833,1/2/21,Midwest,Montana,Billings,Women's Apparel,$43.00 ,138,"$5,934 ","$2,314 ",39%,Online
,Kohl's,1189833,1/3/21,Midwest,Montana,Billings,Men's Street Footwear,$34.00 ,158,"$5,372 ","$3,062 ",57%,Online
,Kohl's,1189833,1/4/21,Midwest,Montana,Billings,Men's Athletic Footwear,$42.00 ,123,"$5,166 ","$2,325 ",45%,Online
,Kohl's,1189833,1/5/21,Midwest,Montana,Billings,Women's Street Footwear,$43.00 ,122,"$5,246 ","$2,990 ",57%,Online
,Kohl's,1189833,1/6/21,Midwest,Montana,Billings,Women's Athletic Footwear,$44.00 ,81,"$3,564 ","$1,960 ",55%,Online
,Kohl's,1189833,1/7/21,Midwest,Montana,Billings,Men's Apparel,$48.00 ,59,"$2,832 ","$2,039 ",72%,Online
,Kohl's,1189833,1/8/21,Midwest,Montana,Billings,Women's Apparel,$43.00 ,119,"$5,117 ","$1,893 ",37%,Online
,Kohl's,1189833,1/9/21,Midwest,Montana,Billings,Men's Street Footwear,$32.00 ,173,"$5,536 ","$3,045 ",55%,Online
,Kohl's,1189833,1/10/21,Midwest,Montana,Billings,Men's Athletic Footwear,$41.00 ,115,"$4,715 ","$1,933 ",41%,Online
,Kohl's,1189833,1/11/21,Midwest,Montana,Billings,Women's Street Footwear,$42.00 ,128,"$5,376 ","$3,064 ",57%,Online
,Kohl's,1189833,1/12/21,Midwest,Montana,Billings,Women's Athletic Footwear,$44.00 ,91,"$4,004 ","$2,122 ",53%,Online
,Kohl's,1189833,1/13/21,Midwest,Montana,Billings,Men's Apparel,$48.00 ,60,"$2,880 ","$2,045 ",71%,Online
,Kohl's,1189833,1/14/21,Midwest,Montana,Billings,Women's Apparel,$42.00 ,112,"$4,704 ","$1,835 ",39%,Online
,Kohl's,1189833,1/15/21,Midwest,Montana,Billings,Men's Street Footwear,$44.00 ,161,"$7,084 ","$4,180 ",59%,Online
,Kohl's,1189833,1/16/21,Midwest,Montana,Billings,Men's Athletic Footwear,$43.00 ,101,"$4,343 ","$1,954 ",45%,Online
,Kohl's,1189833,1/17/21,Midwest,Montana,Billings,Women's Street Footwear,$44.00 ,120,"$5,280 ","$3,168 ",60%,Online
,Kohl's,1189833,1/18/21,Midwest,Montana,Billings,Women's Athletic Footwear,$36.00 ,78,"$2,808 ","$1,404 ",50%,Online
,Kohl's,1189833,1/19/21,Midwest,Montana,Billings,Men's Apparel,$44.00 ,56,"$2,464 ","$1,823 ",74%,Online
,Kohl's,1189833,1/20/21,Midwest,Montana,Billings,Women's Apparel,$55.00 ,101,"$5,555 ","$2,166 ",39%,Online
,Kohl's,1189833,1/21/21,Midwest,Montana,Billings,Men's Street Footwear,$39.00 ,150,"$5,850 ","$3,335 ",57%,Online
,Kohl's,1189833,1/22/21,Midwest,Montana,Billings,Men's Athletic Footwear,$41.00 ,106,"$4,346 ","$1,912 ",44%,Online
,Kohl's,1189833,1/23/21,Midwest,Montana,Billings,Women's Street Footwear,$44.00 ,111,"$4,884 ","$2,686 ",55%,Online
,Kohl's,1189833,1/24/21,Midwest,Montana,Billings,Women's Athletic Footwear,$38.00 ,88,"$3,344 ","$1,772 ",53%,Online
,Kohl's,1189833,1/25/21,Midwest,Montana,Billings,Men's Apparel,$41.00 ,61,"$2,501 ","$1,851 ",74%,Online
,Kohl's,1189833,1/26/21,Midwest,Montana,Billings,Women's Apparel,$59.00 ,108,"$6,372 ","$2,421 ",38%,Online
,Kohl's,1189833,1/27/21,Midwest,Montana,Billings,Men's Street Footwear,$36.00 ,169,"$6,084 ","$3,590 ",59%,Online
,Kohl's,1189833,1/28/21,Midwest,Montana,Billings,Men's Athletic Footwear,$42.00 ,147,"$6,174 ","$2,531 ",41%,Online
,Kohl's,1189833,1/29/21,Midwest,Montana,Billings,Women's Street Footwear,$44.00 ,165,"$7,260 ","$3,993 ",55%,Online
,Kohl's,1189833,1/30/21,Midwest,Montana,Billings,Women's Athletic Footwear,$38.00 ,106,"$4,028 ","$2,135 ",53%,Online
,Kohl's,1189833,1/31/21,Midwest,Montana,Billings,Men's Apparel,$41.00 ,75,"$3,075 ","$2,276 ",74%,Online
,Kohl's,1189833,2/1/21,Midwest,Montana,Billings,Women's Apparel,$55.00 ,150,"$8,250 ","$2,970 ",36%,Online
,Kohl's,1189833,2/2/21,Midwest,Montana,Billings,Men's Street Footwear,$37.00 ,203,"$7,511 ","$4,431 ",59%,Online
,Kohl's,1189833,2/3/21,Midwest,Montana,Billings,Men's Athletic Footwear,$41.00 ,156,"$6,396 ","$2,750 ",43%,Online
,Kohl's,1189833,2/4/21,Midwest,Montana,Billings,Women's Street Footwear,$44.00 ,143,"$6,292 ","$3,712 ",59%,Online
,Kohl's,1189833,2/5/21,Midwest,Montana,Billings,Women's Athletic Footwear,$36.00 ,113,"$4,068 ","$2,156 ",53%,Online
,Kohl's,1189833,2/6/21,Midwest,Montana,Billings,Men's Apparel,$42.00 ,124,"$5,208 ","$3,646 ",70%,Online
,Kohl's,1189833,2/7/21,Midwest,Montana,Billings,Women's Apparel,$58.00 ,143,"$8,294 ","$2,903 ",35%,Online
,Kohl's,1189833,2/8/21,Midwest,Montana,Billings,Men's Street Footwear,$42.00 ,203,"$8,526 ","$4,945 ",58%,Online
,Kohl's,1189833,2/9/21,Midwest,Montana,Billings,Men's Athletic Footwear,$54.00 ,188,"$10,152 ","$4,365 ",43%,Online
,Kohl's,1189833,2/10/21,Midwest,Montana,Billings,Women's Street Footwear,$49.00 ,130,"$6,370 ","$3,758 ",59%,Online
,Kohl's,1189833,2/11/21,Midwest,Montana,Billings,Women's Athletic Footwear,$41.00 ,106,"$4,346 ","$2,347 ",54%,Online
,Kohl's,1189833,2/12/21,Midwest,Montana,Billings,Men's Apparel,$52.00 ,106,"$5,512 ","$3,858 ",70%,Online
,Kohl's,1189833,2/13/21,Midwest,Montana,Billings,Women's Apparel,$56.00 ,112,"$6,272 ","$2,383 ",38%,Online
,Kohl's,1189833,2/14/21,Midwest,Montana,Billings,Men's Street Footwear,$41.00 ,180,"$7,380 ","$4,280 ",58%,Online
,Kohl's,1189833,2/15/21,Midwest,Montana,Billings,Men's Athletic Footwear,$48.00 ,156,"$7,488 ","$3,295 ",44%,Online
,Kohl's,1189833,2/16/21,Midwest,Montana,Billings,Women's Street Footwear,$42.00 ,117,"$4,914 ","$2,752 ",56%,Online
,Kohl's,1189833,2/17/21,Midwest,Montana,Billings,Women's Athletic Footwear,$41.00 ,116,"$4,756 ","$2,616 ",55%,Online
,Kohl's,1189833,2/18/21,Midwest,Montana,Billings,Men's Apparel,$50.00 ,100,"$5,000 ","$3,650 ",73%,Online
,Kohl's,1189833,2/19/21,Midwest,Montana,Billings,Women's Apparel,$59.00 ,122,"$7,198 ","$2,879 ",40%,Online
,Kohl's,1189833,2/20/21,Midwest,Montana,Billings,Men's Street Footwear,$44.00 ,160,"$7,040 ","$3,942 ",56%,Online
,Kohl's,1189833,2/21/21,Midwest,Montana,Billings,Men's Athletic Footwear,$49.00 ,160,"$7,840 ","$3,371 ",43%,Online
,Kohl's,1189833,2/22/21,Midwest,Montana,Billings,Women's Street Footwear,$41.00 ,116,"$4,756 ","$2,711 ",57%,Online
,Kohl's,1189833,2/23/21,Midwest,Montana,Billings,Women's Athletic Footwear,$44.00 ,105,"$4,620 ","$2,402 ",52%,Online
,Kohl's,1189833,2/24/21,Midwest,Montana,Billings,Men's Apparel,$54.00 ,98,"$5,292 ","$3,969 ",75%,Online
,Kohl's,1189833,2/25/21,Midwest,Montana,Billings,Women's Apparel,$58.00 ,108,"$6,264 ","$2,443 ",39%,Online
,Kohl's,1189833,2/26/21,Midwest,Montana,Billings,Men's Street Footwear,$38.00 ,167,"$6,346 ","$3,744 ",59%,Online
,Kohl's,1189833,2/27/21,Midwest,Montana,Billings,Men's Athletic Footwear,$42.00 ,173,"$7,266 ","$2,979 ",41%,Online
,Kohl's,1189833,2/28/21,Midwest,Montana,Billings,Women's Street Footwear,$37.00 ,123,"$4,551 ","$2,594 ",57%,Online
,Kohl's,1189833,3/1/21,Midwest,Montana,Billings,Women's Athletic Footwear,$39.00 ,119,"$4,641 ","$2,553 ",55%,Online
,Kohl's,1189833,3/2/21,Midwest,Montana,Billings,Men's Apparel,$51.00 ,113,"$5,763 ","$4,265 ",74%,Online
,Kohl's,1189833,3/3/21,Midwest,Montana,Billings,Women's Apparel,$56.00 ,133,"$7,448 ","$2,830 ",38%,Online
,Kohl's,1189833,3/4/21,Midwest,Montana,Billings,Men's Street Footwear,$41.00 ,196,"$8,036 ","$4,500 ",56%,Online
,Kohl's,1189833,3/5/21,Midwest,Montana,Billings,Men's Athletic Footwear,$45.00 ,182,"$8,190 ","$3,522 ",43%,Online
,Kohl's,1189833,3/6/21,Midwest,Montana,Billings,Women's Street Footwear,$42.00 ,133,"$5,586 ","$3,352 ",60%,Online
,Kohl's,1189833,3/7/21,Midwest,Montana,Billings,Women's Athletic Footwear,$43.00 ,143,"$6,149 ","$3,136 ",51%,Online
,Kohl's,1189833,3/8/21,Midwest,Montana,Billings,Men's Apparel,$53.00 ,120,"$6,360 ","$4,643 ",73%,Online
,Kohl's,1189833,3/9/21,Midwest,Montana,Billings,Women's Apparel,$55.00 ,130,"$7,150 ","$2,860 ",40%,Online
,Sports Direct,1197831,3/10/21,Midwest,Montana,Billings,Men's Street Footwear,$18.00 ,210,"$3,780 ","$1,890 ",50%,Online
,Sports Direct,1197831,3/11/21,Midwest,Montana,Billings,Men's Athletic Footwear,$29.00 ,182,"$5,278 ","$2,428 ",46%,Online
,Sports Direct,1197831,3/12/21,Midwest,Montana,Billings,Women's Street Footwear,$27.00 ,130,"$3,510 ","$1,580 ",45%,Online
,Sports Direct,1197831,3/13/21,Midwest,Montana,Billings,Women's Athletic Footwear,$32.00 ,135,"$4,320 ","$2,462 ",57%,Online
,Sports Direct,1197831,3/14/21,South,Tennessee,Knoxville,Men's Apparel,$39.00 ,95,"$3,705 ","$1,482 ",40%,Online
,Sports Direct,1197831,3/15/21,South,Tennessee,Knoxville,Women's Apparel,$33.00 ,125,"$4,125 ","$2,681 ",65%,Online
,Sports Direct,1197831,3/16/21,South,Tennessee,Knoxville,Men's Street Footwear,$24.00 ,169,"$4,056 ","$2,028 ",50%,Online
,Sports Direct,1197831,3/17/21,South,Tennessee,Knoxville,Men's Athletic Footwear,$33.00 ,181,"$5,973 ","$2,867 ",48%,Online
,Sports Direct,1197831,3/18/21,South,Tennessee,Knoxville,Women's Street Footwear,$32.00 ,122,"$3,904 ","$1,874 ",48%,Online
,Sports Direct,1197831,3/19/21,South,Tennessee,Knoxville,Women's Athletic Footwear,$33.00 ,108,"$3,564 ","$2,138 ",60%,Online
,Sports Direct,1197831,3/20/21,South,Tennessee,Knoxville,Men's Apparel,$37.00 ,83,"$3,071 ","$1,259 ",41%,Online
,Sports Direct,1197831,3/21/21,South,Tennessee,Knoxville,Women's Apparel,$32.00 ,133,"$4,256 ","$2,724 ",64%,Online
,Sports Direct,1197831,3/22/21,South,Tennessee,Knoxville,Men's Street Footwear,$27.00 ,189,"$5,103 ","$2,603 ",51%,Online
,Sports Direct,1197831,3/23/21,South,Tennessee,Knoxville,Men's Athletic Footwear,$37.00 ,163,"$6,031 ","$3,136 ",52%,Online
,Sports Direct,1197831,3/24/21,South,Tennessee,Knoxville,Women's Street Footwear,$28.00 ,124,"$3,472 ","$1,910 ",55%,Online
,Sports Direct,1197831,3/25/21,South,Tennessee,Knoxville,Women's Athletic Footwear,$33.00 ,101,"$3,333 ","$2,133 ",64%,Online
,Sports Direct,1197831,3/26/21,South,Tennessee,Knoxville,Men's Apparel,$39.00 ,69,"$2,691 ","$1,265 ",47%,Online
,Sports Direct,1197831,3/27/21,South,Tennessee,Knoxville,Women's Apparel,$33.00 ,111,"$3,663 ","$2,418 ",66%,Online
,Sports Direct,1197831,3/28/21,South,Tennessee,Knoxville,Men's Street Footwear,$19.00 ,169,"$3,211 ","$1,606 ",50%,Online
,Sports Direct,1197831,3/29/21,South,Tennessee,Knoxville,Men's Athletic Footwear,$24.00 ,176,"$4,224 ","$2,154 ",51%,Online
,Sports Direct,1197831,3/30/21,South,Tennessee,Knoxville,Women's Street Footwear,$19.00 ,135,"$2,565 ","$1,411 ",55%,Online
,Sports Direct,1197831,3/31/21,South,Tennessee,Knoxville,Women's Athletic Footwear,$23.00 ,112,"$2,576 ","$1,674 ",65%,Online
,Sports Direct,1197831,4/1/21,South,Tennessee,Knoxville,Men's Apparel,$28.00 ,84,"$2,352 ","$1,058 ",45%,Online
,Sports Direct,1197831,4/2/21,South,Tennessee,Knoxville,Women's Apparel,$24.00 ,161,"$3,864 ","$2,628 ",68%,Online
,Sports Direct,1197831,4/3/21,South,Tennessee,Knoxville,Men's Street Footwear,$14.00 ,189,"$2,646 ","$1,323 ",50%,Online
,Sports Direct,1197831,4/4/21,South,Tennessee,Knoxville,Men's Athletic Footwear,$23.00 ,218,"$5,014 ","$2,507 ",50%,Online
,Sports Direct,1197831,4/5/21,South,Tennessee,Knoxville,Women's Street Footwear,$19.00 ,180,"$3,420 ","$1,847 ",54%,Online
,Sports Direct,1197831,4/6/21,South,Tennessee,Knoxville,Women's Athletic Footwear,$27.00 ,142,"$3,834 ","$2,300 ",60%,Online
,Sports Direct,1197831,4/7/21,South,Tennessee,Knoxville,Men's Apparel,$41.00 ,106,"$4,346 ","$2,130 ",49%,Online
,Sports Direct,1197831,4/8/21,South,Tennessee,Knoxville,Women's Apparel,$38.00 ,202,"$7,676 ","$5,143 ",67%,Online
,Sports Direct,1197831,4/9/21,South,Tennessee,Knoxville,Men's Street Footwear,$36.00 ,217,"$7,812 ","$3,984 ",51%,Online
,Sports Direct,1197831,4/10/21,South,Tennessee,Knoxville,Men's Athletic Footwear,$42.00 ,202,"$8,484 ","$4,327 ",51%,Online
,Sports Direct,1197831,4/11/21,South,Tennessee,Knoxville,Women's Street Footwear,$36.00 ,169,"$6,084 ","$3,103 ",51%,Online
,Sports Direct,1197831,4/12/21,South,Tennessee,Knoxville,Women's Athletic Footwear,$36.00 ,174,"$6,264 ","$3,821 ",61%,Online
,Sports Direct,1197831,4/13/21,South,Tennessee,Knoxville,Men's Apparel,$43.00 ,145,"$6,235 ","$2,993 ",48%,Online
,Sports Direct,1197831,4/14/21,South,Tennessee,Knoxville,Women's Apparel,$49.00 ,236,"$11,564 ","$7,517 ",65%,Online
,Sports Direct,1197831,4/15/21,South,Tennessee,Knoxville,Men's Street Footwear,$36.00 ,215,"$7,740 ","$4,412 ",57%,Online
,Sports Direct,1197831,4/16/21,South,Tennessee,Knoxville,Men's Athletic Footwear,$43.00 ,206,"$8,858 ","$5,138 ",58%,Online
,Sports Direct,1197831,4/17/21,South,Tennessee,Knoxville,Women's Street Footwear,$36.00 ,263,"$9,468 ","$5,681 ",60%,Online
,Sports Direct,1197831,4/18/21,South,Tennessee,Knoxville,Women's Athletic Footwear,$37.00 ,161,"$5,957 ","$3,872 ",65%,Online
,Sports Direct,1197831,4/19/21,South,Tennessee,Knoxville,Men's Apparel,$43.00 ,165,"$7,095 ","$3,760 ",53%,Online
,Sports Direct,1197831,4/20/21,South,Tennessee,Knoxville,Women's Apparel,$52.00 ,223,"$11,596 ","$8,117 ",70%,Online
,Sports Direct,1197831,4/21/21,South,Tennessee,Knoxville,Men's Street Footwear,$41.00 ,233,"$9,553 ","$5,445 ",57%,Online
,Sports Direct,1197831,4/22/21,South,Tennessee,Knoxville,Men's Athletic Footwear,$54.00 ,233,"$12,582 ","$7,172 ",57%,Online
,Sports Direct,1197831,4/23/21,South,Tennessee,Knoxville,Women's Street Footwear,$46.00 ,285,"$13,110 ","$7,866 ",60%,Online
,Sports Direct,1197831,4/24/21,South,Tennessee,Knoxville,Women's Athletic Footwear,$42.00 ,133,"$5,586 ","$3,854 ",69%,Online
,Sports Direct,1197831,4/25/21,South,Tennessee,Knoxville,Men's Apparel,$49.00 ,133,"$6,517 ","$3,454 ",53%,Online
,Sports Direct,1197831,4/26/21,South,Tennessee,Knoxville,Women's Apparel,$53.00 ,181,"$9,593 ","$6,811 ",71%,Online
,Sports Direct,1197831,4/27/21,South,Tennessee,Knoxville,Men's Street Footwear,$49.00 ,182,"$8,918 ","$5,351 ",60%,Online
,Sports Direct,1197831,4/28/21,South,Tennessee,Knoxville,Men's Athletic Footwear,$47.00 ,169,"$7,943 ","$4,766 ",60%,Online
,Sports Direct,1197831,4/29/21,South,Tennessee,Knoxville,Women's Street Footwear,$54.00 ,182,"$9,828 ","$5,799 ",59%,Online
,Sports Direct,1197831,4/30/21,South,Tennessee,Knoxville,Women's Athletic Footwear,$53.00 ,100,"$5,300 ","$3,710 ",70%,Online
,Sports Direct,1197831,5/1/21,South,Tennessee,Knoxville,Men's Apparel,$47.00 ,120,"$5,640 ","$2,876 ",51%,Online
,Sports Direct,1197831,5/2/21,South,Tennessee,Knoxville,Women's Apparel,$42.00 ,163,"$6,846 ","$5,066 ",74%,Online
,Sports Direct,1197831,5/3/21,South,Tennessee,Knoxville,Men's Street Footwear,$33.00 ,173,"$5,709 ","$3,254 ",57%,Online
,Sports Direct,1197831,5/4/21,South,Tennessee,Knoxville,Men's Athletic Footwear,$32.00 ,150,"$4,800 ","$2,880 ",60%,Online
,Sports Direct,1197831,5/5/21,South,Tennessee,Knoxville,Women's Street Footwear,$36.00 ,147,"$5,292 ","$3,069 ",58%,Online
,Sports Direct,1197831,5/6/21,South,Tennessee,Knoxville,Women's Athletic Footwear,$38.00 ,98,"$3,724 ","$2,607 ",70%,Online
,Sports Direct,1197831,5/7/21,South,Tennessee,Knoxville,Men's Apparel,$32.00 ,88,"$2,816 ","$1,436 ",51%,Online
,Sports Direct,1197831,5/8/21,South,Tennessee,Knoxville,Women's Apparel,$43.00 ,131,"$5,633 ","$3,999 ",71%,Online
,Sports Direct,1197831,5/9/21,South,Tennessee,Knoxville,Men's Street Footwear,$29.00 ,196,"$5,684 ","$3,183 ",56%,Online
,Sports Direct,1197831,5/10/21,South,Tennessee,Knoxville,Men's Athletic Footwear,$29.00 ,189,"$5,481 ","$3,069 ",56%,Online
,Sports Direct,1197831,5/11/21,South,Tennessee,Knoxville,Women's Street Footwear,$50.00 ,174,"$8,700 ","$4,872 ",56%,Online
,Sports Direct,1197831,5/12/21,South,Tennessee,Knoxville,Women's Athletic Footwear,$52.00 ,133,"$6,916 ","$4,772 ",69%,Online
,Sports Direct,1197831,5/13/21,South,Tennessee,Knoxville,Men's Apparel,$51.00 ,113,"$5,763 ","$3,054 ",53%,Online
,Sports Direct,1197831,5/14/21,South,Tennessee,Knoxville,Women's Apparel,$59.00 ,169,"$9,971 ","$7,079 ",71%,Online
,Sports Direct,1197831,5/15/21,South,Tennessee,Knoxville,Men's Street Footwear,$53.00 ,200,"$10,600 ","$6,148 ",58%,Online
,Sports Direct,1197831,5/16/21,South,Tennessee,Knoxville,Men's Athletic Footwear,$51.00 ,240,"$12,240 ","$6,732 ",55%,Online
,Sports Direct,1197831,5/17/21,South,Tennessee,Knoxville,Women's Street Footwear,$54.00 ,210,"$11,340 ","$6,237 ",55%,Online
,Sports Direct,1197831,5/18/21,South,Tennessee,Knoxville,Women's Athletic Footwear,$54.00 ,149,"$8,046 ","$5,552 ",69%,Online
,Sports Direct,1197831,5/19/21,South,Tennessee,Knoxville,Men's Apparel,$50.00 ,140,"$7,000 ","$3,500 ",50%,Online
,Sports Direct,1197831,5/20/21,South,Tennessee,Knoxville,Women's Apparel,$61.00 ,225,"$13,725 ","$10,157 ",74%,Online
,Foot Locker,1185732,5/21/21,South,Tennessee,Knoxville,Men's Street Footwear,$32.00 ,119,"$3,808 ","$1,904 ",50%,Online
,Foot Locker,1185732,5/22/21,South,Tennessee,Knoxville,Men's Athletic Footwear,$32.00 ,56,"$1,792 ",$878 ,49%,Online
,Foot Locker,1185732,5/23/21,South,Tennessee,Knoxville,Women's Street Footwear,$24.00 ,65,"$1,560 ",$749 ,48%,Online
,Foot Locker,1185732,5/24/21,South,Tennessee,Knoxville,Women's Athletic Footwear,$27.00 ,19,$513 ,$272 ,53%,Online
,Foot Locker,1185732,5/25/21,Midwest,Nebraska,Omaha,Men's Apparel,$43.00 ,35,"$1,505 ",$677 ,45%,Online
,Foot Locker,1185732,5/26/21,Midwest,Nebraska,Omaha,Women's Apparel,$32.00 ,68,"$2,176 ","$1,327 ",61%,Online
,Foot Locker,1185732,5/27/21,Midwest,Nebraska,Omaha,Men's Street Footwear,$32.00 ,119,"$3,808 ","$2,056 ",54%,Online
,Foot Locker,1185732,5/28/21,Midwest,Nebraska,Omaha,Men's Athletic Footwear,$33.00 ,38,"$1,254 ",$627 ,50%,Online
,Foot Locker,1185732,5/29/21,Midwest,Nebraska,Omaha,Women's Street Footwear,$23.00 ,47,"$1,081 ",$541 ,50%,Online
,Foot Locker,1185732,5/30/21,Midwest,Nebraska,Omaha,Women's Athletic Footwear,$29.00 ,14,$406 ,$203 ,50%,Online
,Foot Locker,1185732,5/31/21,Midwest,Nebraska,Omaha,Men's Apparel,$41.00 ,31,"$1,271 ",$623 ,49%,Online
,Foot Locker,1185732,6/1/21,Midwest,Nebraska,Omaha,Women's Apparel,$32.00 ,60,"$1,920 ","$1,190 ",62%,Online
,Foot Locker,1185732,6/2/21,Midwest,Nebraska,Omaha,Men's Street Footwear,$38.00 ,122,"$4,636 ","$2,503 ",54%,Online
,Foot Locker,1185732,6/3/21,Midwest,Nebraska,Omaha,Men's Athletic Footwear,$39.00 ,26,"$1,014 ",$466 ,46%,Online
,Foot Locker,1185732,6/4/21,Midwest,Nebraska,Omaha,Women's Street Footwear,$29.00 ,39,"$1,131 ",$566 ,50%,Online
,Foot Locker,1185732,6/5/21,Midwest,Nebraska,Omaha,Women's Athletic Footwear,$33.00 ,0,$0 ,$0 ,55%,Online
,Foot Locker,1185732,6/6/21,Midwest,Nebraska,Omaha,Men's Apparel,$45.00 ,13,$585 ,$275 ,47%,Online
,Foot Locker,1185732,6/7/21,Midwest,Nebraska,Omaha,Women's Apparel,$37.00 ,38,"$1,406 ",$858 ,61%,Online
,Foot Locker,1185732,6/8/21,Midwest,Nebraska,Omaha,Men's Street Footwear,$38.00 ,105,"$3,990 ","$2,115 ",53%,Online
,Foot Locker,1185732,6/9/21,Midwest,Nebraska,Omaha,Men's Athletic Footwear,$32.00 ,23,$736 ,$331 ,45%,Online
,Foot Locker,1185732,6/10/21,Midwest,Nebraska,Omaha,Women's Street Footwear,$23.00 ,21,$483 ,$217 ,45%,Online
,Foot Locker,1185732,6/11/21,Midwest,Nebraska,Omaha,Women's Athletic Footwear,$27.00 ,0,$0 ,$0 ,53%,Online
,Foot Locker,1185732,6/12/21,Midwest,Nebraska,Omaha,Men's Apparel,$42.00 ,6,$252 ,$121 ,48%,Online
,Foot Locker,1185732,6/13/21,Midwest,Nebraska,Omaha,Women's Apparel,$34.00 ,39,"$1,326 ",$822 ,62%,Online
,Foot Locker,1185732,6/14/21,Midwest,Nebraska,Omaha,Men's Street Footwear,$44.00 ,118,"$5,192 ","$2,804 ",54%,Online
,Foot Locker,1185732,6/15/21,Midwest,Nebraska,Omaha,Men's Athletic Footwear,$38.00 ,33,"$1,254 ",$627 ,50%,Online
,Foot Locker,1185732,6/16/21,Midwest,Nebraska,Omaha,Women's Street Footwear,$32.00 ,30,$960 ,$461 ,48%,Online
,Foot Locker,1185732,6/17/21,Midwest,Nebraska,Omaha,Women's Athletic Footwear,$34.00 ,7,$238 ,$126 ,53%,Online
,Foot Locker,1185732,6/18/21,Midwest,Nebraska,Omaha,Men's Apparel,$46.00 ,13,$598 ,$275 ,46%,Online
,Foot Locker,1185732,6/19/21,Midwest,Nebraska,Omaha,Women's Apparel,$51.00 ,41,"$2,091 ","$1,296 ",62%,Online
,Foot Locker,1185732,6/20/21,Midwest,Nebraska,Omaha,Men's Street Footwear,$36.00 ,120,"$4,320 ","$2,290 ",53%,Online
,Foot Locker,1185732,6/21/21,Midwest,Nebraska,Omaha,Men's Athletic Footwear,$32.00 ,45,"$1,440 ",$720 ,50%,Online
,Foot Locker,1185732,6/22/21,Midwest,Nebraska,Omaha,Women's Street Footwear,$27.00 ,46,"$1,242 ",$559 ,45%,Online
,Foot Locker,1185732,6/23/21,Midwest,Nebraska,Omaha,Women's Athletic Footwear,$27.00 ,39,"$1,053 ",$569 ,54%,Online
,Foot Locker,1185732,6/24/21,Midwest,Nebraska,Omaha,Men's Apparel,$42.00 ,42,"$1,764 ",$882 ,50%,Online
,Foot Locker,1185732,6/25/21,Midwest,Nebraska,Omaha,Women's Apparel,$49.00 ,85,"$4,165 ","$2,582 ",62%,Online
,Foot Locker,1185732,6/26/21,Midwest,Nebraska,Omaha,Men's Street Footwear,$43.00 ,165,"$7,095 ","$3,618 ",51%,Online
,Foot Locker,1185732,6/27/21,Midwest,Nebraska,Omaha,Men's Athletic Footwear,$37.00 ,81,"$2,997 ","$1,349 ",45%,Online
,Foot Locker,1185732,6/28/21,Midwest,Nebraska,Omaha,Women's Street Footwear,$34.00 ,63,"$2,142 ",$964 ,45%,Online
,Foot Locker,1185732,6/29/21,Midwest,Nebraska,Omaha,Women's Athletic Footwear,$33.00 ,46,"$1,518 ",$789 ,52%,Online
,Foot Locker,1185732,6/30/21,Midwest,Nebraska,Omaha,Men's Apparel,$41.00 ,44,"$1,804 ",$884 ,49%,Online
,Foot Locker,1185732,7/1/21,Midwest,Nebraska,Omaha,Women's Apparel,$49.00 ,91,"$4,459 ","$2,809 ",63%,Online
,Foot Locker,1185732,7/2/21,Midwest,Nebraska,Omaha,Men's Street Footwear,$41.00 ,145,"$5,945 ","$3,151 ",53%,Online
,Foot Locker,1185732,7/3/21,Midwest,Nebraska,Omaha,Men's Athletic Footwear,$42.00 ,80,"$3,360 ","$1,646 ",49%,Online
,Foot Locker,1185732,7/4/21,Midwest,Nebraska,Omaha,Women's Street Footwear,$36.00 ,52,"$1,872 ",$899 ,48%,Online
,Foot Locker,1185732,7/5/21,Midwest,Nebraska,Omaha,Women's Athletic Footwear,$29.00 ,38,"$1,102 ",$562 ,51%,Online
,Foot Locker,1185732,7/6/21,Midwest,Nebraska,Omaha,Men's Apparel,$37.00 ,27,$999 ,$480 ,48%,Online
,Foot Locker,1185732,7/7/21,Midwest,Nebraska,Omaha,Women's Apparel,$44.00 ,69,"$3,036 ","$1,822 ",60%,Online
,Foot Locker,1185732,7/8/21,Midwest,Nebraska,Omaha,Men's Street Footwear,$38.00 ,112,"$4,256 ","$2,298 ",54%,Online
,Foot Locker,1185732,7/9/21,Midwest,Nebraska,Omaha,Men's Athletic Footwear,$33.00 ,56,"$1,848 ",$850 ,46%,Online
,Foot Locker,1185732,7/10/21,Midwest,Nebraska,Omaha,Women's Street Footwear,$18.00 ,25,$450 ,$216 ,48%,Online
,Foot Locker,1185732,7/11/21,Midwest,Nebraska,Omaha,Women's Athletic Footwear,$19.00 ,23,$437 ,$227 ,52%,Online
,Foot Locker,1185732,7/12/21,Midwest,Nebraska,Omaha,Men's Apparel,$29.00 ,21,$609 ,$292 ,48%,Online
,Foot Locker,1185732,7/13/21,Midwest,Nebraska,Omaha,Women's Apparel,$34.00 ,39,"$1,326 ",$822 ,62%,Online
,Foot Locker,1185732,7/14/21,Midwest,Nebraska,Omaha,Men's Street Footwear,$36.00 ,94,"$3,384 ","$1,827 ",54%,Online
,Foot Locker,1185732,7/15/21,Midwest,Nebraska,Omaha,Men's Athletic Footwear,$29.00 ,41,"$1,189 ",$547 ,46%,Online
,Foot Locker,1185732,7/16/21,Midwest,Nebraska,Omaha,Women's Street Footwear,$29.00 ,14,$406 ,$203 ,50%,Online
,Foot Locker,1185732,7/17/21,Midwest,Nebraska,Omaha,Women's Athletic Footwear,$29.00 ,7,$203 ,$108 ,53%,Online
,Foot Locker,1185732,7/18/21,Midwest,Nebraska,Omaha,Men's Apparel,$37.00 ,7,$259 ,$124 ,48%,Online
,Foot Locker,1185732,7/19/21,Midwest,Nebraska,Omaha,Women's Apparel,$44.00 ,38,"$1,672 ","$1,053 ",63%,Online
,Foot Locker,1185732,7/20/21,Midwest,Nebraska,Omaha,Men's Street Footwear,$37.00 ,84,"$3,108 ","$1,678 ",54%,Online
,Foot Locker,1185732,7/21/21,Midwest,Nebraska,Omaha,Men's Athletic Footwear,$29.00 ,41,"$1,189 ",$547 ,46%,Online
,Foot Locker,1185732,7/22/21,Midwest,Nebraska,Omaha,Women's Street Footwear,$29.00 ,25,$725 ,$341 ,47%,Online
,Foot Locker,1185732,7/23/21,Midwest,Nebraska,Omaha,Women's Athletic Footwear,$27.00 ,36,$972 ,$535 ,55%,Online
,Foot Locker,1185732,7/24/21,Midwest,Nebraska,Omaha,Men's Apparel,$48.00 ,27,"$1,296 ",$583 ,45%,Online
,Foot Locker,1185732,7/25/21,Midwest,Nebraska,Omaha,Women's Apparel,$53.00 ,58,"$3,074 ","$1,906 ",62%,Online
,Foot Locker,1185732,7/26/21,Midwest,Nebraska,Omaha,Men's Street Footwear,$49.00 ,117,"$5,733 ","$2,867 ",50%,Online
,Foot Locker,1185732,7/27/21,Midwest,Nebraska,Omaha,Men's Athletic Footwear,$36.00 ,63,"$2,268 ","$1,134 ",50%,Online
,Foot Locker,1185732,7/28/21,Midwest,Nebraska,Omaha,Women's Street Footwear,$39.00 ,60,"$2,340 ","$1,147 ",49%,Online
,Foot Locker,1185732,7/29/21,Midwest,Nebraska,Omaha,Women's Athletic Footwear,$38.00 ,38,"$1,444 ",$794 ,55%,Online
,Foot Locker,1185732,7/30/21,Midwest,Nebraska,Omaha,Men's Apparel,$45.00 ,39,"$1,755 ",$842 ,48%,Online
,Foot Locker,1185732,7/31/21,Midwest,Nebraska,Omaha,Women's Apparel,$54.00 ,65,"$3,510 ","$2,176 ",62%,Online
,Sports Direct,1197831,8/1/21,Midwest,Nebraska,Omaha,Men's Street Footwear,$19.00 ,203,"$3,857 ","$2,044 ",53%,Online
,Sports Direct,1197831,8/2/21,Midwest,Nebraska,Omaha,Men's Athletic Footwear,$29.00 ,196,"$5,684 ","$3,069 ",54%,Online
,Sports Direct,1197831,8/3/21,Midwest,Nebraska,Omaha,Women's Street Footwear,$28.00 ,138,"$3,864 ","$2,125 ",55%,Online
,Sports Direct,1197831,8/4/21,Midwest,Nebraska,Omaha,Women's Athletic Footwear,$33.00 ,138,"$4,554 ","$2,915 ",64%,Online
,Sports Direct,1197831,8/5/21,South,Alabama,Birmingham,Men's Apparel,$37.00 ,88,"$3,256 ","$1,563 ",48%,Online
,Sports Direct,1197831,8/6/21,South,Alabama,Birmingham,Women's Apparel,$32.00 ,138,"$4,416 ","$3,091 ",70%,Online
,Sports Direct,1197831,8/7/21,South,Alabama,Birmingham,Men's Street Footwear,$24.00 ,156,"$3,744 ","$2,022 ",54%,Online
,Sports Direct,1197831,8/8/21,South,Alabama,Birmingham,Men's Athletic Footwear,$33.00 ,174,"$5,742 ","$3,101 ",54%,Online
,Sports Direct,1197831,8/9/21,South,Alabama,Birmingham,Women's Street Footwear,$32.00 ,128,"$4,096 ","$2,130 ",52%,Online
,Sports Direct,1197831,8/10/21,South,Alabama,Birmingham,Women's Athletic Footwear,$32.00 ,98,"$3,136 ","$1,944 ",62%,Online
,Sports Direct,1197831,8/11/21,South,Alabama,Birmingham,Men's Apparel,$38.00 ,68,"$2,584 ","$1,240 ",48%,Online
,Sports Direct,1197831,8/12/21,South,Alabama,Birmingham,Women's Apparel,$33.00 ,126,"$4,158 ","$2,786 ",67%,Online
,Sports Direct,1197831,8/13/21,South,Alabama,Birmingham,Men's Street Footwear,$28.00 ,163,"$4,564 ","$2,510 ",55%,Online
,Sports Direct,1197831,8/14/21,South,Alabama,Birmingham,Men's Athletic Footwear,$36.00 ,188,"$6,768 ","$3,722 ",55%,Online
,Sports Direct,1197831,8/15/21,South,Alabama,Birmingham,Women's Street Footwear,$27.00 ,117,"$3,159 ","$1,832 ",58%,Online
,Sports Direct,1197831,8/16/21,South,Alabama,Birmingham,Women's Athletic Footwear,$33.00 ,105,"$3,465 ","$2,356 ",68%,Online
,Sports Direct,1197831,8/17/21,South,Alabama,Birmingham,Men's Apparel,$37.00 ,73,"$2,701 ","$1,351 ",50%,Online
,Sports Direct,1197831,8/18/21,South,Alabama,Birmingham,Women's Apparel,$34.00 ,104,"$3,536 ","$2,652 ",75%,Online
,Sports Direct,1197831,8/19/21,South,Alabama,Birmingham,Men's Street Footwear,$19.00 ,195,"$3,705 ","$2,149 ",58%,Online
,Sports Direct,1197831,8/20/21,South,Alabama,Birmingham,Men's Athletic Footwear,$19.00 ,189,"$3,591 ","$2,083 ",58%,Online
,Sports Direct,1197831,8/21/21,South,Alabama,Birmingham,Women's Street Footwear,$14.00 ,119,"$1,666 ",$983 ,59%,Online
,Sports Direct,1197831,8/22/21,South,Alabama,Birmingham,Women's Athletic Footwear,$18.00 ,113,"$2,034 ","$1,342 ",66%,Online
,Sports Direct,1197831,8/23/21,South,Alabama,Birmingham,Men's Apparel,$23.00 ,74,"$1,702 ",$902 ,53%,Online
,Sports Direct,1197831,8/24/21,South,Alabama,Birmingham,Women's Apparel,$20.00 ,149,"$2,980 ","$2,235 ",75%,Online
,Sports Direct,1197831,8/25/21,South,Alabama,Birmingham,Men's Street Footwear,$9.00 ,203,"$1,827 ","$1,078 ",59%,Online
,Sports Direct,1197831,8/26/21,South,Alabama,Birmingham,Men's Athletic Footwear,$19.00 ,189,"$3,591 ","$2,119 ",59%,Online
,Sports Direct,1197831,8/27/21,South,Alabama,Birmingham,Women's Street Footwear,$15.00 ,173,"$2,595 ","$1,453 ",56%,Online
,Sports Direct,1197831,8/28/21,South,Alabama,Birmingham,Women's Athletic Footwear,$34.00 ,135,"$4,590 ","$3,121 ",68%,Online
,Sports Direct,1197831,8/29/21,South,Alabama,Birmingham,Men's Apparel,$49.00 ,120,"$5,880 ","$3,175 ",54%,Online
,Sports Direct,1197831,8/30/21,South,Alabama,Birmingham,Women's Apparel,$43.00 ,203,"$8,729 ","$6,285 ",72%,Online
,Sports Direct,1197831,8/31/21,South,Alabama,Birmingham,Men's Street Footwear,$43.00 ,203,"$8,729 ","$4,801 ",55%,Online
,Sports Direct,1197831,9/1/21,South,Alabama,Birmingham,Men's Athletic Footwear,$49.00 ,203,"$9,947 ","$5,570 ",56%,Online
,Sports Direct,1197831,9/2/21,South,Alabama,Birmingham,Women's Street Footwear,$44.00 ,189,"$8,316 ","$4,906 ",59%,Online
,Sports Direct,1197831,9/3/21,South,Alabama,Birmingham,Women's Athletic Footwear,$41.00 ,180,"$7,380 ","$5,092 ",69%,Online
,Sports Direct,1197831,9/4/21,South,Alabama,Birmingham,Men's Apparel,$49.00 ,145,"$7,105 ","$3,908 ",55%,Online
,Sports Direct,1197831,9/5/21,South,Alabama,Birmingham,Women's Apparel,$50.00 ,245,"$12,250 ","$8,820 ",72%,Online
,Sports Direct,1197831,9/6/21,South,Alabama,Birmingham,Men's Street Footwear,$44.00 ,206,"$9,064 ","$5,801 ",64%,Online
,Sports Direct,1197831,9/7/21,South,Alabama,Birmingham,Men's Athletic Footwear,$49.00 ,215,"$10,535 ","$6,742 ",64%,Online
,Sports Direct,1197831,9/8/21,South,Alabama,Birmingham,Women's Street Footwear,$41.00 ,254,"$10,414 ","$6,561 ",63%,Online
,Sports Direct,1197831,9/9/21,South,Alabama,Birmingham,Women's Athletic Footwear,$44.00 ,173,"$7,612 ","$5,633 ",74%,Online
,Sports Direct,1197831,9/10/21,South,Alabama,Birmingham,Men's Apparel,$45.00 ,131,"$5,895 ","$3,419 ",58%,Online
,Sports Direct,1197831,9/11/21,South,Alabama,Birmingham,Women's Apparel,$56.00 ,240,"$13,440 ","$10,752 ",80%,Online
,Sports Direct,1197831,9/12/21,South,Alabama,Birmingham,Men's Street Footwear,$38.00 ,225,"$8,550 ","$5,216 ",61%,Online
,Sports Direct,1197831,9/13/21,South,Alabama,Birmingham,Men's Athletic Footwear,$52.00 ,210,"$10,920 ","$7,098 ",65%,Online
,Sports Direct,1197831,9/14/21,South,Alabama,Birmingham,Women's Street Footwear,$51.00 ,268,"$13,668 ","$8,201 ",60%,Online
,Sports Direct,1197831,9/15/21,South,Alabama,Birmingham,Women's Athletic Footwear,$46.00 ,119,"$5,474 ","$3,887 ",71%,Online
,Sports Direct,1197831,9/16/21,South,Alabama,Birmingham,Men's Apparel,$50.00 ,123,"$6,150 ","$3,629 ",59%,Online
,Sports Direct,1197831,9/17/21,South,Alabama,Birmingham,Women's Apparel,$59.00 ,182,"$10,738 ","$8,268 ",77%,Online
,Sports Direct,1197831,9/18/21,South,Alabama,Birmingham,Men's Street Footwear,$51.00 ,175,"$8,925 ","$5,355 ",60%,Online
,Sports Direct,1197831,9/19/21,South,Alabama,Birmingham,Men's Athletic Footwear,$50.00 ,144,"$7,200 ","$4,536 ",63%,Online
,Sports Direct,1197831,9/20/21,South,Alabama,Birmingham,Women's Street Footwear,$59.00 ,188,"$11,092 ","$6,988 ",63%,Online
,Sports Direct,1197831,9/21/21,South,Alabama,Birmingham,Women's Athletic Footwear,$58.00 ,95,"$5,510 ","$3,912 ",71%,Online
,Sports Direct,1197831,9/22/21,South,Alabama,Birmingham,Men's Apparel,$41.00 ,88,"$3,608 ","$2,057 ",57%,Online
,Sports Direct,1197831,9/23/21,South,Alabama,Birmingham,Women's Apparel,$37.00 ,150,"$5,550 ","$4,274 ",77%,Online
,Sports Direct,1197831,9/24/21,South,Alabama,Birmingham,Men's Street Footwear,$29.00 ,131,"$3,799 ","$2,279 ",60%,Online
,Sports Direct,1197831,9/25/21,South,Alabama,Birmingham,Men's Athletic Footwear,$29.00 ,158,"$4,582 ","$2,887 ",63%,Online
,Sports Direct,1197831,9/26/21,South,Alabama,Birmingham,Women's Street Footwear,$32.00 ,124,"$3,968 ","$2,381 ",60%,Online
,Sports Direct,1197831,9/27/21,South,Alabama,Birmingham,Women's Athletic Footwear,$32.00 ,91,"$2,912 ","$2,126 ",73%,Online
,Sports Direct,1197831,9/28/21,South,Alabama,Birmingham,Men's Apparel,$29.00 ,78,"$2,262 ","$1,357 ",60%,Online
,Sports Direct,1197831,9/29/21,South,Alabama,Birmingham,Women's Apparel,$36.00 ,143,"$5,148 ","$3,861 ",75%,Online
,Sports Direct,1197831,9/30/21,South,Alabama,Birmingham,Men's Street Footwear,$18.00 ,169,"$3,042 ","$1,947 ",64%,Online
,Sports Direct,1197831,10/1/21,South,Alabama,Birmingham,Men's Athletic Footwear,$19.00 ,169,"$3,211 ","$1,959 ",61%,Online
,Sports Direct,1197831,10/2/21,South,Alabama,Birmingham,Women's Street Footwear,$43.00 ,144,"$6,192 ","$3,963 ",64%,Online
,Sports Direct,1197831,10/3/21,South,Alabama,Birmingham,Women's Athletic Footwear,$44.00 ,131,"$5,764 ","$4,208 ",73%,Online
,Sports Direct,1197831,10/4/21,South,Alabama,Birmingham,Men's Apparel,$48.00 ,111,"$5,328 ","$3,144 ",59%,Online
,Sports Direct,1197831,10/5/21,South,Alabama,Birmingham,Women's Apparel,$56.00 ,188,"$10,528 ","$8,317 ",79%,Online
,Sports Direct,1197831,10/6/21,South,Alabama,Birmingham,Men's Street Footwear,$56.00 ,233,"$13,048 ","$8,220 ",63%,Online
,Sports Direct,1197831,10/7/21,South,Alabama,Birmingham,Men's Athletic Footwear,$58.00 ,225,"$13,050 ","$8,352 ",64%,Online
,Sports Direct,1197831,10/8/21,South,Alabama,Birmingham,Women's Street Footwear,$64.00 ,175,"$11,200 ","$6,944 ",62%,Online
,Sports Direct,1197831,10/9/21,South,Alabama,Birmingham,Women's Athletic Footwear,$63.00 ,143,"$9,009 ","$6,757 ",75%,Online
,Sports Direct,1197831,10/10/21,South,Alabama,Birmingham,Men's Apparel,$58.00 ,145,"$8,410 ","$4,710 ",56%,Online
,Sports Direct,1197831,10/11/21,South,Alabama,Birmingham,Women's Apparel,$68.00 ,203,"$13,804 ","$11,043 ",80%,Online
,Amazon,1185732,10/12/21,South,Alabama,Birmingham,Men's Street Footwear,$38.00 ,117,"$4,446 ","$2,223 ",50%,Online
,Amazon,1185732,10/13/21,South,Alabama,Birmingham,Men's Athletic Footwear,$38.00 ,75,"$2,850 ","$1,311 ",46%,Online
,Amazon,1185732,10/14/21,South,Alabama,Birmingham,Women's Street Footwear,$28.00 ,63,"$1,764 ",$917 ,52%,Online
,Amazon,1185732,10/15/21,South,Alabama,Birmingham,Women's Athletic Footwear,$34.00 ,28,$952 ,$390 ,41%,Online
,Amazon,1185732,10/16/21,Northeast,Maine,Portland,Men's Apparel,$47.00 ,42,"$1,974 ",$770 ,39%,Online
,Amazon,1185732,10/17/21,Northeast,Maine,Portland,Women's Apparel,$38.00 ,68,"$2,584 ","$1,344 ",52%,Online
,Amazon,1185732,10/18/21,Northeast,Maine,Portland,Men's Street Footwear,$38.00 ,140,"$5,320 ","$2,607 ",49%,Online
,Amazon,1185732,10/19/21,Northeast,Maine,Portland,Men's Athletic Footwear,$38.00 ,45,"$1,710 ",$804 ,47%,Online
,Amazon,1185732,10/20/21,Northeast,Maine,Portland,Women's Street Footwear,$29.00 ,60,"$1,740 ",$922 ,53%,Online
,Amazon,1185732,10/21/21,Northeast,Maine,Portland,Women's Athletic Footwear,$34.00 ,19,$646 ,$271 ,42%,Online
,Amazon,1185732,10/22/21,Northeast,Maine,Portland,Men's Apparel,$46.00 ,45,"$2,070 ",$807 ,39%,Online
,Amazon,1185732,10/23/21,Northeast,Maine,Portland,Women's Apparel,$37.00 ,63,"$2,331 ","$1,189 ",51%,Online
,Amazon,1185732,10/24/21,Northeast,Maine,Portland,Men's Street Footwear,$39.00 ,127,"$4,953 ","$2,427 ",49%,Online
,Amazon,1185732,10/25/21,Northeast,Maine,Portland,Men's Athletic Footwear,$39.00 ,46,"$1,794 ",$879 ,49%,Online
,Amazon,1185732,10/26/21,Northeast,Maine,Portland,Women's Street Footwear,$27.00 ,52,"$1,404 ",$772 ,55%,Online
,Amazon,1185732,10/27/21,Northeast,Maine,Portland,Women's Athletic Footwear,$32.00 ,13,$416 ,$166 ,40%,Online
,Amazon,1185732,10/28/21,Northeast,Maine,Portland,Men's Apparel,$49.00 ,29,"$1,421 ",$512 ,36%,Online
,Amazon,1185732,10/29/21,Northeast,Maine,Portland,Women's Apparel,$36.00 ,50,"$1,800 ",$990 ,55%,Online
,Amazon,1185732,10/30/21,Northeast,Maine,Portland,Men's Street Footwear,$37.00 ,122,"$4,514 ","$2,167 ",48%,Online
,Amazon,1185732,10/31/21,Northeast,Maine,Portland,Men's Athletic Footwear,$37.00 ,44,"$1,628 ",$765 ,47%,Online
,Amazon,1185732,11/1/21,Northeast,Maine,Portland,Women's Street Footwear,$27.00 ,44,"$1,188 ",$642 ,54%,Online
,Amazon,1185732,11/2/21,Northeast,Maine,Portland,Women's Athletic Footwear,$33.00 ,21,$693 ,$277 ,40%,Online
,Amazon,1185732,11/3/21,Northeast,Maine,Portland,Men's Apparel,$47.00 ,20,$940 ,$357 ,38%,Online
,Amazon,1185732,11/4/21,Northeast,Maine,Portland,Women's Apparel,$39.00 ,63,"$2,457 ","$1,253 ",51%,Online
,Amazon,1185732,11/5/21,Northeast,Maine,Portland,Men's Street Footwear,$52.00 ,144,"$7,488 ","$3,370 ",45%,Online
,Amazon,1185732,11/6/21,Northeast,Maine,Portland,Men's Athletic Footwear,$48.00 ,60,"$2,880 ","$1,440 ",50%,Online
,Amazon,1185732,11/7/21,Northeast,Maine,Portland,Women's Street Footwear,$42.00 ,47,"$1,974 ","$1,066 ",54%,Online
,Amazon,1185732,11/8/21,Northeast,Maine,Portland,Women's Athletic Footwear,$41.00 ,34,"$1,394 ",$558 ,40%,Online
,Amazon,1185732,11/9/21,Northeast,Maine,Portland,Men's Apparel,$51.00 ,42,"$2,142 ",$793 ,37%,Online
,Amazon,1185732,11/10/21,Northeast,Maine,Portland,Women's Apparel,$56.00 ,72,"$4,032 ","$2,137 ",53%,Online
,Amazon,1185732,11/11/21,Northeast,Maine,Portland,Men's Street Footwear,$54.00 ,158,"$8,532 ","$4,010 ",47%,Online
,Amazon,1185732,11/12/21,Northeast,Maine,Portland,Men's Athletic Footwear,$48.00 ,77,"$3,696 ","$1,811 ",49%,Online
,Amazon,1185732,11/13/21,Northeast,Maine,Portland,Women's Street Footwear,$42.00 ,58,"$2,436 ","$1,242 ",51%,Online
,Amazon,1185732,11/14/21,Northeast,Maine,Portland,Women's Athletic Footwear,$41.00 ,51,"$2,091 ",$878 ,42%,Online
,Amazon,1185732,11/15/21,Northeast,Maine,Portland,Men's Apparel,$50.00 ,53,"$2,650 ",$954 ,36%,Online
,Amazon,1185732,11/16/21,Northeast,Maine,Portland,Women's Apparel,$56.00 ,85,"$4,760 ","$2,428 ",51%,Online
,Amazon,1185732,11/17/21,Northeast,Maine,Portland,Men's Street Footwear,$51.00 ,143,"$7,293 ","$3,574 ",49%,Online
,Amazon,1185732,11/18/21,Northeast,Maine,Portland,Men's Athletic Footwear,$46.00 ,84,"$3,864 ","$1,855 ",48%,Online
,Amazon,1185732,11/19/21,Northeast,Maine,Portland,Women's Street Footwear,$43.00 ,63,"$2,709 ","$1,490 ",55%,Online
,Amazon,1185732,11/20/21,Northeast,Maine,Portland,Women's Athletic Footwear,$43.00 ,44,"$1,892 ",$776 ,41%,Online
,Amazon,1185732,11/21/21,Northeast,Maine,Portland,Men's Apparel,$53.00 ,60,"$3,180 ","$1,208 ",38%,Online
,Amazon,1185732,12/20/21,Northeast,Maine,Portland,Women's Apparel,$58.00 ,113,"$6,554 ","$3,539 ",54%,Online
,Amazon,1185732,12/21/21,Northeast,Maine,Portland,Men's Street Footwear,$50.00 ,147,"$7,350 ","$3,381 ",46%,Online
,Amazon,1185732,12/22/21,Northeast,Maine,Portland,Men's Athletic Footwear,$49.00 ,90,"$4,410 ","$2,073 ",47%,Online
,Amazon,1185732,12/23/21,Northeast,Maine,Portland,Women's Street Footwear,$41.00 ,68,"$2,788 ","$1,394 ",50%,Online
,Amazon,1185732,12/24/21,Northeast,Maine,Portland,Women's Athletic Footwear,$41.00 ,51,"$2,091 ",$857 ,41%,Online
,Amazon,1185732,12/25/21,Northeast,Maine,Portland,Men's Apparel,$54.00 ,41,"$2,214 ",$819 ,37%,Online
,Amazon,1185732,12/26/21,Northeast,Maine,Portland,Women's Apparel,$54.00 ,91,"$4,914 ","$2,654 ",54%,Online
,Amazon,1185732,12/27/21,Northeast,Maine,Portland,Men's Street Footwear,$53.00 ,122,"$6,466 ","$3,104 ",48%,Online
,Amazon,1185732,12/28/21,Northeast,Maine,Portland,Men's Athletic Footwear,$46.00 ,70,"$3,220 ","$1,513 ",47%,Online
,Amazon,1185732,12/29/21,Northeast,Maine,Portland,Women's Street Footwear,$41.00 ,38,"$1,558 ",$857 ,55%,Online
,Amazon,1185732,12/30/21,Northeast,Maine,Portland,Women's Athletic Footwear,$42.00 ,36,"$1,512 ",$680 ,45%,Online
,Amazon,1185732,12/31/21,Northeast,Maine,Portland,Men's Apparel,$52.00 ,36,"$1,872 ",$693 ,37%,Online
,Amazon,1185732,9/17/21,Northeast,Maine,Portland,Women's Apparel,$57.00 ,59,"$3,363 ","$1,749 ",52%,Online
,Amazon,1185732,10/19/21,Northeast,Maine,Portland,Men's Street Footwear,$55.00 ,120,"$6,600 ","$3,300 ",50%,Online
,Amazon,1185732,10/19/21,Northeast,Maine,Portland,Men's Athletic Footwear,$54.00 ,59,"$3,186 ","$1,561 ",49%,Online
,Amazon,1185732,10/19/21,Northeast,Maine,Portland,Women's Street Footwear,$52.00 ,31,"$1,612 ",$887 ,55%,Online
,Amazon,1185732,10/19/21,Northeast,Maine,Portland,Women's Athletic Footwear,$50.00 ,26,"$1,300 ",$520 ,40%,Online
,Amazon,1185732,10/19/21,Northeast,Maine,Portland,Men's Apparel,$61.00 ,27,"$1,647 ",$626 ,38%,Online
,Amazon,1185732,10/19/21,Northeast,Maine,Portland,Women's Apparel,$68.00 ,56,"$3,808 ","$2,018 ",53%,Online
,Amazon,1185732,11/18/21,Northeast,Maine,Portland,Men's Street Footwear,$62.00 ,98,"$6,076 ","$2,977 ",49%,Online
,Amazon,1185732,11/18/21,Northeast,Maine,Portland,Men's Athletic Footwear,$52.00 ,52,"$2,704 ","$1,352 ",50%,Online
,Amazon,1185732,11/18/21,Northeast,Maine,Portland,Women's Street Footwear,$52.00 ,55,"$2,860 ","$1,487 ",52%,Online
,Amazon,1185732,11/18/21,Northeast,Maine,Portland,Women's Athletic Footwear,$54.00 ,46,"$2,484 ","$1,068 ",43%,Online
,Amazon,1185732,11/18/21,Northeast,Maine,Portland,Men's Apparel,$60.00 ,41,"$2,460 ",$886 ,36%,Online
,Amazon,1185732,11/18/21,Northeast,Maine,Portland,Women's Apparel,$67.00 ,63,"$4,221 ","$2,279 ",54%,Online
,Amazon,1185732,12/17/21,Northeast,Maine,Portland,Men's Street Footwear,$62.00 ,138,"$8,556 ","$4,107 ",48%,Online
,Amazon,1185732,12/17/21,Northeast,Maine,Portland,Men's Athletic Footwear,$53.00 ,74,"$3,922 ","$1,961 ",50%,Online
,Amazon,1185732,12/17/21,Northeast,Maine,Portland,Women's Street Footwear,$52.00 ,68,"$3,536 ","$1,768 ",50%,Online
,Amazon,1185732,12/17/21,Northeast,Maine,Portland,Women's Athletic Footwear,$52.00 ,50,"$2,600 ","$1,118 ",43%,Online
,Amazon,1185732,12/17/21,Northeast,Maine,Portland,Men's Apparel,$60.00 ,54,"$3,240 ","$1,166 ",36%,Online
,Amazon,1185732,12/17/21,Northeast,Maine,Portland,Women's Apparel,$69.00 ,75,"$5,175 ","$2,743 ",53%,Online
,West Gear,1128299,1/10/21,Northeast,Maine,Portland,Men's Street Footwear,$33.00 ,98,"$3,234 ","$1,132 ",35%,Online
,West Gear,1128299,1/10/21,Northeast,Maine,Portland,Men's Athletic Footwear,$41.00 ,109,"$4,469 ","$1,475 ",33%,Online
,West Gear,1128299,1/10/21,Northeast,Maine,Portland,Women's Street Footwear,$43.00 ,101,"$4,343 ","$1,737 ",40%,Online
,West Gear,1128299,1/10/21,Northeast,Maine,Portland,Women's Athletic Footwear,$43.00 ,59,"$2,537 ",$989 ,39%,Online
,Amazon,1185732,1/24/21,West,Alaska,Anchorage,Women's Apparel,$52.00 ,84,"$4,368 ","$1,791 ",41%,Online
,Amazon,1185732,2/22/21,West,Alaska,Anchorage,Men's Street Footwear,$51.00 ,173,"$8,823 ","$4,147 ",47%,Online
,Amazon,1185732,2/22/21,West,Alaska,Anchorage,Men's Athletic Footwear,$53.00 ,65,"$3,445 ","$1,654 ",48%,Online
,Amazon,1185732,2/22/21,West,Alaska,Anchorage,Women's Street Footwear,$43.00 ,77,"$3,311 ","$1,225 ",37%,Online
,Amazon,1185732,2/22/21,West,Alaska,Anchorage,Women's Athletic Footwear,$49.00 ,46,"$2,254 ",$879 ,39%,Online
,Amazon,1185732,2/22/21,West,Alaska,Anchorage,Men's Apparel,$60.00 ,75,"$4,500 ","$1,710 ",38%,Online
,Amazon,1185732,2/22/21,West,Alaska,Anchorage,Women's Apparel,$52.00 ,102,"$5,304 ","$2,334 ",44%,Online
,Amazon,1185732,3/20/21,West,Alaska,Anchorage,Men's Street Footwear,$53.00 ,153,"$8,109 ","$3,973 ",49%,Online
,Amazon,1185732,3/20/21,West,Alaska,Anchorage,Men's Athletic Footwear,$52.00 ,65,"$3,380 ","$1,690 ",50%,Online
,Amazon,1185732,3/20/21,West,Alaska,Anchorage,Women's Street Footwear,$41.00 ,69,"$2,829 ","$1,047 ",37%,Online
,Amazon,1185732,3/20/21,West,Alaska,Anchorage,Women's Athletic Footwear,$49.00 ,36,"$1,764 ",$670 ,38%,Online
,Amazon,1185732,3/20/21,West,Alaska,Anchorage,Men's Apparel,$64.00 ,53,"$3,392 ","$1,323 ",39%,Online
,Amazon,1185732,3/20/21,West,Alaska,Anchorage,Women's Apparel,$53.00 ,72,"$3,816 ","$1,526 ",40%,Online
,Amazon,1185732,4/21/21,West,Alaska,Anchorage,Men's Street Footwear,$54.00 ,131,"$7,074 ","$3,254 ",46%,Online
,Amazon,1185732,4/21/21,West,Alaska,Anchorage,Men's Athletic Footwear,$50.00 ,61,"$3,050 ","$1,525 ",50%,Online
,Amazon,1185732,4/21/21,West,Alaska,Anchorage,Women's Street Footwear,$44.00 ,61,"$2,684 ","$1,074 ",40%,Online
,Amazon,1185732,4/21/21,West,Alaska,Anchorage,Women's Athletic Footwear,$47.00 ,44,"$2,068 ",$765 ,37%,Online
,Amazon,1185732,4/21/21,West,Alaska,Anchorage,Men's Apparel,$56.00 ,41,"$2,296 ",$850 ,37%,Online
,Amazon,1185732,4/21/21,West,Alaska,Anchorage,Women's Apparel,$49.00 ,84,"$4,116 ","$1,811 ",44%,Online
,Amazon,1185732,5/20/21,West,Alaska,Anchorage,Men's Street Footwear,$59.00 ,160,"$9,440 ","$4,720 ",50%,Online
,Amazon,1185732,5/20/21,West,Alaska,Anchorage,Men's Athletic Footwear,$56.00 ,72,"$4,032 ","$1,814 ",45%,Online
,Amazon,1185732,5/20/21,West,Alaska,Anchorage,Women's Street Footwear,$53.00 ,84,"$4,452 ","$1,781 ",40%,Online
,Amazon,1185732,5/20/21,West,Alaska,Anchorage,Women's Athletic Footwear,$51.00 ,63,"$3,213 ","$1,221 ",38%,Online
,Amazon,1185732,5/20/21,West,Alaska,Anchorage,Men's Apparel,$62.00 ,69,"$4,278 ","$1,626 ",38%,Online
,Amazon,1185732,5/20/21,West,Alaska,Anchorage,Women's Apparel,$67.00 ,100,"$6,700 ","$2,747 ",41%,Online
,Amazon,1185732,6/22/21,West,Alaska,Anchorage,Men's Street Footwear,$59.00 ,189,"$11,151 ","$5,129 ",46%,Online
,Amazon,1185732,6/22/21,West,Alaska,Anchorage,Men's Athletic Footwear,$55.00 ,112,"$6,160 ","$3,080 ",50%,Online
,Amazon,1185732,6/22/21,West,Alaska,Anchorage,Women's Street Footwear,$53.00 ,81,"$4,293 ","$1,545 ",36%,Online
,Amazon,1185732,6/22/21,West,Alaska,Anchorage,Women's Athletic Footwear,$53.00 ,90,"$4,770 ","$1,717 ",36%,Online
,Amazon,1185732,6/22/21,West,Alaska,Anchorage,Men's Apparel,$60.00 ,84,"$5,040 ","$1,814 ",36%,Online
,Amazon,1185732,6/22/21,West,Alaska,Anchorage,Women's Apparel,$67.00 ,126,"$8,442 ","$3,546 ",42%,Online
,Amazon,1185732,7/20/21,West,Alaska,Anchorage,Men's Street Footwear,$63.00 ,182,"$11,466 ","$5,274 ",46%,Online
,Amazon,1185732,7/20/21,West,Alaska,Anchorage,Men's Athletic Footwear,$59.00 ,111,"$6,549 ","$3,078 ",47%,Online
,Amazon,1185732,7/20/21,West,Alaska,Anchorage,Women's Street Footwear,$53.00 ,102,"$5,406 ","$1,946 ",36%,Online
,Amazon,1185732,7/20/21,West,Alaska,Anchorage,Women's Athletic Footwear,$51.00 ,75,"$3,825 ","$1,454 ",38%,Online
,Amazon,1185732,7/20/21,West,Alaska,Anchorage,Men's Apparel,$61.00 ,91,"$5,551 ","$2,165 ",39%,Online
,Amazon,1185732,7/20/21,West,Alaska,Anchorage,Women's Apparel,$67.00 ,130,"$8,710 ","$3,920 ",45%,Online
,Amazon,1185732,8/21/21,West,Alaska,Anchorage,Men's Street Footwear,$59.00 ,163,"$9,617 ","$4,328 ",45%,Online
,Amazon,1185732,8/21/21,West,Alaska,Anchorage,Men's Athletic Footwear,$56.00 ,106,"$5,936 ","$2,671 ",45%,Online
,Amazon,1185732,8/21/21,West,Alaska,Anchorage,Women's Street Footwear,$54.00 ,102,"$5,508 ","$1,983 ",36%,Online
,Amazon,1185732,8/21/21,West,Alaska,Anchorage,Women's Athletic Footwear,$53.00 ,68,"$3,604 ","$1,442 ",40%,Online
,Amazon,1185732,8/21/21,West,Alaska,Anchorage,Men's Apparel,$62.00 ,65,"$4,030 ","$1,531 ",38%,Online
,Amazon,1185732,8/21/21,West,Alaska,Anchorage,Women's Apparel,$67.00 ,104,"$6,968 ","$2,927 ",42%,Online
,Amazon,1185732,9/20/21,West,Alaska,Anchorage,Men's Street Footwear,$64.00 ,131,"$8,384 ","$4,024 ",48%,Online
,Amazon,1185732,9/20/21,West,Alaska,Anchorage,Men's Athletic Footwear,$55.00 ,91,"$5,005 ","$2,402 ",48%,Online
,Amazon,1185732,9/20/21,West,Alaska,Anchorage,Women's Street Footwear,$50.00 ,59,"$2,950 ","$1,121 ",38%,Online
,Amazon,1185732,9/20/21,West,Alaska,Anchorage,Women's Athletic Footwear,$50.00 ,56,"$2,800 ","$1,092 ",39%,Online
,Amazon,1185732,9/20/21,West,Alaska,Anchorage,Men's Apparel,$62.00 ,60,"$3,720 ","$1,488 ",40%,Online
,Amazon,1185732,9/20/21,West,Alaska,Anchorage,Women's Apparel,$64.00 ,84,"$5,376 ","$2,204 ",41%,Online
,Amazon,1185732,10/22/21,West,Alaska,Anchorage,Men's Street Footwear,$68.00 ,113,"$7,684 ","$3,611 ",47%,Online
,Amazon,1185732,10/22/21,West,Alaska,Anchorage,Men's Athletic Footwear,$60.00 ,77,"$4,620 ","$2,218 ",48%,Online
,Amazon,1185732,10/22/21,West,Alaska,Anchorage,Women's Street Footwear,$59.00 ,46,"$2,714 ","$1,086 ",40%,Online
,Amazon,1185732,10/22/21,West,Alaska,Anchorage,Women's Athletic Footwear,$59.00 ,42,"$2,478 ",$892 ,36%,Online
,Amazon,1185732,10/22/21,West,Alaska,Anchorage,Men's Apparel,$71.00 ,44,"$3,124 ","$1,093 ",35%,Online
,Amazon,1185732,10/22/21,West,Alaska,Anchorage,Women's Apparel,$73.00 ,83,"$6,059 ","$2,424 ",40%,Online
,Amazon,1185732,11/21/21,West,Alaska,Anchorage,Men's Street Footwear,$68.00 ,123,"$8,364 ","$4,015 ",48%,Online
,Amazon,1185732,11/21/21,West,Alaska,Anchorage,Men's Athletic Footwear,$59.00 ,81,"$4,779 ","$2,198 ",46%,Online
,Amazon,1185732,11/21/21,West,Alaska,Anchorage,Women's Street Footwear,$59.00 ,93,"$5,487 ","$2,140 ",39%,Online
,Amazon,1185732,11/21/21,West,Alaska,Anchorage,Women's Athletic Footwear,$62.00 ,90,"$5,580 ","$2,120 ",38%,Online
,Amazon,1185732,11/21/21,West,Alaska,Anchorage,Men's Apparel,$69.00 ,83,"$5,727 ","$2,004 ",35%,Online
,Amazon,1185732,11/21/21,West,Alaska,Anchorage,Women's Apparel,$74.00 ,101,"$7,474 ","$3,139 ",42%,Online
,Amazon,1185732,12/20/21,West,Alaska,Anchorage,Men's Street Footwear,$69.00 ,174,"$12,006 ","$5,643 ",47%,Online
,Amazon,1185732,12/20/21,West,Alaska,Anchorage,Men's Athletic Footwear,$60.00 ,112,"$6,720 ","$3,158 ",47%,Online
,Foot Locker,1128299,1/10/21,West,Alaska,Anchorage,Men's Street Footwear,$33.00 ,109,"$3,597 ","$1,367 ",38%,Online
,Foot Locker,1128299,1/10/21,West,Alaska,Anchorage,Men's Athletic Footwear,$43.00 ,109,"$4,687 ","$1,547 ",33%,Online
,Foot Locker,1128299,1/10/21,West,Alaska,Anchorage,Women's Street Footwear,$41.00 ,113,"$4,633 ","$1,668 ",36%,Online
,Foot Locker,1128299,1/10/21,West,Alaska,Anchorage,Women's Athletic Footwear,$43.00 ,56,"$2,408 ",$843 ,35%,Online
,Foot Locker,1128299,1/10/21,West,Alaska,Anchorage,Men's Apparel,$46.00 ,46,"$2,116 ",$635 ,30%,Online
,Foot Locker,1128299,1/10/21,West,Alaska,Anchorage,Women's Apparel,$42.00 ,123,"$5,166 ","$2,790 ",54%,Online
,Foot Locker,1128299,2/10/21,West,Alaska,Anchorage,Men's Street Footwear,$33.00 ,143,"$4,719 ","$1,699 ",36%,Online
,Foot Locker,1128299,2/10/21,West,Alaska,Anchorage,Men's Athletic Footwear,$42.00 ,98,"$4,116 ","$1,317 ",32%,Online
,Foot Locker,1128299,2/10/21,West,Alaska,Anchorage,Women's Street Footwear,$44.00 ,94,"$4,136 ","$1,489 ",36%,Online
,Foot Locker,1128299,2/10/21,West,Hawaii,Honolulu,Women's Athletic Footwear,$41.00 ,56,"$2,296 ",$895 ,39%,Online
,Foot Locker,1128299,2/10/21,West,Hawaii,Honolulu,Men's Apparel,$47.00 ,38,"$1,786 ",$536 ,30%,Online
,Foot Locker,1128299,2/10/21,West,Hawaii,Honolulu,Women's Apparel,$44.00 ,102,"$4,488 ","$2,468 ",55%,Online
,Foot Locker,1128299,3/9/21,West,Hawaii,Honolulu,Men's Street Footwear,$44.00 ,135,"$5,940 ","$2,376 ",40%,Online
,Foot Locker,1128299,3/9/21,West,Hawaii,Honolulu,Men's Athletic Footwear,$54.00 ,91,"$4,914 ","$1,523 ",31%,Online
,Foot Locker,1128299,3/9/21,West,Hawaii,Honolulu,Women's Street Footwear,$57.00 ,101,"$5,757 ","$2,245 ",39%,Online
,Foot Locker,1128299,3/9/21,West,Hawaii,Honolulu,Women's Athletic Footwear,$52.00 ,69,"$3,588 ","$1,292 ",36%,Online
,Foot Locker,1128299,3/9/21,West,Hawaii,Honolulu,Men's Apparel,$55.00 ,36,"$1,980 ",$515 ,26%,Online
,Foot Locker,1128299,3/9/21,West,Hawaii,Honolulu,Women's Apparel,$50.00 ,85,"$4,250 ","$2,338 ",55%,Online
,Foot Locker,1128299,4/10/21,West,Hawaii,Honolulu,Men's Street Footwear,$59.00 ,130,"$7,670 ","$2,761 ",36%,Online
,Foot Locker,1128299,4/10/21,West,Hawaii,Honolulu,Men's Athletic Footwear,$61.00 ,81,"$4,941 ","$1,729 ",35%,Online
,Foot Locker,1128299,4/10/21,West,Hawaii,Honolulu,Women's Street Footwear,$60.00 ,91,"$5,460 ","$2,075 ",38%,Online
,Foot Locker,1128299,4/10/21,West,Hawaii,Honolulu,Women's Athletic Footwear,$48.00 ,73,"$3,504 ","$1,226 ",35%,Online
,Foot Locker,1128299,4/10/21,West,Hawaii,Honolulu,Men's Apparel,$52.00 ,42,"$2,184 ",$590 ,27%,Online
,Foot Locker,1128299,4/10/21,West,Hawaii,Honolulu,Women's Apparel,$66.00 ,94,"$6,204 ","$3,102 ",50%,Online
,Foot Locker,1128299,5/11/21,West,Hawaii,Honolulu,Men's Street Footwear,$51.00 ,158,"$8,058 ","$2,981 ",37%,Online
,Foot Locker,1128299,5/11/21,West,Hawaii,Honolulu,Men's Athletic Footwear,$58.00 ,98,"$5,684 ","$1,876 ",33%,Online
,Foot Locker,1128299,5/11/21,West,Hawaii,Honolulu,Women's Street Footwear,$56.00 ,98,"$5,488 ","$2,195 ",40%,Online
,Foot Locker,1128299,5/11/21,West,Hawaii,Honolulu,Women's Athletic Footwear,$52.00 ,80,"$4,160 ","$1,664 ",40%,Online
,Foot Locker,1128299,5/11/21,West,Hawaii,Honolulu,Men's Apparel,$55.00 ,46,"$2,530 ",$708 ,28%,Online
,Foot Locker,1128299,5/11/21,West,Hawaii,Honolulu,Women's Apparel,$69.00 ,143,"$9,867 ","$5,427 ",55%,Online
,Foot Locker,1128299,6/10/21,West,Hawaii,Honolulu,Men's Street Footwear,$67.00 ,210,"$14,070 ","$5,628 ",40%,Online
,Foot Locker,1128299,6/10/21,West,Hawaii,Honolulu,Men's Athletic Footwear,$72.00 ,156,"$11,232 ","$3,482 ",31%,Online
,Foot Locker,1128299,6/10/21,West,Hawaii,Honolulu,Women's Street Footwear,$71.00 ,180,"$12,780 ","$4,601 ",36%,Online
,Foot Locker,1128299,6/10/21,West,Hawaii,Honolulu,Women's Athletic Footwear,$74.00 ,133,"$9,842 ","$3,740 ",38%,Online
,Foot Locker,1128299,6/10/21,West,Hawaii,Honolulu,Men's Apparel,$83.00 ,88,"$7,304 ","$2,191 ",30%,Online
,Foot Locker,1128299,6/10/21,West,Hawaii,Honolulu,Women's Apparel,$97.00 ,169,"$16,393 ","$8,524 ",52%,Online
,Foot Locker,1128299,7/9/21,West,Hawaii,Honolulu,Men's Street Footwear,$74.00 ,208,"$15,392 ","$5,695 ",37%,Online
,Foot Locker,1128299,7/9/21,West,Hawaii,Honolulu,Men's Athletic Footwear,$81.00 ,182,"$14,742 ","$5,012 ",34%,Online
,Foot Locker,1128299,7/9/21,West,Hawaii,Honolulu,Women's Street Footwear,$79.00 ,150,"$11,850 ","$4,266 ",36%,Online
,Foot Locker,1128299,7/9/21,West,Hawaii,Honolulu,Women's Athletic Footwear,$73.00 ,130,"$9,490 ","$3,796 ",40%,Online
,Foot Locker,1128299,7/9/21,West,Hawaii,Honolulu,Men's Apparel,$80.00 ,149,"$11,920 ","$3,576 ",30%,Online
,Foot Locker,1128299,7/9/21,West,Hawaii,Honolulu,Women's Apparel,$96.00 ,154,"$14,784 ","$7,688 ",52%,Online
,Foot Locker,1128299,8/10/21,West,Hawaii,Honolulu,Men's Street Footwear,$79.00 ,210,"$16,590 ","$6,138 ",37%,Online
,Foot Locker,1128299,8/10/21,West,Hawaii,Honolulu,Men's Athletic Footwear,$71.00 ,218,"$15,478 ","$5,263 ",34%,Online
,Foot Locker,1128299,8/10/21,West,Hawaii,Honolulu,Women's Street Footwear,$64.00 ,162,"$10,368 ","$4,044 ",39%,Online
,Foot Locker,1128299,8/10/21,West,Hawaii,Honolulu,Women's Athletic Footwear,$67.00 ,142,"$9,514 ","$3,615 ",38%,Online
,Walmart,1128299,8/10/21,West,Hawaii,Honolulu,Men's Apparel,$69.00 ,147,"$10,143 ","$2,739 ",27%,Online
,Walmart,1128299,8/10/21,West,Hawaii,Honolulu,Women's Apparel,$72.00 ,88,"$6,336 ","$3,358 ",53%,Online
,Walmart,1128299,9/11/21,West,Hawaii,Honolulu,Men's Street Footwear,$62.00 ,149,"$9,238 ","$3,326 ",36%,Online
,Walmart,1128299,9/11/21,West,Hawaii,Honolulu,Men's Athletic Footwear,$69.00 ,149,"$10,281 ","$3,393 ",33%,Online
,Walmart,1128299,9/11/21,West,Hawaii,Honolulu,Women's Street Footwear,$64.00 ,105,"$6,720 ","$2,621 ",39%,Online
,Walmart,1128299,9/11/21,West,Hawaii,Honolulu,Women's Athletic Footwear,$62.00 ,85,"$5,270 ","$2,108 ",40%,Online
,Walmart,1128299,9/11/21,West,Hawaii,Honolulu,Men's Apparel,$71.00 ,91,"$6,461 ","$1,938 ",30%,Online
,Walmart,1128299,9/11/21,West,Hawaii,Honolulu,Women's Apparel,$56.00 ,105,"$5,880 ","$3,116 ",53%,Online
,Walmart,1128299,10/10/21,West,Hawaii,Honolulu,Men's Street Footwear,$52.00 ,124,"$6,448 ","$2,579 ",40%,Online
,Walmart,1128299,10/10/21,West,Hawaii,Honolulu,Men's Athletic Footwear,$61.00 ,138,"$8,418 ","$2,525 ",30%,Online
,Walmart,1128299,10/10/21,West,Hawaii,Honolulu,Women's Street Footwear,$56.00 ,87,"$4,872 ","$1,705 ",35%,Online
,Walmart,1128299,10/10/21,West,Hawaii,Honolulu,Women's Athletic Footwear,$50.00 ,83,"$4,150 ","$1,536 ",37%,Online
,Walmart,1128299,10/10/21,West,Hawaii,Honolulu,Men's Apparel,$63.00 ,70,"$4,410 ","$1,235 ",28%,Online
,Walmart,1128299,10/10/21,West,Hawaii,Honolulu,Women's Apparel,$64.00 ,75,"$4,800 ","$2,448 ",51%,Online
,Walmart,1128299,11/10/21,West,Hawaii,Honolulu,Men's Street Footwear,$51.00 ,158,"$8,058 ","$2,981 ",37%,Online
,Walmart,1128299,11/10/21,West,Hawaii,Honolulu,Men's Athletic Footwear,$56.00 ,168,"$9,408 ","$3,011 ",32%,Online
,Walmart,1128299,11/10/21,West,Hawaii,Honolulu,Women's Street Footwear,$50.00 ,123,"$6,150 ","$2,460 ",40%,Online
,Walmart,1128299,11/10/21,West,Hawaii,Honolulu,Women's Athletic Footwear,$60.00 ,104,"$6,240 ","$2,434 ",39%,Online
,Walmart,1128299,11/10/21,West,Hawaii,Honolulu,Men's Apparel,$83.00 ,113,"$9,379 ","$2,814 ",30%,Online
,Walmart,1128299,11/10/21,West,Hawaii,Honolulu,Women's Apparel,$82.00 ,140,"$11,480 ","$5,970 ",52%,Online
,Walmart,1128299,12/9/21,West,Hawaii,Honolulu,Men's Street Footwear,$68.00 ,189,"$12,852 ","$5,141 ",40%,Online
,Walmart,1128299,12/9/21,West,Hawaii,Honolulu,Men's Athletic Footwear,$77.00 ,182,"$14,014 ","$4,204 ",30%,Online
,Sports Direct,1128299,12/9/21,West,Hawaii,Honolulu,Women's Street Footwear,$74.00 ,135,"$9,990 ","$3,497 ",35%,Online
,Sports Direct,1128299,12/9/21,West,Hawaii,Honolulu,Women's Athletic Footwear,$73.00 ,145,"$10,585 ","$3,705 ",35%,Online
,Sports Direct,1128299,12/9/21,West,Hawaii,Honolulu,Men's Apparel,$84.00 ,128,"$10,752 ","$2,796 ",26%,Online
,Sports Direct,1128299,12/9/21,West,Hawaii,Honolulu,Women's Apparel,$89.00 ,142,"$12,638 ","$6,319 ",50%,Online
,Sports Direct,1128299,1/17/21,West,Hawaii,Honolulu,Men's Street Footwear,$38.00 ,115,"$4,370 ","$1,879 ",43%,Online
,Sports Direct,1128299,1/17/21,West,Hawaii,Honolulu,Men's Athletic Footwear,$48.00 ,123,"$5,904 ","$2,066 ",35%,Online
,Sports Direct,1128299,1/17/21,West,Hawaii,Honolulu,Women's Street Footwear,$45.00 ,123,"$5,535 ","$2,269 ",41%,Online
,Sports Direct,1128299,1/17/21,West,Hawaii,Honolulu,Women's Athletic Footwear,$47.00 ,77,"$3,619 ","$1,629 ",45%,Online
,Sports Direct,1128299,1/17/21,West,Hawaii,Honolulu,Men's Apparel,$54.00 ,68,"$3,672 ","$1,102 ",30%,Online
,Sports Direct,1128299,1/17/21,West,Hawaii,Honolulu,Women's Apparel,$49.00 ,124,"$6,076 ","$3,585 ",59%,Online
,Sports Direct,1128299,2/17/21,West,Hawaii,Honolulu,Men's Street Footwear,$36.00 ,137,"$4,932 ","$2,071 ",42%,Online
,Sports Direct,1128299,2/17/21,West,Hawaii,Honolulu,Men's Athletic Footwear,$49.00 ,111,"$5,439 ","$1,904 ",35%,Online
,Sports Direct,1128299,2/17/21,West,Hawaii,Honolulu,Women's Street Footwear,$49.00 ,111,"$5,439 ","$2,176 ",40%,Online
,Sports Direct,1128299,2/17/21,Southeast,Florida,Orlando,Women's Athletic Footwear,$45.00 ,74,"$3,330 ","$1,465 ",44%,Online
,Sports Direct,1128299,2/17/21,Southeast,Florida,Orlando,Men's Apparel,$52.00 ,60,"$3,120 ",$998 ,32%,Online
,Sports Direct,1128299,2/17/21,Southeast,Florida,Orlando,Women's Apparel,$47.00 ,108,"$5,076 ","$2,944 ",58%,Online
,Sports Direct,1128299,3/16/21,Southeast,Florida,Orlando,Men's Street Footwear,$46.00 ,160,"$7,360 ","$3,018 ",41%,Online
,Sports Direct,1128299,3/16/21,Southeast,Florida,Orlando,Men's Athletic Footwear,$58.00 ,100,"$5,800 ","$2,204 ",38%,Online
,Sports Direct,1128299,3/16/21,Southeast,Florida,Orlando,Women's Street Footwear,$59.00 ,115,"$6,785 ","$2,918 ",43%,Online
,Sports Direct,1128299,3/16/21,Southeast,Florida,Orlando,Women's Athletic Footwear,$58.00 ,91,"$5,278 ","$2,217 ",42%,Online
,Sports Direct,1128299,3/16/21,Southeast,Florida,Orlando,Men's Apparel,$61.00 ,44,"$2,684 ",$886 ,33%,Online
,Sports Direct,1128299,3/16/21,Southeast,Florida,Orlando,Women's Apparel,$54.00 ,101,"$5,454 ","$3,272 ",60%,Online
,Walmart,1128299,4/17/21,Southeast,Florida,Orlando,Men's Street Footwear,$62.00 ,138,"$8,556 ","$3,594 ",42%,Online
,Walmart,1128299,4/17/21,Southeast,Florida,Orlando,Men's Athletic Footwear,$66.00 ,98,"$6,468 ","$2,264 ",35%,Online
,Walmart,1128299,4/17/21,Southeast,Florida,Orlando,Women's Street Footwear,$66.00 ,120,"$7,920 ","$3,247 ",41%,Online
,Walmart,1128299,4/17/21,Southeast,Florida,Orlando,Women's Athletic Footwear,$52.00 ,84,"$4,368 ","$1,966 ",45%,Online
,Walmart,1128299,4/17/21,Southeast,Florida,Orlando,Men's Apparel,$59.00 ,58,"$3,422 ","$1,198 ",35%,Online
,Walmart,1128299,4/17/21,Southeast,Florida,Orlando,Women's Apparel,$72.00 ,109,"$7,848 ","$4,709 ",60%,Online
,Walmart,1128299,5/18/21,Southeast,Florida,Orlando,Men's Street Footwear,$58.00 ,155,"$8,990 ","$3,866 ",43%,Online
,Walmart,1128299,5/18/21,Southeast,Florida,Orlando,Men's Athletic Footwear,$60.00 ,128,"$7,680 ","$3,072 ",40%,Online
,Walmart,1128299,5/18/21,Southeast,Florida,Orlando,Women's Street Footwear,$59.00 ,119,"$7,021 ","$3,159 ",45%,Online
,Walmart,1128299,5/18/21,Southeast,Florida,Orlando,Women's Athletic Footwear,$59.00 ,88,"$5,192 ","$2,233 ",43%,Online
,Walmart,1128299,5/18/21,Southeast,Florida,Orlando,Men's Apparel,$52.00 ,68,"$3,536 ","$1,132 ",32%,Online
,Walmart,1128299,5/18/21,Southeast,Florida,Orlando,Women's Apparel,$67.00 ,173,"$11,591 ","$6,723 ",58%,Online
,Walmart,1128299,6/17/21,Southeast,Florida,Orlando,Men's Street Footwear,$61.00 ,223,"$13,603 ","$6,121 ",45%,Online
,Walmart,1128299,6/17/21,Southeast,Florida,Orlando,Men's Athletic Footwear,$64.00 ,203,"$12,992 ","$4,547 ",35%,Online
,Walmart,1128299,6/17/21,Southeast,Florida,Orlando,Women's Street Footwear,$80.00 ,210,"$16,800 ","$7,224 ",43%,Online
,Walmart,1128299,6/17/21,Southeast,Florida,Orlando,Women's Athletic Footwear,$77.00 ,155,"$11,935 ","$5,013 ",42%,Online
,Walmart,1128299,6/17/21,Southeast,Florida,Orlando,Men's Apparel,$89.00 ,126,"$11,214 ","$3,588 ",32%,Online
,Walmart,1128299,6/17/21,Southeast,Florida,Orlando,Women's Apparel,$103.00 ,218,"$22,454 ","$12,574 ",56%,Online
,Walmart,1128299,7/16/21,Southeast,Florida,Orlando,Men's Street Footwear,$83.00 ,261,"$21,663 ","$9,532 ",44%,Online
,Walmart,1128299,7/16/21,Southeast,Florida,Orlando,Men's Athletic Footwear,$88.00 ,225,"$19,800 ","$7,920 ",40%,Online
,Walmart,1128299,7/16/21,Southeast,Florida,Orlando,Women's Street Footwear,$86.00 ,189,"$16,254 ","$7,152 ",44%,Online
,Walmart,1128299,7/16/21,Southeast,Florida,Orlando,Women's Athletic Footwear,$82.00 ,180,"$14,760 ","$6,347 ",43%,Online
,Walmart,1128299,7/16/21,Southeast,Florida,Orlando,Men's Apparel,$89.00 ,195,"$17,355 ","$5,554 ",32%,Online
,Walmart,1128299,7/16/21,Southeast,Florida,Orlando,Women's Apparel,$101.00 ,163,"$16,463 ","$9,384 ",57%,Online
,Walmart,1128299,8/17/21,Southeast,Florida,Orlando,Men's Street Footwear,$87.00 ,213,"$18,531 ","$7,598 ",41%,Online
,Walmart,1128299,8/17/21,Southeast,Florida,Orlando,Men's Athletic Footwear,$77.00 ,206,"$15,862 ","$5,552 ",35%,Online
,Walmart,1128299,8/17/21,Southeast,Florida,Orlando,Women's Street Footwear,$78.00 ,189,"$14,742 ","$6,339 ",43%,Online
,Walmart,1128299,8/17/21,Southeast,Florida,Orlando,Women's Athletic Footwear,$77.00 ,143,"$11,011 ","$4,625 ",42%,Online
,Walmart,1128299,8/17/21,Southeast,Florida,Orlando,Men's Apparel,$74.00 ,143,"$10,582 ","$3,280 ",31%,Online
,Walmart,1128299,8/17/21,Southeast,Florida,Orlando,Women's Apparel,$81.00 ,87,"$7,047 ","$4,087 ",58%,Online
,Walmart,1128299,9/18/21,Southeast,Florida,Orlando,Men's Street Footwear,$58.00 ,140,"$8,120 ","$3,248 ",40%,Online
,Walmart,1128299,9/18/21,Southeast,Florida,Orlando,Men's Athletic Footwear,$60.00 ,135,"$8,100 ","$2,997 ",37%,Online
,Walmart,1128299,9/18/21,Southeast,Florida,Orlando,Women's Street Footwear,$54.00 ,75,"$4,050 ","$1,823 ",45%,Online
,Walmart,1128299,9/18/21,Southeast,Florida,Orlando,Women's Athletic Footwear,$54.00 ,65,"$3,510 ","$1,544 ",44%,Online
,Walmart,1128299,9/18/21,Southeast,Florida,Orlando,Men's Apparel,$64.00 ,74,"$4,736 ","$1,468 ",31%,Online
,Walmart,1128299,9/18/21,Southeast,Florida,Orlando,Women's Apparel,$51.00 ,75,"$3,825 ","$2,104 ",55%,Online
,Walmart,1128299,10/17/21,Southeast,Florida,Orlando,Men's Street Footwear,$47.00 ,100,"$4,700 ","$2,068 ",44%,Online
,Walmart,1128299,10/17/21,Southeast,Florida,Orlando,Men's Athletic Footwear,$59.00 ,144,"$8,496 ","$3,228 ",38%,Online
,Walmart,1128299,10/17/21,Southeast,Florida,Orlando,Women's Street Footwear,$55.00 ,112,"$6,160 ","$2,526 ",41%,Online
,Walmart,1128299,10/17/21,Southeast,Florida,Orlando,Women's Athletic Footwear,$51.00 ,113,"$5,763 ","$2,363 ",41%,Online
,Walmart,1128299,10/17/21,Southeast,Florida,Orlando,Men's Apparel,$59.00 ,98,"$5,782 ","$1,792 ",31%,Online
,Walmart,1128299,10/17/21,Southeast,Florida,Orlando,Women's Apparel,$65.00 ,104,"$6,760 ","$3,921 ",58%,Online
,Walmart,1128299,11/17/21,Southeast,Florida,Orlando,Men's Street Footwear,$52.00 ,169,"$8,788 ","$3,515 ",40%,Online
,Walmart,1128299,11/17/21,Southeast,Florida,Orlando,Men's Athletic Footwear,$54.00 ,175,"$9,450 ","$3,591 ",38%,Online
,Walmart,1128299,11/17/21,Southeast,Florida,Orlando,Women's Street Footwear,$53.00 ,147,"$7,791 ","$3,194 ",41%,Online
,Walmart,1128299,11/17/21,Southeast,Florida,Orlando,Women's Athletic Footwear,$64.00 ,150,"$9,600 ","$4,128 ",43%,Online
,Walmart,1128299,11/17/21,Southeast,Florida,Orlando,Men's Apparel,$77.00 ,124,"$9,548 ","$2,864 ",30%,Online
,Walmart,1128299,11/17/21,Southeast,Florida,Orlando,Women's Apparel,$86.00 ,162,"$13,932 ","$8,220 ",59%,Online
,Walmart,1128299,12/16/21,Southeast,Florida,Orlando,Men's Street Footwear,$72.00 ,216,"$15,552 ","$6,221 ",40%,Online
,Walmart,1128299,12/16/21,Southeast,Florida,Orlando,Men's Athletic Footwear,$82.00 ,200,"$16,400 ","$5,740 ",35%,Online
,West Gear,1128299,12/16/21,Southeast,Florida,Orlando,Women's Street Footwear,$75.00 ,174,"$13,050 ","$5,220 ",40%,Online
,West Gear,1128299,12/16/21,Southeast,Florida,Orlando,Women's Athletic Footwear,$78.00 ,180,"$14,040 ","$5,756 ",41%,Online
,West Gear,1128299,12/16/21,Southeast,Florida,Orlando,Men's Apparel,$86.00 ,147,"$12,642 ","$4,425 ",35%,Online
,West Gear,1128299,12/16/21,Southeast,Florida,Orlando,Women's Apparel,$87.00 ,156,"$13,572 ","$7,465 ",55%,Online
,West Gear,1185732,1/12/21,Southeast,Florida,Orlando,Men's Street Footwear,$41.00 ,255,"$10,455 ","$5,750 ",55%,Online
,West Gear,1185732,1/12/21,Southeast,Florida,Orlando,Men's Athletic Footwear,$44.00 ,189,"$8,316 ","$3,909 ",47%,Online
,West Gear,1185732,1/12/21,Southeast,Florida,Orlando,Women's Street Footwear,$32.00 ,169,"$5,408 ","$2,055 ",38%,Online
,West Gear,1185732,1/12/21,Southeast,Florida,Orlando,Women's Athletic Footwear,$37.00 ,145,"$5,365 ","$2,200 ",41%,Online
,West Gear,1185732,1/12/21,Southeast,Florida,Orlando,Men's Apparel,$51.00 ,165,"$8,415 ","$3,787 ",45%,Online
,West Gear,1185732,1/12/21,Southeast,Florida,Orlando,Women's Apparel,$44.00 ,176,"$7,744 ","$5,034 ",65%,Online
,West Gear,1185732,2/10/21,Southeast,Florida,Orlando,Men's Street Footwear,$44.00 ,234,"$10,296 ","$5,663 ",55%,Online
,West Gear,1185732,2/10/21,Southeast,Florida,Orlando,Men's Athletic Footwear,$42.00 ,138,"$5,796 ","$2,840 ",49%,Online
,West Gear,1185732,2/10/21,Southeast,Florida,Orlando,Women's Street Footwear,$33.00 ,174,"$5,742 ","$2,125 ",37%,Online
,West Gear,1185732,2/10/21,Northeast,New York,Albany,Women's Athletic Footwear,$37.00 ,133,"$4,921 ","$2,067 ",42%,Online
,West Gear,1185732,2/10/21,Northeast,New York,Albany,Men's Apparel,$50.00 ,154,"$7,700 ","$3,542 ",46%,Online
,West Gear,1185732,2/10/21,Northeast,New York,Albany,Women's Apparel,$42.00 ,182,"$7,644 ","$4,892 ",64%,Online
,West Gear,1185732,3/8/21,Northeast,New York,Albany,Men's Street Footwear,$44.00 ,252,"$11,088 ","$6,542 ",59%,Online
,West Gear,1185732,3/8/21,Northeast,New York,Albany,Men's Athletic Footwear,$44.00 ,165,"$7,260 ","$3,340 ",46%,Online
,West Gear,1185732,3/8/21,Northeast,New York,Albany,Women's Street Footwear,$33.00 ,161,"$5,313 ","$1,913 ",36%,Online
,West Gear,1185732,3/8/21,Northeast,New York,Albany,Women's Athletic Footwear,$39.00 ,106,"$4,134 ","$1,695 ",41%,Online
,West Gear,1185732,3/8/21,Northeast,New York,Albany,Men's Apparel,$51.00 ,133,"$6,783 ","$3,324 ",49%,Online
,West Gear,1185732,3/8/21,Northeast,New York,Albany,Women's Apparel,$43.00 ,161,"$6,923 ","$4,154 ",60%,Online
,West Gear,1185732,4/9/21,Northeast,New York,Albany,Men's Street Footwear,$42.00 ,248,"$10,416 ","$5,833 ",56%,Online
,West Gear,1185732,4/9/21,Northeast,New York,Albany,Men's Athletic Footwear,$43.00 ,147,"$6,321 ","$2,844 ",45%,Online
,West Gear,1185732,4/9/21,Northeast,New York,Albany,Women's Street Footwear,$34.00 ,152,"$5,168 ","$1,860 ",36%,Online
,West Gear,1185732,4/9/21,Northeast,New York,Albany,Women's Athletic Footwear,$37.00 ,135,"$4,995 ","$2,048 ",41%,Online
,West Gear,1185732,4/9/21,Northeast,New York,Albany,Men's Apparel,$50.00 ,124,"$6,200 ","$2,914 ",47%,Online
,West Gear,1185732,4/9/21,Northeast,New York,Albany,Women's Apparel,$41.00 ,156,"$6,396 ","$4,157 ",65%,Online
,West Gear,1185732,5/8/21,Northeast,New York,Albany,Men's Street Footwear,$50.00 ,261,"$13,050 ","$7,830 ",60%,Online
,West Gear,1185732,5/8/21,Northeast,New York,Albany,Men's Athletic Footwear,$53.00 ,161,"$8,533 ","$4,011 ",47%,Online
,West Gear,1185732,5/8/21,Northeast,New York,Albany,Women's Street Footwear,$49.00 ,160,"$7,840 ","$2,822 ",36%,Online
,West Gear,1185732,5/8/21,Northeast,New York,Albany,Women's Athletic Footwear,$47.00 ,130,"$6,110 ","$2,444 ",40%,Online
,West Gear,1185732,5/8/21,Northeast,New York,Albany,Men's Apparel,$56.00 ,137,"$7,672 ","$3,759 ",49%,Online
,West Gear,1185732,5/8/21,Northeast,New York,Albany,Women's Apparel,$59.00 ,169,"$9,971 ","$6,282 ",63%,Online
,West Gear,1185732,6/10/21,Northeast,New York,Albany,Men's Street Footwear,$59.00 ,263,"$15,517 ","$8,690 ",56%,Online
,West Gear,1185732,6/10/21,Northeast,New York,Albany,Men's Athletic Footwear,$54.00 ,175,"$9,450 ","$4,536 ",48%,Online
,West Gear,1185732,6/10/21,Northeast,New York,Albany,Women's Street Footwear,$48.00 ,150,"$7,200 ","$2,736 ",38%,Online
,West Gear,1185732,6/10/21,Northeast,New York,Albany,Women's Athletic Footwear,$49.00 ,144,"$7,056 ","$2,893 ",41%,Online
,West Gear,1185732,6/10/21,Northeast,New York,Albany,Men's Apparel,$62.00 ,150,"$9,300 ","$4,557 ",49%,Online
,West Gear,1185732,6/10/21,Northeast,New York,Albany,Women's Apparel,$69.00 ,181,"$12,489 ","$7,743 ",62%,Online
,West Gear,1185732,7/8/21,Northeast,New York,Albany,Men's Street Footwear,$59.00 ,247,"$14,573 ","$8,015 ",55%,Online
,West Gear,1185732,7/8/21,Northeast,New York,Albany,Men's Athletic Footwear,$56.00 ,196,"$10,976 ","$4,939 ",45%,Online
,West Gear,1185732,7/8/21,Northeast,New York,Albany,Women's Street Footwear,$51.00 ,169,"$8,619 ","$3,017 ",35%,Online
,West Gear,1185732,7/8/21,Northeast,New York,Albany,Women's Athletic Footwear,$53.00 ,150,"$7,950 ","$3,419 ",43%,Online
,West Gear,1185732,7/8/21,Northeast,New York,Albany,Men's Apparel,$62.00 ,168,"$10,416 ","$4,791 ",46%,Online
,West Gear,1185732,7/8/21,Northeast,New York,Albany,Women's Apparel,$66.00 ,194,"$12,804 ","$8,323 ",65%,Online
,West Gear,1185732,8/9/21,Northeast,New York,Albany,Men's Street Footwear,$62.00 ,250,"$15,500 ","$8,680 ",56%,Online
,West Gear,1185732,8/9/21,Northeast,New York,Albany,Men's Athletic Footwear,$55.00 ,210,"$11,550 ","$5,198 ",45%,Online
,West Gear,1185732,8/9/21,Northeast,New York,Albany,Women's Street Footwear,$51.00 ,188,"$9,588 ","$3,452 ",36%,Online
,West Gear,1185732,8/9/21,Northeast,New York,Albany,Women's Athletic Footwear,$41.00 ,150,"$6,150 ","$2,460 ",40%,Online
,West Gear,1185732,8/9/21,Northeast,New York,Albany,Men's Apparel,$52.00 ,149,"$7,748 ","$3,719 ",48%,Online
,West Gear,1185732,8/9/21,Northeast,New York,Albany,Women's Apparel,$55.00 ,218,"$11,990 ","$7,194 ",60%,Online
,West Gear,1185732,9/8/21,Northeast,New York,Albany,Men's Street Footwear,$50.00 ,238,"$11,900 ","$7,021 ",59%,Online
,West Gear,1185732,9/8/21,Northeast,New York,Albany,Men's Athletic Footwear,$48.00 ,163,"$7,824 ","$3,521 ",45%,Online
,West Gear,1185732,9/8/21,Northeast,New York,Albany,Women's Street Footwear,$41.00 ,138,"$5,658 ","$1,980 ",35%,Online
,West Gear,1185732,9/8/21,Northeast,New York,Albany,Women's Athletic Footwear,$44.00 ,137,"$6,028 ","$2,471 ",41%,Online
,West Gear,1185732,9/8/21,Northeast,New York,Albany,Men's Apparel,$51.00 ,131,"$6,681 ","$3,207 ",48%,Online
,West Gear,1185732,9/8/21,Northeast,New York,Albany,Women's Apparel,$59.00 ,156,"$9,204 ","$5,522 ",60%,Online
,West Gear,1185732,10/10/21,Northeast,New York,Albany,Men's Street Footwear,$57.00 ,208,"$11,856 ","$6,758 ",57%,Online
,West Gear,1185732,10/10/21,Northeast,New York,Albany,Men's Athletic Footwear,$46.00 ,156,"$7,176 ","$3,301 ",46%,Online
,West Gear,1185732,10/10/21,Northeast,New York,Albany,Women's Street Footwear,$46.00 ,137,"$6,302 ","$2,521 ",40%,Online
,West Gear,1185732,10/10/21,Northeast,New York,Albany,Women's Athletic Footwear,$45.00 ,135,"$6,075 ","$2,491 ",41%,Online
,West Gear,1185732,10/10/21,Northeast,New York,Albany,Men's Apparel,$59.00 ,150,"$8,850 ","$4,160 ",47%,Online
,West Gear,1185732,10/10/21,Northeast,New York,Albany,Women's Apparel,$64.00 ,156,"$9,984 ","$6,190 ",62%,Online
,West Gear,1185732,11/9/21,Northeast,New York,Albany,Men's Street Footwear,$56.00 ,217,"$12,152 ","$6,684 ",55%,Online
,West Gear,1185732,11/9/21,Northeast,New York,Albany,Men's Athletic Footwear,$49.00 ,162,"$7,938 ","$3,890 ",49%,Online
,West Gear,1185732,11/9/21,Northeast,New York,Albany,Women's Street Footwear,$45.00 ,147,"$6,615 ","$2,381 ",36%,Online
,West Gear,1185732,11/9/21,Northeast,New York,Albany,Women's Athletic Footwear,$47.00 ,144,"$6,768 ","$2,707 ",40%,Online
,West Gear,1185732,11/9/21,Northeast,New York,Albany,Men's Apparel,$62.00 ,154,"$9,548 ","$4,297 ",45%,Online
,West Gear,1185732,11/9/21,Northeast,New York,Albany,Women's Apparel,$68.00 ,176,"$11,968 ","$7,660 ",64%,Online
,West Gear,1185732,12/8/21,Northeast,New York,Albany,Men's Street Footwear,$59.00 ,245,"$14,455 ","$8,384 ",58%,Online
,West Gear,1185732,12/8/21,Northeast,New York,Albany,Men's Athletic Footwear,$51.00 ,169,"$8,619 ","$4,310 ",50%,Online
,Kohl's,1185732,12/8/21,Northeast,New York,Albany,Women's Street Footwear,$52.00 ,163,"$8,476 ","$3,306 ",39%,Online
,Kohl's,1185732,12/8/21,Northeast,New York,Albany,Women's Athletic Footwear,$54.00 ,155,"$8,370 ","$3,432 ",41%,Online
,Kohl's,1185732,12/8/21,Northeast,New York,Albany,Men's Apparel,$60.00 ,155,"$9,300 ","$4,278 ",46%,Online
,Kohl's,1185732,12/8/21,Northeast,New York,Albany,Women's Apparel,$69.00 ,182,"$12,558 ","$8,037 ",64%,Online
,Kohl's,1185732,1/14/21,Northeast,New York,Albany,Men's Street Footwear,$39.00 ,216,"$8,424 ","$5,307 ",63%,Online
,Kohl's,1185732,1/14/21,Northeast,New York,Albany,Men's Athletic Footwear,$39.00 ,156,"$6,084 ","$2,738 ",45%,Online
,Kohl's,1185732,1/14/21,Northeast,New York,Albany,Women's Street Footwear,$29.00 ,168,"$4,872 ","$2,339 ",48%,Online
,Kohl's,1185732,1/14/21,Northeast,New York,Albany,Women's Athletic Footwear,$34.00 ,131,"$4,454 ","$2,093 ",47%,Online
,Kohl's,1185732,1/14/21,Northeast,New York,Albany,Men's Apparel,$49.00 ,145,"$7,105 ","$3,197 ",45%,Online
,Kohl's,1185732,1/14/21,Northeast,New York,Albany,Women's Apparel,$38.00 ,156,"$5,928 ","$2,371 ",40%,Online
,Kohl's,1185732,2/12/21,Northeast,New York,Albany,Men's Street Footwear,$37.00 ,238,"$8,806 ","$5,372 ",61%,Online
,Kohl's,1185732,2/12/21,Northeast,New York,Albany,Men's Athletic Footwear,$37.00 ,145,"$5,365 ","$2,200 ",41%,Online
,Kohl's,1185732,2/12/21,Northeast,New York,Albany,Women's Street Footwear,$29.00 ,143,"$4,147 ","$2,032 ",49%,Online
,Kohl's,1185732,2/12/21,West,Wyoming,Cheyenne,Women's Athletic Footwear,$32.00 ,123,"$3,936 ","$1,889 ",48%,Online
,Kohl's,1185732,2/12/21,West,Wyoming,Cheyenne,Men's Apparel,$47.00 ,145,"$6,815 ","$2,794 ",41%,Online
,Kohl's,1185732,2/12/21,West,Wyoming,Cheyenne,Women's Apparel,$38.00 ,174,"$6,612 ","$2,579 ",39%,Online
,Kohl's,1185732,3/10/21,West,Wyoming,Cheyenne,Men's Street Footwear,$38.00 ,246,"$9,348 ","$5,609 ",60%,Online
,Kohl's,1185732,3/10/21,West,Wyoming,Cheyenne,Men's Athletic Footwear,$37.00 ,131,"$4,847 ","$2,133 ",44%,Online
,Kohl's,1185732,3/10/21,West,Wyoming,Cheyenne,Women's Street Footwear,$27.00 ,149,"$4,023 ","$1,810 ",45%,Online
,Kohl's,1185732,3/10/21,West,Wyoming,Cheyenne,Women's Athletic Footwear,$33.00 ,112,"$3,696 ","$1,737 ",47%,Online
,Kohl's,1185732,3/10/21,West,Wyoming,Cheyenne,Men's Apparel,$47.00 ,126,"$5,922 ","$2,665 ",45%,Online
,Kohl's,1185732,3/10/21,West,Wyoming,Cheyenne,Women's Apparel,$37.00 ,165,"$6,105 ","$2,259 ",37%,Online
,Kohl's,1185732,4/11/21,West,Wyoming,Cheyenne,Men's Street Footwear,$39.00 ,208,"$8,112 ","$5,029 ",62%,Online
,Kohl's,1185732,4/11/21,West,Wyoming,Cheyenne,Men's Athletic Footwear,$39.00 ,140,"$5,460 ","$2,457 ",45%,Online
,Kohl's,1185732,4/11/21,West,Wyoming,Cheyenne,Women's Street Footwear,$28.00 ,145,"$4,060 ","$1,868 ",46%,Online
,Kohl's,1185732,4/11/21,West,Wyoming,Cheyenne,Women's Athletic Footwear,$33.00 ,119,"$3,927 ","$1,846 ",47%,Online
,Kohl's,1185732,4/11/21,West,Wyoming,Cheyenne,Men's Apparel,$47.00 ,106,"$4,982 ","$2,092 ",42%,Online
,Kohl's,1185732,4/11/21,West,Wyoming,Cheyenne,Women's Apparel,$36.00 ,149,"$5,364 ","$1,877 ",35%,Online
,Kohl's,1185732,5/10/21,West,Wyoming,Cheyenne,Men's Street Footwear,$45.00 ,246,"$11,070 ","$7,196 ",65%,Online
,Kohl's,1185732,5/10/21,West,Wyoming,Cheyenne,Men's Athletic Footwear,$41.00 ,152,"$6,232 ","$2,493 ",40%,Online
,Kohl's,1185732,5/10/21,West,Wyoming,Cheyenne,Women's Street Footwear,$39.00 ,145,"$5,655 ","$2,771 ",49%,Online
,Kohl's,1185732,5/10/21,West,Wyoming,Cheyenne,Women's Athletic Footwear,$39.00 ,131,"$5,109 ","$2,555 ",50%,Online
,Kohl's,1185732,5/10/21,West,Wyoming,Cheyenne,Men's Apparel,$45.00 ,133,"$5,985 ","$2,514 ",42%,Online
,Kohl's,1185732,5/10/21,West,Wyoming,Cheyenne,Women's Apparel,$52.00 ,156,"$8,112 ","$3,245 ",40%,Online
,Kohl's,1185732,6/12/21,West,Wyoming,Cheyenne,Men's Street Footwear,$46.00 ,247,"$11,362 ","$7,158 ",63%,Online
,Kohl's,1185732,6/12/21,West,Wyoming,Cheyenne,Men's Athletic Footwear,$42.00 ,168,"$7,056 ","$2,893 ",41%,Online
,Kohl's,1185732,6/12/21,West,Wyoming,Cheyenne,Women's Street Footwear,$38.00 ,131,"$4,978 ","$2,240 ",45%,Online
,Kohl's,1185732,6/12/21,West,Wyoming,Cheyenne,Women's Athletic Footwear,$38.00 ,140,"$5,320 ","$2,500 ",47%,Online
,Kohl's,1185732,6/12/21,West,Wyoming,Cheyenne,Men's Apparel,$49.00 ,135,"$6,615 ","$2,911 ",44%,Online
,Kohl's,1185732,6/12/21,West,Wyoming,Cheyenne,Women's Apparel,$50.00 ,163,"$8,150 ","$3,016 ",37%,Online
,Kohl's,1185732,7/10/21,West,Wyoming,Cheyenne,Men's Street Footwear,$48.00 ,228,"$10,944 ","$7,004 ",64%,Online
,Kohl's,1185732,7/10/21,West,Wyoming,Cheyenne,Men's Athletic Footwear,$44.00 ,163,"$7,172 ","$3,084 ",43%,Online
,Kohl's,1185732,7/10/21,West,Wyoming,Cheyenne,Women's Street Footwear,$38.00 ,149,"$5,662 ","$2,718 ",48%,Online
,Kohl's,1185732,7/10/21,West,Wyoming,Cheyenne,Women's Athletic Footwear,$39.00 ,150,"$5,850 ","$2,750 ",47%,Online
,Kohl's,1185732,7/10/21,West,Wyoming,Cheyenne,Men's Apparel,$48.00 ,137,"$6,576 ","$2,762 ",42%,Online
,Kohl's,1185732,7/10/21,West,Wyoming,Cheyenne,Women's Apparel,$51.00 ,196,"$9,996 ","$3,599 ",36%,Online
,Kohl's,1185732,8/11/21,West,Wyoming,Cheyenne,Men's Street Footwear,$47.00 ,255,"$11,985 ","$7,670 ",64%,Online
,Kohl's,1185732,8/11/21,West,Wyoming,Cheyenne,Men's Athletic Footwear,$43.00 ,163,"$7,009 ","$2,874 ",41%,Online
,Kohl's,1185732,8/11/21,West,Wyoming,Cheyenne,Women's Street Footwear,$38.00 ,143,"$5,434 ","$2,445 ",45%,Online
,Kohl's,1185732,8/11/21,West,Wyoming,Cheyenne,Women's Athletic Footwear,$38.00 ,147,"$5,586 ","$2,737 ",49%,Online
,Kohl's,1185732,8/11/21,West,Wyoming,Cheyenne,Men's Apparel,$47.00 ,140,"$6,580 ","$2,698 ",41%,Online
,Kohl's,1185732,8/11/21,West,Wyoming,Cheyenne,Women's Apparel,$52.00 ,196,"$10,192 ","$4,077 ",40%,Online
,Kohl's,1185732,9/10/21,West,Wyoming,Cheyenne,Men's Street Footwear,$48.00 ,208,"$9,984 ","$6,390 ",64%,Online
,Kohl's,1185732,9/10/21,West,Wyoming,Cheyenne,Men's Athletic Footwear,$44.00 ,150,"$6,600 ","$2,838 ",43%,Online
,Kohl's,1185732,9/10/21,West,Wyoming,Cheyenne,Women's Street Footwear,$38.00 ,137,"$5,206 ","$2,395 ",46%,Online
,Kohl's,1185732,9/10/21,West,Wyoming,Cheyenne,Women's Athletic Footwear,$38.00 ,135,"$5,130 ","$2,514 ",49%,Online
,Kohl's,1185732,9/10/21,West,Wyoming,Cheyenne,Men's Apparel,$48.00 ,125,"$6,000 ","$2,580 ",43%,Online
,Kohl's,1185732,9/10/21,West,Wyoming,Cheyenne,Women's Apparel,$52.00 ,174,"$9,048 ","$3,619 ",40%,Online
,Kohl's,1185732,10/12/21,West,Wyoming,Cheyenne,Men's Street Footwear,$50.00 ,202,"$10,100 ","$6,464 ",64%,Online
,Kohl's,1185732,10/12/21,West,Wyoming,Cheyenne,Men's Athletic Footwear,$44.00 ,174,"$7,656 ","$3,062 ",40%,Online
,Kohl's,1185732,10/12/21,West,Wyoming,Cheyenne,Women's Street Footwear,$42.00 ,125,"$5,250 ","$2,415 ",46%,Online
,Kohl's,1185732,10/12/21,West,Wyoming,Cheyenne,Women's Athletic Footwear,$41.00 ,119,"$4,879 ","$2,244 ",46%,Online
,Kohl's,1185732,10/12/21,West,Wyoming,Cheyenne,Men's Apparel,$54.00 ,128,"$6,912 ","$3,041 ",44%,Online
,Kohl's,1185732,10/12/21,West,Wyoming,Cheyenne,Women's Apparel,$55.00 ,150,"$8,250 ","$3,053 ",37%,Online
,Kohl's,1185732,11/11/21,West,Wyoming,Cheyenne,Men's Street Footwear,$53.00 ,218,"$11,554 ","$7,048 ",61%,Online
,Kohl's,1185732,11/11/21,West,Wyoming,Cheyenne,Men's Athletic Footwear,$42.00 ,167,"$7,014 ","$3,016 ",43%,Online
,Kohl's,1185732,11/11/21,West,Wyoming,Cheyenne,Women's Street Footwear,$42.00 ,146,"$6,132 ","$3,066 ",50%,Online
,Kohl's,1185732,11/11/21,West,Wyoming,Cheyenne,Women's Athletic Footwear,$42.00 ,135,"$5,670 ","$2,778 ",49%,Online
,Kohl's,1185732,11/11/21,West,Wyoming,Cheyenne,Men's Apparel,$51.00 ,143,"$7,293 ","$2,990 ",41%,Online
,Kohl's,1185732,11/11/21,West,Wyoming,Cheyenne,Women's Apparel,$55.00 ,161,"$8,855 ","$3,453 ",39%,Online
,Kohl's,1185732,12/10/21,West,Wyoming,Cheyenne,Men's Street Footwear,$52.00 ,224,"$11,648 ","$7,105 ",61%,Online
,Kohl's,1185732,12/10/21,West,Wyoming,Cheyenne,Men's Athletic Footwear,$44.00 ,168,"$7,392 ","$3,031 ",41%,Online
,Foot Locker,1185732,12/10/21,West,Wyoming,Cheyenne,Women's Street Footwear,$44.00 ,165,"$7,260 ","$3,340 ",46%,Online
,Foot Locker,1185732,12/10/21,West,Wyoming,Cheyenne,Women's Athletic Footwear,$44.00 ,135,"$5,940 ","$2,911 ",49%,Online
,Foot Locker,1185732,12/10/21,West,Wyoming,Cheyenne,Men's Apparel,$54.00 ,145,"$7,830 ","$3,524 ",45%,Online
,Foot Locker,1185732,12/10/21,West,Wyoming,Cheyenne,Women's Apparel,$56.00 ,174,"$9,744 ","$3,508 ",36%,Online
,Foot Locker,1128299,1/24/21,West,Wyoming,Cheyenne,Men's Street Footwear,$29.00 ,91,"$2,639 ","$1,214 ",46%,Online
,Foot Locker,1128299,1/24/21,West,Wyoming,Cheyenne,Men's Athletic Footwear,$36.00 ,105,"$3,780 ","$1,739 ",46%,Online
,Foot Locker,1128299,1/24/21,West,Wyoming,Cheyenne,Women's Street Footwear,$39.00 ,91,"$3,549 ","$1,597 ",45%,Online
,Foot Locker,1128299,1/24/21,West,Wyoming,Cheyenne,Women's Athletic Footwear,$38.00 ,54,"$2,052 ",$964 ,47%,Online
,Foot Locker,1128299,1/24/21,West,Wyoming,Cheyenne,Men's Apparel,$42.00 ,45,"$1,890 ",$964 ,51%,Online
,Foot Locker,1128299,1/24/21,West,Wyoming,Cheyenne,Women's Apparel,$38.00 ,116,"$4,408 ","$1,984 ",45%,Online
,Foot Locker,1128299,2/24/21,West,Wyoming,Cheyenne,Men's Street Footwear,$27.00 ,113,"$3,051 ","$1,403 ",46%,Online
,Foot Locker,1128299,2/24/21,West,Wyoming,Cheyenne,Men's Athletic Footwear,$36.00 ,105,"$3,780 ","$1,701 ",45%,Online
,Foot Locker,1128299,2/24/21,West,Wyoming,Cheyenne,Women's Street Footwear,$39.00 ,88,"$3,432 ","$1,544 ",45%,Online
,Foot Locker,1128299,2/24/21,Southeast,Virginia,Richmond,Women's Athletic Footwear,$38.00 ,58,"$2,204 ","$1,102 ",50%,Online
,Foot Locker,1128299,2/24/21,Southeast,Virginia,Richmond,Men's Apparel,$42.00 ,38,"$1,596 ",$878 ,55%,Online
,Foot Locker,1128299,2/24/21,Southeast,Virginia,Richmond,Women's Apparel,$38.00 ,81,"$3,078 ","$1,324 ",43%,Online
,Foot Locker,1128299,3/23/21,Southeast,Virginia,Richmond,Men's Street Footwear,$38.00 ,143,"$5,434 ","$2,554 ",47%,Online
,Foot Locker,1128299,3/23/21,Southeast,Virginia,Richmond,Men's Athletic Footwear,$45.00 ,85,"$3,825 ","$1,798 ",47%,Online
,Foot Locker,1128299,3/23/21,Southeast,Virginia,Richmond,Women's Street Footwear,$52.00 ,91,"$4,732 ","$2,271 ",48%,Online
,Foot Locker,1128299,3/23/21,Southeast,Virginia,Richmond,Women's Athletic Footwear,$48.00 ,65,"$3,120 ","$1,435 ",46%,Online
,Foot Locker,1128299,3/23/21,Southeast,Virginia,Richmond,Men's Apparel,$51.00 ,30,"$1,530 ",$796 ,52%,Online
,Foot Locker,1128299,3/23/21,Southeast,Virginia,Richmond,Women's Apparel,$49.00 ,78,"$3,822 ","$1,605 ",42%,Online
,Foot Locker,1128299,4/24/21,Southeast,Virginia,Richmond,Men's Street Footwear,$52.00 ,124,"$6,448 ","$3,095 ",48%,Online
,Foot Locker,1128299,4/24/21,Southeast,Virginia,Richmond,Men's Athletic Footwear,$59.00 ,69,"$4,071 ","$1,954 ",48%,Online
,Foot Locker,1128299,4/24/21,Southeast,Virginia,Richmond,Women's Street Footwear,$57.00 ,85,"$4,845 ","$2,374 ",49%,Online
,Foot Locker,1128299,4/24/21,Southeast,Virginia,Richmond,Women's Athletic Footwear,$42.00 ,56,"$2,352 ","$1,105 ",47%,Online
,Foot Locker,1128299,4/24/21,Southeast,Virginia,Richmond,Men's Apparel,$49.00 ,35,"$1,715 ",$875 ,51%,Online
,Foot Locker,1128299,4/24/21,Southeast,Virginia,Richmond,Women's Apparel,$64.00 ,78,"$4,992 ","$2,196 ",44%,Online
,Foot Locker,1128299,5/25/21,Southeast,Virginia,Richmond,Men's Street Footwear,$46.00 ,125,"$5,750 ","$2,645 ",46%,Online
,Foot Locker,1128299,5/25/21,Southeast,Virginia,Richmond,Men's Athletic Footwear,$51.00 ,98,"$4,998 ","$2,249 ",45%,Online
,Foot Locker,1128299,5/25/21,Southeast,Virginia,Richmond,Women's Street Footwear,$50.00 ,88,"$4,400 ","$2,200 ",50%,Online
,Foot Locker,1128299,5/25/21,Southeast,Virginia,Richmond,Women's Athletic Footwear,$47.00 ,69,"$3,243 ","$1,622 ",50%,Online
,Foot Locker,1128299,5/25/21,Southeast,Virginia,Richmond,Men's Apparel,$44.00 ,49,"$2,156 ","$1,164 ",54%,Online
,Foot Locker,1128299,5/25/21,Southeast,Virginia,Richmond,Women's Apparel,$56.00 ,152,"$8,512 ","$3,660 ",43%,Online
,Foot Locker,1128299,6/24/21,Southeast,Virginia,Richmond,Men's Street Footwear,$53.00 ,233,"$12,349 ","$5,804 ",47%,Online
,Foot Locker,1128299,6/24/21,Southeast,Virginia,Richmond,Men's Athletic Footwear,$62.00 ,176,"$10,912 ","$5,020 ",46%,Online
,Foot Locker,1128299,6/24/21,Southeast,Virginia,Richmond,Women's Street Footwear,$73.00 ,195,"$14,235 ","$6,833 ",48%,Online
,Foot Locker,1128299,6/24/21,Southeast,Virginia,Richmond,Women's Athletic Footwear,$72.00 ,142,"$10,224 ","$5,010 ",49%,Online
,Foot Locker,1128299,6/24/21,Southeast,Virginia,Richmond,Men's Apparel,$81.00 ,104,"$8,424 ","$4,296 ",51%,Online
,Foot Locker,1128299,6/24/21,Southeast,Virginia,Richmond,Women's Apparel,$96.00 ,182,"$17,472 ","$6,989 ",40%,Online
,Foot Locker,1128299,7/23/21,Southeast,Virginia,Richmond,Men's Street Footwear,$79.00 ,255,"$20,145 ","$10,073 ",50%,Online
,Foot Locker,1128299,7/23/21,Southeast,Virginia,Richmond,Men's Athletic Footwear,$81.00 ,203,"$16,443 ","$8,222 ",50%,Online
,Foot Locker,1128299,7/23/21,Southeast,Virginia,Richmond,Women's Street Footwear,$86.00 ,182,"$15,652 ","$7,043 ",45%,Online
,Foot Locker,1128299,7/23/21,Southeast,Virginia,Richmond,Women's Athletic Footwear,$82.00 ,149,"$12,218 ","$5,620 ",46%,Online
,Foot Locker,1128299,7/23/21,Southeast,Virginia,Richmond,Men's Apparel,$85.00 ,162,"$13,770 ","$7,574 ",55%,Online
,Foot Locker,1128299,7/23/21,Southeast,Virginia,Richmond,Women's Apparel,$96.00 ,180,"$17,280 ","$6,912 ",40%,Online
,Foot Locker,1128299,8/24/21,Southeast,Virginia,Richmond,Men's Street Footwear,$83.00 ,240,"$19,920 ","$8,964 ",45%,Online
,Foot Locker,1128299,8/24/21,Southeast,Virginia,Richmond,Men's Athletic Footwear,$76.00 ,202,"$15,352 ","$7,369 ",48%,Online
,Foot Locker,1128299,8/24/21,Southeast,Virginia,Richmond,Women's Street Footwear,$69.00 ,189,"$13,041 ","$6,260 ",48%,Online
,Foot Locker,1128299,8/24/21,Southeast,Virginia,Richmond,Women's Athletic Footwear,$66.00 ,111,"$7,326 ","$3,590 ",49%,Online
,Foot Locker,1128299,8/24/21,Southeast,Virginia,Richmond,Men's Apparel,$64.00 ,106,"$6,784 ","$3,460 ",51%,Online
,Foot Locker,1128299,8/24/21,Southeast,Virginia,Richmond,Women's Apparel,$73.00 ,75,"$5,475 ","$2,300 ",42%,Online
,Foot Locker,1128299,9/25/21,Southeast,Virginia,Richmond,Men's Street Footwear,$46.00 ,113,"$5,198 ","$2,599 ",50%,Online
,Foot Locker,1128299,9/25/21,Southeast,Virginia,Richmond,Men's Athletic Footwear,$52.00 ,113,"$5,876 ","$2,703 ",46%,Online
,Foot Locker,1128299,9/25/21,Southeast,Virginia,Richmond,Women's Street Footwear,$47.00 ,65,"$3,055 ","$1,436 ",47%,Online
,Foot Locker,1128299,9/25/21,Southeast,Virginia,Richmond,Women's Athletic Footwear,$45.00 ,54,"$2,430 ","$1,191 ",49%,Online
,Foot Locker,1128299,9/25/21,Southeast,Virginia,Richmond,Men's Apparel,$58.00 ,56,"$3,248 ","$1,624 ",50%,Online
,Foot Locker,1128299,9/25/21,Southeast,Virginia,Richmond,Women's Apparel,$42.00 ,70,"$2,940 ","$1,264 ",43%,Online
,Foot Locker,1128299,10/24/21,Southeast,Virginia,Richmond,Men's Street Footwear,$38.00 ,102,"$3,876 ","$1,744 ",45%,Online
,Foot Locker,1128299,10/24/21,Southeast,Virginia,Richmond,Men's Athletic Footwear,$51.00 ,142,"$7,242 ","$3,549 ",49%,Online
,Foot Locker,1128299,10/24/21,Southeast,Virginia,Richmond,Women's Street Footwear,$46.00 ,95,"$4,370 ","$2,010 ",46%,Online
,Foot Locker,1128299,10/24/21,Southeast,Virginia,Richmond,Women's Athletic Footwear,$41.00 ,98,"$4,018 ","$1,969 ",49%,Online
,Foot Locker,1128299,10/24/21,Southeast,Virginia,Richmond,Men's Apparel,$53.00 ,87,"$4,611 ","$2,490 ",54%,Online
,Foot Locker,1128299,10/24/21,Southeast,Virginia,Richmond,Women's Apparel,$59.00 ,102,"$6,018 ","$2,648 ",44%,Online
,Foot Locker,1128299,11/24/21,Southeast,Virginia,Richmond,Men's Street Footwear,$42.00 ,155,"$6,510 ","$3,060 ",47%,Online
,Foot Locker,1128299,11/24/21,Southeast,Virginia,Richmond,Men's Athletic Footwear,$47.00 ,169,"$7,943 ","$3,892 ",49%,Online
,Foot Locker,1128299,11/24/21,Southeast,Virginia,Richmond,Women's Street Footwear,$43.00 ,138,"$5,934 ","$2,848 ",48%,Online
,Foot Locker,1128299,11/24/21,Southeast,Virginia,Richmond,Women's Athletic Footwear,$52.00 ,113,"$5,876 ","$2,820 ",48%,Online
,Foot Locker,1128299,11/24/21,Southeast,Virginia,Richmond,Men's Apparel,$73.00 ,111,"$8,103 ","$4,457 ",55%,Online
,Foot Locker,1128299,11/24/21,Southeast,Virginia,Richmond,Women's Apparel,$74.00 ,149,"$11,026 ","$4,410 ",40%,Online
,Foot Locker,1128299,12/23/21,Southeast,Virginia,Richmond,Men's Street Footwear,$60.00 ,225,"$13,500 ","$6,345 ",47%,Online
,Foot Locker,1128299,12/23/21,Southeast,Virginia,Richmond,Men's Athletic Footwear,$74.00 ,225,"$16,650 ","$7,493 ",45%,Online
,Sports Direct,1128299,12/23/21,Southeast,Virginia,Richmond,Women's Street Footwear,$64.00 ,154,"$9,856 ","$4,731 ",48%,Online
,Sports Direct,1128299,12/23/21,Southeast,Virginia,Richmond,Women's Athletic Footwear,$67.00 ,160,"$10,720 ","$5,360 ",50%,Online
,Sports Direct,1128299,12/23/21,Southeast,Virginia,Richmond,Men's Apparel,$72.00 ,133,"$9,576 ","$4,884 ",51%,Online
,Sports Direct,1128299,12/23/21,Southeast,Virginia,Richmond,Women's Apparel,$82.00 ,150,"$12,300 ","$5,289 ",43%,Online
,Sports Direct,1185732,1/19/21,Southeast,Virginia,Richmond,Men's Street Footwear,$34.00 ,203,"$6,902 ","$4,210 ",61%,Online
,Sports Direct,1185732,1/19/21,Southeast,Virginia,Richmond,Men's Athletic Footwear,$34.00 ,154,"$5,236 ","$2,670 ",51%,Online
,Sports Direct,1185732,1/19/21,Southeast,Virginia,Richmond,Women's Street Footwear,$23.00 ,149,"$3,427 ","$1,371 ",40%,Online
,Sports Direct,1185732,1/19/21,Southeast,Virginia,Richmond,Women's Athletic Footwear,$29.00 ,116,"$3,364 ","$1,682 ",50%,Online
,Sports Direct,1185732,1/19/21,Southeast,Virginia,Richmond,Men's Apparel,$43.00 ,122,"$5,246 ","$2,728 ",52%,Online
,Sports Direct,1185732,1/19/21,Southeast,Virginia,Richmond,Women's Apparel,$33.00 ,138,"$4,554 ","$3,097 ",68%,Online
,Sports Direct,1185732,2/17/21,Southeast,Virginia,Richmond,Men's Street Footwear,$34.00 ,200,"$6,800 ","$4,284 ",63%,Online
,Sports Direct,1185732,2/17/21,Southeast,Virginia,Richmond,Men's Athletic Footwear,$33.00 ,117,"$3,861 ","$2,008 ",52%,Online
,Sports Direct,1185732,2/17/21,Southeast,Virginia,Richmond,Women's Street Footwear,$23.00 ,150,"$3,450 ","$1,484 ",43%,Online
,Sports Direct,1185732,2/17/21,Midwest,Michigan,Detroit,Women's Athletic Footwear,$28.00 ,109,"$3,052 ","$1,495 ",49%,Online
,Sports Direct,1185732,2/17/21,Midwest,Michigan,Detroit,Men's Apparel,$41.00 ,126,"$5,166 ","$2,841 ",55%,Online
,Sports Direct,1185732,2/17/21,Midwest,Michigan,Detroit,Women's Apparel,$33.00 ,138,"$4,554 ","$3,051 ",67%,Online
,Sports Direct,1185732,3/15/21,Midwest,Michigan,Detroit,Men's Street Footwear,$34.00 ,216,"$7,344 ","$4,480 ",61%,Online
,Sports Direct,1185732,3/15/21,Midwest,Michigan,Detroit,Men's Athletic Footwear,$32.00 ,126,"$4,032 ","$2,177 ",54%,Online
,Sports Direct,1185732,3/15/21,Midwest,Michigan,Detroit,Women's Street Footwear,$25.00 ,124,"$3,100 ","$1,240 ",40%,Online
,Sports Direct,1185732,3/15/21,Midwest,Michigan,Detroit,Women's Athletic Footwear,$29.00 ,91,"$2,639 ","$1,267 ",48%,Online
,Sports Direct,1185732,3/15/21,Midwest,Michigan,Detroit,Men's Apparel,$43.00 ,94,"$4,042 ","$2,102 ",52%,Online
,Sports Direct,1185732,3/15/21,Midwest,Michigan,Detroit,Women's Apparel,$33.00 ,143,"$4,719 ","$3,256 ",69%,Online
,Sports Direct,1185732,4/16/21,Midwest,Michigan,Detroit,Men's Street Footwear,$32.00 ,181,"$5,792 ","$3,475 ",60%,Online
,Sports Direct,1185732,4/16/21,Midwest,Michigan,Detroit,Men's Athletic Footwear,$38.00 ,111,"$4,218 ","$2,236 ",53%,Online
,Sports Direct,1185732,4/16/21,Midwest,Michigan,Detroit,Women's Street Footwear,$27.00 ,135,"$3,645 ","$1,531 ",42%,Online
,Sports Direct,1185732,4/16/21,Midwest,Michigan,Detroit,Women's Athletic Footwear,$32.00 ,109,"$3,488 ","$1,604 ",46%,Online
,Sports Direct,1185732,4/16/21,Midwest,Michigan,Detroit,Men's Apparel,$45.00 ,120,"$5,400 ","$2,700 ",50%,Online
,Sports Direct,1185732,4/16/21,Midwest,Michigan,Detroit,Women's Apparel,$37.00 ,152,"$5,624 ","$3,881 ",69%,Online
,Sports Direct,1185732,5/15/21,Midwest,Michigan,Detroit,Men's Street Footwear,$48.00 ,207,"$9,936 ","$6,061 ",61%,Online
,Sports Direct,1185732,5/15/21,Midwest,Michigan,Detroit,Men's Athletic Footwear,$47.00 ,150,"$7,050 ","$3,878 ",55%,Online
,Sports Direct,1185732,5/15/21,Midwest,Michigan,Detroit,Women's Street Footwear,$44.00 ,133,"$5,852 ","$2,341 ",40%,Online
,Sports Direct,1185732,5/15/21,Midwest,Michigan,Detroit,Women's Athletic Footwear,$42.00 ,126,"$5,292 ","$2,646 ",50%,Online
,Sports Direct,1185732,5/15/21,Midwest,Michigan,Detroit,Men's Apparel,$52.00 ,124,"$6,448 ","$3,417 ",53%,Online
,Sports Direct,1185732,5/15/21,Midwest,Michigan,Detroit,Women's Apparel,$55.00 ,150,"$8,250 ","$5,775 ",70%,Online
,Sports Direct,1185732,6/17/21,Midwest,Michigan,Detroit,Men's Street Footwear,$52.00 ,206,"$10,712 ","$6,641 ",62%,Online
,Sports Direct,1185732,6/17/21,Midwest,Michigan,Detroit,Men's Athletic Footwear,$46.00 ,167,"$7,682 ","$4,148 ",54%,Online
,Sports Direct,1185732,6/17/21,Midwest,Michigan,Detroit,Women's Street Footwear,$41.00 ,138,"$5,658 ","$2,490 ",44%,Online
,Sports Direct,1185732,6/17/21,Midwest,Michigan,Detroit,Women's Athletic Footwear,$43.00 ,158,"$6,794 ","$3,261 ",48%,Online
,Sports Direct,1185732,6/17/21,Midwest,Michigan,Detroit,Men's Apparel,$57.00 ,152,"$8,664 ","$4,765 ",55%,Online
,Sports Direct,1185732,6/17/21,Midwest,Michigan,Detroit,Women's Apparel,$60.00 ,169,"$10,140 ","$6,591 ",65%,Online
,Sports Direct,1185732,7/15/21,Midwest,Michigan,Detroit,Men's Street Footwear,$57.00 ,225,"$12,825 ","$7,695 ",60%,Online
,Sports Direct,1185732,7/15/21,Midwest,Michigan,Detroit,Men's Athletic Footwear,$53.00 ,189,"$10,017 ","$5,109 ",51%,Online
,Sports Direct,1185732,7/15/21,Midwest,Michigan,Detroit,Women's Street Footwear,$46.00 ,173,"$7,958 ","$3,581 ",45%,Online
,Sports Direct,1185732,7/15/21,Midwest,Michigan,Detroit,Women's Athletic Footwear,$47.00 ,158,"$7,426 ","$3,342 ",45%,Online
,Sports Direct,1185732,7/15/21,Midwest,Michigan,Detroit,Men's Apparel,$54.00 ,143,"$7,722 ","$3,938 ",51%,Online
,Sports Direct,1185732,7/15/21,Midwest,Michigan,Detroit,Women's Apparel,$62.00 ,210,"$13,020 ","$8,984 ",69%,Online
,Sports Direct,1185732,8/16/21,Midwest,Michigan,Detroit,Men's Street Footwear,$55.00 ,263,"$14,465 ","$9,258 ",64%,Online
,Sports Direct,1185732,8/16/21,Midwest,Michigan,Detroit,Men's Athletic Footwear,$50.00 ,195,"$9,750 ","$4,875 ",50%,Online
,Sports Direct,1185732,8/16/21,Midwest,Michigan,Detroit,Women's Street Footwear,$42.00 ,144,"$6,048 ","$2,540 ",42%,Online
,Sports Direct,1185732,8/16/21,Midwest,Michigan,Detroit,Women's Athletic Footwear,$34.00 ,142,"$4,828 ","$2,173 ",45%,Online
,Sports Direct,1185732,8/16/21,Midwest,Michigan,Detroit,Men's Apparel,$42.00 ,135,"$5,670 ","$3,005 ",53%,Online
,Sports Direct,1185732,8/16/21,Midwest,Michigan,Detroit,Women's Apparel,$45.00 ,176,"$7,920 ","$5,386 ",68%,Online
,Sports Direct,1185732,9/15/21,Midwest,Michigan,Detroit,Men's Street Footwear,$42.00 ,232,"$9,744 ","$6,139 ",63%,Online
,Sports Direct,1185732,9/15/21,Midwest,Michigan,Detroit,Men's Athletic Footwear,$37.00 ,174,"$6,438 ","$3,283 ",51%,Online
,Sports Direct,1185732,9/15/21,Midwest,Michigan,Detroit,Women's Street Footwear,$34.00 ,145,"$4,930 ","$2,071 ",42%,Online
,Sports Direct,1185732,9/15/21,Midwest,Michigan,Detroit,Women's Athletic Footwear,$34.00 ,119,"$4,046 ","$1,821 ",45%,Online
,Sports Direct,1185732,9/15/21,Midwest,Michigan,Detroit,Men's Apparel,$41.00 ,128,"$5,248 ","$2,624 ",50%,Online
,Sports Direct,1185732,9/15/21,Midwest,Michigan,Detroit,Women's Apparel,$48.00 ,173,"$8,304 ","$5,398 ",65%,Online
,Sports Direct,1185732,10/17/21,Midwest,Michigan,Detroit,Men's Street Footwear,$49.00 ,225,"$11,025 ","$6,725 ",61%,Online
,Sports Direct,1185732,10/17/21,Midwest,Michigan,Detroit,Men's Athletic Footwear,$37.00 ,167,"$6,179 ","$3,151 ",51%,Online
,Sports Direct,1185732,10/17/21,Midwest,Michigan,Detroit,Women's Street Footwear,$37.00 ,123,"$4,551 ","$2,048 ",45%,Online
,Sports Direct,1185732,10/17/21,Midwest,Michigan,Detroit,Women's Athletic Footwear,$38.00 ,116,"$4,408 ","$2,204 ",50%,Online
,Sports Direct,1185732,10/17/21,Midwest,Michigan,Detroit,Men's Apparel,$48.00 ,112,"$5,376 ","$2,957 ",55%,Online
,Sports Direct,1185732,10/17/21,Midwest,Michigan,Detroit,Women's Apparel,$52.00 ,137,"$7,124 ","$4,987 ",70%,Online
,Sports Direct,1185732,11/16/21,Midwest,Michigan,Detroit,Men's Street Footwear,$49.00 ,196,"$9,604 ","$6,051 ",63%,Online
,Sports Direct,1185732,11/16/21,Midwest,Michigan,Detroit,Men's Athletic Footwear,$42.00 ,145,"$6,090 ","$3,350 ",55%,Online
,Sports Direct,1185732,11/16/21,Midwest,Michigan,Detroit,Women's Street Footwear,$43.00 ,120,"$5,160 ","$2,322 ",45%,Online
,Sports Direct,1185732,11/16/21,Midwest,Michigan,Detroit,Women's Athletic Footwear,$41.00 ,138,"$5,658 ","$2,772 ",49%,Online
,Sports Direct,1185732,11/16/21,Midwest,Michigan,Detroit,Men's Apparel,$59.00 ,126,"$7,434 ","$4,089 ",55%,Online
,Sports Direct,1185732,11/16/21,Midwest,Michigan,Detroit,Women's Apparel,$59.00 ,169,"$9,971 ","$6,880 ",69%,Online
,Sports Direct,1185732,12/15/21,Midwest,Michigan,Detroit,Men's Street Footwear,$55.00 ,255,"$14,025 ","$8,555 ",61%,Online
,Sports Direct,1185732,12/15/21,Midwest,Michigan,Detroit,Men's Athletic Footwear,$46.00 ,176,"$8,096 ","$4,291 ",53%,Online
,Foot Locker,1185732,12/15/21,Midwest,Michigan,Detroit,Women's Street Footwear,$48.00 ,168,"$8,064 ","$3,629 ",45%,Online
,Foot Locker,1185732,12/15/21,Midwest,Michigan,Detroit,Women's Athletic Footwear,$48.00 ,138,"$6,624 ","$3,180 ",48%,Online
,Foot Locker,1185732,12/15/21,Midwest,Michigan,Detroit,Men's Apparel,$55.00 ,143,"$7,865 ","$4,090 ",52%,Online
,Foot Locker,1185732,12/15/21,Midwest,Michigan,Detroit,Women's Apparel,$59.00 ,163,"$9,617 ","$6,251 ",65%,Online
,Foot Locker,1185732,1/18/21,Midwest,Michigan,Detroit,Men's Street Footwear,$27.00 ,156,"$4,212 ","$2,106 ",50%,Online
,Foot Locker,1185732,1/18/21,Midwest,Michigan,Detroit,Men's Athletic Footwear,$29.00 ,123,"$3,567 ","$1,676 ",47%,Online
,Foot Locker,1185732,1/18/21,Midwest,Michigan,Detroit,Women's Street Footwear,$19.00 ,123,"$2,337 ","$1,052 ",45%,Online
,Foot Locker,1185732,1/18/21,Midwest,Michigan,Detroit,Women's Athletic Footwear,$24.00 ,77,"$1,848 ",$961 ,52%,Online
,Foot Locker,1185732,1/18/21,Midwest,Michigan,Detroit,Men's Apparel,$39.00 ,98,"$3,822 ","$1,873 ",49%,Online
,Foot Locker,1185732,1/18/21,Midwest,Michigan,Detroit,Women's Apparel,$29.00 ,123,"$3,567 ","$2,247 ",63%,Online
,Foot Locker,1185732,2/18/21,Midwest,Michigan,Detroit,Men's Street Footwear,$29.00 ,182,"$5,278 ","$2,797 ",53%,Online
,Foot Locker,1185732,2/18/21,Midwest,Michigan,Detroit,Men's Athletic Footwear,$28.00 ,94,"$2,632 ","$1,290 ",49%,Online
,Foot Locker,1185732,2/18/21,Midwest,Michigan,Detroit,Women's Street Footwear,$19.00 ,113,"$2,147 ",$966 ,45%,Online
,Foot Locker,1185732,2/18/21,Midwest,Missouri,St. Louis,Women's Athletic Footwear,$24.00 ,70,"$1,680 ",$874 ,52%,Online
,Foot Locker,1185732,2/18/21,Midwest,Missouri,St. Louis,Men's Apparel,$38.00 ,88,"$3,344 ","$1,505 ",45%,Online
,Foot Locker,1185732,2/18/21,Midwest,Missouri,St. Louis,Women's Apparel,$28.00 ,120,"$3,360 ","$2,117 ",63%,Online
,Foot Locker,1185732,3/17/21,Midwest,Missouri,St. Louis,Men's Street Footwear,$34.00 ,186,"$6,324 ","$3,225 ",51%,Online
,Foot Locker,1185732,3/17/21,Midwest,Missouri,St. Louis,Men's Athletic Footwear,$34.00 ,87,"$2,958 ","$1,331 ",45%,Online
,Foot Locker,1185732,3/17/21,Midwest,Missouri,St. Louis,Women's Street Footwear,$23.00 ,95,"$2,185 ","$1,005 ",46%,Online
,Foot Locker,1185732,3/17/21,Midwest,Missouri,St. Louis,Women's Athletic Footwear,$28.00 ,54,"$1,512 ",$771 ,51%,Online
,Foot Locker,1185732,3/17/21,Midwest,Missouri,St. Louis,Men's Apparel,$41.00 ,75,"$3,075 ","$1,507 ",49%,Online
,Foot Locker,1185732,3/17/21,Midwest,Missouri,St. Louis,Women's Apparel,$34.00 ,102,"$3,468 ","$2,254 ",65%,Online
,Foot Locker,1185732,4/18/21,Midwest,Missouri,St. Louis,Men's Street Footwear,$33.00 ,144,"$4,752 ","$2,471 ",52%,Online
,Foot Locker,1185732,4/18/21,Midwest,Missouri,St. Louis,Men's Athletic Footwear,$27.00 ,72,"$1,944 ",$953 ,49%,Online
,Foot Locker,1185732,4/18/21,Midwest,Missouri,St. Louis,Women's Street Footwear,$18.00 ,83,"$1,494 ",$732 ,49%,Online
,Foot Locker,1185732,4/18/21,Midwest,Missouri,St. Louis,Women's Athletic Footwear,$23.00 ,52,"$1,196 ",$622 ,52%,Online
,Foot Locker,1185732,4/18/21,Midwest,Missouri,St. Louis,Men's Apparel,$36.00 ,65,"$2,340 ","$1,053 ",45%,Online
,Foot Locker,1185732,4/18/21,Midwest,Missouri,St. Louis,Women's Apparel,$28.00 ,105,"$2,940 ","$1,793 ",61%,Online
,Foot Locker,1185732,5/19/21,Midwest,Missouri,St. Louis,Men's Street Footwear,$39.00 ,180,"$7,020 ","$3,580 ",51%,Online
,Foot Locker,1185732,5/19/21,Midwest,Missouri,St. Louis,Men's Athletic Footwear,$34.00 ,88,"$2,992 ","$1,406 ",47%,Online
,Foot Locker,1185732,5/19/21,Midwest,Missouri,St. Louis,Women's Street Footwear,$29.00 ,87,"$2,523 ","$1,161 ",46%,Online
,Foot Locker,1185732,5/19/21,Midwest,Missouri,St. Louis,Women's Athletic Footwear,$29.00 ,65,"$1,885 ","$1,037 ",55%,Online
,Foot Locker,1185732,5/19/21,Midwest,Missouri,St. Louis,Men's Apparel,$44.00 ,70,"$3,080 ","$1,478 ",48%,Online
,Foot Locker,1185732,5/19/21,Midwest,Missouri,St. Louis,Women's Apparel,$45.00 ,105,"$4,725 ","$2,835 ",60%,Online
,Foot Locker,1185732,6/18/21,Midwest,Missouri,St. Louis,Men's Street Footwear,$32.00 ,168,"$5,376 ","$2,903 ",54%,Online
,Foot Locker,1185732,6/18/21,Midwest,Missouri,St. Louis,Men's Athletic Footwear,$27.00 ,91,"$2,457 ","$1,130 ",46%,Online
,Foot Locker,1185732,6/18/21,Midwest,Missouri,St. Louis,Women's Street Footwear,$23.00 ,113,"$2,599 ","$1,274 ",49%,Online
,Foot Locker,1185732,6/18/21,Midwest,Missouri,St. Louis,Women's Athletic Footwear,$23.00 ,91,"$2,093 ","$1,047 ",50%,Online
,Foot Locker,1185732,6/18/21,Midwest,Missouri,St. Louis,Men's Apparel,$38.00 ,102,"$3,876 ","$1,744 ",45%,Online
,Foot Locker,1185732,6/18/21,Midwest,Missouri,St. Louis,Women's Apparel,$42.00 ,142,"$5,964 ","$3,877 ",65%,Online
,Foot Locker,1185732,7/17/21,Midwest,Missouri,St. Louis,Men's Street Footwear,$36.00 ,203,"$7,308 ","$4,019 ",55%,Online
,Foot Locker,1185732,7/17/21,Midwest,Missouri,St. Louis,Men's Athletic Footwear,$33.00 ,130,"$4,290 ","$2,016 ",47%,Online
,Foot Locker,1185732,7/17/21,Midwest,Missouri,St. Louis,Women's Street Footwear,$29.00 ,128,"$3,712 ","$1,708 ",46%,Online
,Foot Locker,1185732,7/17/21,Midwest,Missouri,St. Louis,Women's Athletic Footwear,$29.00 ,101,"$2,929 ","$1,552 ",53%,Online
,Foot Locker,1185732,7/17/21,Midwest,Missouri,St. Louis,Men's Apparel,$37.00 ,94,"$3,478 ","$1,704 ",49%,Online
,Foot Locker,1185732,7/17/21,Midwest,Missouri,St. Louis,Women's Apparel,$41.00 ,160,"$6,560 ","$4,002 ",61%,Online
,Foot Locker,1185732,8/18/21,Midwest,Missouri,St. Louis,Men's Street Footwear,$38.00 ,203,"$7,714 ","$3,857 ",50%,Online
,Foot Locker,1185732,8/18/21,Midwest,Missouri,St. Louis,Men's Athletic Footwear,$38.00 ,143,"$5,434 ","$2,500 ",46%,Online
,Foot Locker,1185732,8/18/21,Midwest,Missouri,St. Louis,Women's Street Footwear,$32.00 ,120,"$3,840 ","$1,766 ",46%,Online
,Foot Locker,1185732,8/18/21,Midwest,Missouri,St. Louis,Women's Athletic Footwear,$24.00 ,91,"$2,184 ","$1,201 ",55%,Online
,Foot Locker,1185732,8/18/21,Midwest,Missouri,St. Louis,Men's Apparel,$34.00 ,81,"$2,754 ","$1,294 ",47%,Online
,Foot Locker,1185732,8/18/21,Midwest,Missouri,St. Louis,Women's Apparel,$36.00 ,128,"$4,608 ","$2,995 ",65%,Online
,Foot Locker,1185732,9/19/21,Midwest,Missouri,St. Louis,Men's Street Footwear,$32.00 ,174,"$5,568 ","$2,784 ",50%,Online
,Foot Locker,1185732,9/19/21,Midwest,Missouri,St. Louis,Men's Athletic Footwear,$28.00 ,100,"$2,800 ","$1,316 ",47%,Online
,Foot Locker,1185732,9/19/21,Midwest,Missouri,St. Louis,Women's Street Footwear,$14.00 ,75,"$1,050 ",$515 ,49%,Online
,Foot Locker,1185732,9/19/21,Midwest,Missouri,St. Louis,Women's Athletic Footwear,$14.00 ,83,"$1,162 ",$616 ,53%,Online
,Foot Locker,1185732,9/19/21,Midwest,Missouri,St. Louis,Men's Apparel,$23.00 ,77,"$1,771 ",$832 ,47%,Online
,Foot Locker,1185732,9/19/21,Midwest,Missouri,St. Louis,Women's Apparel,$28.00 ,95,"$2,660 ","$1,702 ",64%,Online
,Foot Locker,1185732,10/18/21,Midwest,Missouri,St. Louis,Men's Street Footwear,$34.00 ,131,"$4,454 ","$2,272 ",51%,Online
,Foot Locker,1185732,10/18/21,Midwest,Missouri,St. Louis,Men's Athletic Footwear,$24.00 ,91,"$2,184 ","$1,092 ",50%,Online
,Foot Locker,1185732,10/18/21,Midwest,Missouri,St. Louis,Women's Street Footwear,$23.00 ,73,"$1,679 ",$806 ,48%,Online
,Foot Locker,1185732,10/18/21,Midwest,Missouri,St. Louis,Women's Athletic Footwear,$23.00 ,59,"$1,357 ",$679 ,50%,Online
,Foot Locker,1185732,10/18/21,Midwest,Missouri,St. Louis,Men's Apparel,$32.00 ,68,"$2,176 ","$1,023 ",47%,Online
,Foot Locker,1185732,10/18/21,Midwest,Missouri,St. Louis,Women's Apparel,$38.00 ,88,"$3,344 ","$2,140 ",64%,Online
,Foot Locker,1185732,11/18/21,Midwest,Missouri,St. Louis,Men's Street Footwear,$34.00 ,150,"$5,100 ","$2,601 ",51%,Online
,Foot Locker,1185732,11/18/21,Midwest,Missouri,St. Louis,Men's Athletic Footwear,$23.00 ,88,"$2,024 ",$911 ,45%,Online
,Foot Locker,1185732,11/18/21,Midwest,Missouri,St. Louis,Women's Street Footwear,$23.00 ,80,"$1,840 ",$902 ,49%,Online
,Foot Locker,1185732,11/18/21,Midwest,Missouri,St. Louis,Women's Athletic Footwear,$23.00 ,88,"$2,024 ","$1,052 ",52%,Online
,Foot Locker,1185732,11/18/21,Midwest,Missouri,St. Louis,Men's Apparel,$43.00 ,81,"$3,483 ","$1,672 ",48%,Online
,Foot Locker,1185732,11/18/21,Midwest,Missouri,St. Louis,Women's Apparel,$48.00 ,108,"$5,184 ","$3,266 ",63%,Online
,Foot Locker,1185732,12/17/21,Midwest,Missouri,St. Louis,Men's Street Footwear,$41.00 ,163,"$6,683 ","$3,475 ",52%,Online
,Foot Locker,1185732,12/17/21,Midwest,Missouri,St. Louis,Men's Athletic Footwear,$32.00 ,113,"$3,616 ","$1,736 ",48%,Online
,West Gear,1185732,12/17/21,Midwest,Missouri,St. Louis,Women's Street Footwear,$32.00 ,120,"$3,840 ","$1,805 ",47%,Online
,West Gear,1185732,12/17/21,Midwest,Missouri,St. Louis,Women's Athletic Footwear,$34.00 ,88,"$2,992 ","$1,556 ",52%,Online
,West Gear,1185732,12/17/21,Midwest,Missouri,St. Louis,Men's Apparel,$42.00 ,88,"$3,696 ","$1,848 ",50%,Online
,West Gear,1185732,12/17/21,Midwest,Missouri,St. Louis,Women's Apparel,$47.00 ,126,"$5,922 ","$3,612 ",61%,Online
,West Gear,1185732,1/11/21,Midwest,Missouri,St. Louis,Men's Street Footwear,$23.00 ,196,"$4,508 ","$2,479 ",55%,Online
,West Gear,1185732,1/11/21,Midwest,Missouri,St. Louis,Men's Athletic Footwear,$23.00 ,133,"$3,059 ","$1,438 ",47%,Online
,West Gear,1185732,1/11/21,Midwest,Missouri,St. Louis,Women's Street Footwear,$14.00 ,143,"$2,002 ",$941 ,47%,Online
,West Gear,1185732,1/11/21,Midwest,Missouri,St. Louis,Women's Athletic Footwear,$18.00 ,88,"$1,584 ",$824 ,52%,Online
,West Gear,1185732,1/11/21,Midwest,Missouri,St. Louis,Men's Apparel,$33.00 ,98,"$3,234 ","$1,520 ",47%,Online
,West Gear,1185732,1/11/21,Midwest,Missouri,St. Louis,Women's Apparel,$24.00 ,138,"$3,312 ","$2,120 ",64%,Online
,West Gear,1185732,2/11/21,Midwest,Missouri,St. Louis,Men's Street Footwear,$25.00 ,218,"$5,450 ","$2,889 ",53%,Online
,West Gear,1185732,2/11/21,Midwest,Missouri,St. Louis,Men's Athletic Footwear,$24.00 ,101,"$2,424 ","$1,139 ",47%,Online
,West Gear,1185732,2/11/21,Midwest,Missouri,St. Louis,Women's Street Footwear,$14.00 ,115,"$1,610 ",$725 ,45%,Online
,West Gear,1185732,2/11/21,West,Utah,Salt Lake City,Women's Athletic Footwear,$19.00 ,87,"$1,653 ",$827 ,50%,Online
,West Gear,1185732,2/11/21,West,Utah,Salt Lake City,Men's Apparel,$32.00 ,101,"$3,232 ","$1,454 ",45%,Online
,West Gear,1185732,2/11/21,West,Utah,Salt Lake City,Women's Apparel,$24.00 ,131,"$3,144 ","$1,949 ",62%,Online
,West Gear,1185732,3/10/21,West,Utah,Salt Lake City,Men's Street Footwear,$29.00 ,168,"$4,872 ","$2,533 ",52%,Online
,West Gear,1185732,3/10/21,West,Utah,Salt Lake City,Men's Athletic Footwear,$28.00 ,102,"$2,856 ","$1,428 ",50%,Online
,West Gear,1185732,3/10/21,West,Utah,Salt Lake City,Women's Street Footwear,$18.00 ,112,"$2,016 ","$1,008 ",50%,Online
,West Gear,1185732,3/10/21,West,Utah,Salt Lake City,Women's Athletic Footwear,$23.00 ,73,"$1,679 ",$890 ,53%,Online
,West Gear,1185732,3/10/21,West,Utah,Salt Lake City,Men's Apparel,$38.00 ,75,"$2,850 ","$1,425 ",50%,Online
,West Gear,1185732,3/10/21,West,Utah,Salt Lake City,Women's Apparel,$29.00 ,100,"$2,900 ","$1,856 ",64%,Online
,West Gear,1185732,4/11/21,West,Utah,Salt Lake City,Men's Street Footwear,$27.00 ,181,"$4,887 ","$2,444 ",50%,Online
,West Gear,1185732,4/11/21,West,Utah,Salt Lake City,Men's Athletic Footwear,$25.00 ,94,"$2,350 ","$1,058 ",45%,Online
,West Gear,1185732,4/11/21,West,Utah,Salt Lake City,Women's Street Footwear,$14.00 ,98,"$1,372 ",$631 ,46%,Online
,West Gear,1185732,4/11/21,West,Utah,Salt Lake City,Women's Athletic Footwear,$18.00 ,70,"$1,260 ",$668 ,53%,Online
,West Gear,1185732,4/11/21,West,Utah,Salt Lake City,Men's Apparel,$33.00 ,74,"$2,442 ","$1,123 ",46%,Online
,West Gear,1185732,4/11/21,West,Utah,Salt Lake City,Women's Apparel,$24.00 ,112,"$2,688 ","$1,613 ",60%,Online
,West Gear,1185732,5/12/21,West,Utah,Salt Lake City,Men's Street Footwear,$32.00 ,174,"$5,568 ","$2,840 ",51%,Online
,West Gear,1185732,5/12/21,West,Utah,Salt Lake City,Men's Athletic Footwear,$29.00 ,101,"$2,929 ","$1,435 ",49%,Online
,West Gear,1185732,5/12/21,West,Utah,Salt Lake City,Women's Street Footwear,$25.00 ,98,"$2,450 ","$1,225 ",50%,Online
,West Gear,1185732,5/12/21,West,Utah,Salt Lake City,Women's Athletic Footwear,$23.00 ,72,"$1,656 ",$911 ,55%,Online
,West Gear,1185732,5/12/21,West,Utah,Salt Lake City,Men's Apparel,$39.00 ,75,"$2,925 ","$1,463 ",50%,Online
,West Gear,1185732,5/12/21,West,Utah,Salt Lake City,Women's Apparel,$44.00 ,120,"$5,280 ","$3,432 ",65%,Online
,West Gear,1185732,6/11/21,West,Utah,Salt Lake City,Men's Street Footwear,$28.00 ,182,"$5,096 ","$2,599 ",51%,Online
,West Gear,1185732,6/11/21,West,Utah,Salt Lake City,Men's Athletic Footwear,$24.00 ,112,"$2,688 ","$1,317 ",49%,Online
,West Gear,1185732,6/11/21,West,Utah,Salt Lake City,Women's Street Footwear,$19.00 ,115,"$2,185 ","$1,071 ",49%,Online
,West Gear,1185732,6/11/21,West,Utah,Salt Lake City,Women's Athletic Footwear,$19.00 ,108,"$2,052 ","$1,047 ",51%,Online
,West Gear,1185732,6/11/21,West,Utah,Salt Lake City,Men's Apparel,$34.00 ,108,"$3,672 ","$1,652 ",45%,Online
,West Gear,1185732,6/11/21,West,Utah,Salt Lake City,Women's Apparel,$38.00 ,150,"$5,700 ","$3,420 ",60%,Online
,West Gear,1185732,7/10/21,West,Utah,Salt Lake City,Men's Street Footwear,$34.00 ,224,"$7,616 ","$3,960 ",52%,Online
,West Gear,1185732,7/10/21,West,Utah,Salt Lake City,Men's Athletic Footwear,$29.00 ,160,"$4,640 ","$2,227 ",48%,Online
,West Gear,1185732,7/10/21,West,Utah,Salt Lake City,Women's Street Footwear,$24.00 ,138,"$3,312 ","$1,590 ",48%,Online
,West Gear,1185732,7/10/21,West,Utah,Salt Lake City,Women's Athletic Footwear,$23.00 ,115,"$2,645 ","$1,323 ",50%,Online
,West Gear,1185732,7/10/21,West,Utah,Salt Lake City,Men's Apparel,$32.00 ,128,"$4,096 ","$1,884 ",46%,Online
,West Gear,1185732,7/10/21,West,Utah,Salt Lake City,Women's Apparel,$38.00 ,150,"$5,700 ","$3,705 ",65%,Online
,West Gear,1185732,8/11/21,West,Utah,Salt Lake City,Men's Street Footwear,$33.00 ,203,"$6,699 ","$3,350 ",50%,Online
,West Gear,1185732,8/11/21,West,Utah,Salt Lake City,Men's Athletic Footwear,$34.00 ,131,"$4,454 ","$2,093 ",47%,Online
,West Gear,1185732,8/11/21,West,Utah,Salt Lake City,Women's Street Footwear,$29.00 ,113,"$3,277 ","$1,606 ",49%,Online
,West Gear,1185732,8/11/21,West,Utah,Salt Lake City,Women's Athletic Footwear,$19.00 ,101,"$1,919 ","$1,017 ",53%,Online
,West Gear,1185732,8/11/21,West,Utah,Salt Lake City,Men's Apparel,$29.00 ,105,"$3,045 ","$1,401 ",46%,Online
,West Gear,1185732,8/11/21,West,Utah,Salt Lake City,Women's Apparel,$32.00 ,152,"$4,864 ","$2,918 ",60%,Online
,West Gear,1185732,9/12/21,West,Utah,Salt Lake City,Men's Street Footwear,$29.00 ,169,"$4,901 ","$2,549 ",52%,Online
,West Gear,1185732,9/12/21,West,Utah,Salt Lake City,Men's Athletic Footwear,$23.00 ,122,"$2,806 ","$1,263 ",45%,Online
,West Gear,1185732,9/12/21,West,Utah,Salt Lake City,Women's Street Footwear,$9.00 ,91,$819 ,$410 ,50%,Online
,West Gear,1185732,9/12/21,West,Utah,Salt Lake City,Women's Athletic Footwear,$10.00 ,88,$880 ,$449 ,51%,Online
,West Gear,1185732,9/12/21,West,Utah,Salt Lake City,Men's Apparel,$19.00 ,88,"$1,672 ",$836 ,50%,Online
,West Gear,1185732,9/12/21,West,Utah,Salt Lake City,Women's Apparel,$24.00 ,120,"$2,880 ","$1,843 ",64%,Online
,West Gear,1185732,10/11/21,West,Utah,Salt Lake City,Men's Street Footwear,$28.00 ,173,"$4,844 ","$2,470 ",51%,Online
,West Gear,1185732,10/11/21,West,Utah,Salt Lake City,Men's Athletic Footwear,$19.00 ,100,"$1,900 ",$950 ,50%,Online
,West Gear,1185732,10/11/21,West,Utah,Salt Lake City,Women's Street Footwear,$19.00 ,87,"$1,653 ",$810 ,49%,Online
,West Gear,1185732,10/11/21,West,Utah,Salt Lake City,Women's Athletic Footwear,$19.00 ,72,"$1,368 ",$752 ,55%,Online
,West Gear,1185732,10/11/21,West,Utah,Salt Lake City,Men's Apparel,$29.00 ,83,"$2,407 ","$1,204 ",50%,Online
,West Gear,1185732,10/11/21,West,Utah,Salt Lake City,Women's Apparel,$32.00 ,104,"$3,328 ","$2,063 ",62%,Online
,West Gear,1185732,11/11/21,West,Utah,Salt Lake City,Men's Street Footwear,$29.00 ,149,"$4,321 ","$2,161 ",50%,Online
,West Gear,1185732,11/11/21,West,Utah,Salt Lake City,Men's Athletic Footwear,$20.00 ,108,"$2,160 ",$994 ,46%,Online
,West Gear,1185732,11/11/21,West,Utah,Salt Lake City,Women's Street Footwear,$19.00 ,93,"$1,767 ",$848 ,48%,Online
,West Gear,1185732,11/11/21,West,Utah,Salt Lake City,Women's Athletic Footwear,$19.00 ,113,"$2,147 ","$1,095 ",51%,Online
,West Gear,1185732,11/11/21,West,Utah,Salt Lake City,Men's Apparel,$39.00 ,91,"$3,549 ","$1,739 ",49%,Online
,West Gear,1185732,11/11/21,West,Utah,Salt Lake City,Women's Apparel,$43.00 ,113,"$4,859 ","$3,158 ",65%,Online
,West Gear,1185732,12/10/21,West,Utah,Salt Lake City,Men's Street Footwear,$39.00 ,203,"$7,917 ","$4,354 ",55%,Online
,West Gear,1185732,12/10/21,West,Utah,Salt Lake City,Men's Athletic Footwear,$28.00 ,145,"$4,060 ","$1,989 ",49%,Online
,West Gear,1185732,12/10/21,West,Utah,Salt Lake City,Women's Street Footwear,$29.00 ,113,"$3,277 ","$1,540 ",47%,Online
,West Gear,1185732,12/10/21,West,Utah,Salt Lake City,Women's Athletic Footwear,$27.00 ,112,"$3,024 ","$1,542 ",51%,Online
,West Gear,1185732,12/10/21,West,Utah,Salt Lake City,Men's Apparel,$38.00 ,112,"$4,256 ","$2,128 ",50%,Online
,West Gear,1185732,12/10/21,West,Utah,Salt Lake City,Women's Apparel,$42.00 ,125,"$5,250 ","$3,203 ",61%,Online
,West Gear,1128299,1/24/21,West,Utah,Salt Lake City,Men's Street Footwear,$27.00 ,98,"$2,646 ","$1,270 ",48%,Online
,West Gear,1128299,1/24/21,West,Utah,Salt Lake City,Men's Athletic Footwear,$39.00 ,105,"$4,095 ","$2,007 ",49%,Online
,West Gear,1128299,1/24/21,West,Utah,Salt Lake City,Women's Street Footwear,$39.00 ,105,"$4,095 ","$1,966 ",48%,Online
,West Gear,1128299,1/24/21,West,Utah,Salt Lake City,Women's Athletic Footwear,$39.00 ,58,"$2,262 ","$1,041 ",46%,Online
,West Gear,1128299,1/24/21,West,Utah,Salt Lake City,Men's Apparel,$42.00 ,44,"$1,848 ","$1,016 ",55%,Online
,West Gear,1128299,1/24/21,West,Utah,Salt Lake City,Women's Apparel,$39.00 ,108,"$4,212 ","$1,811 ",43%,Online
,West Gear,1128299,2/24/21,West,Utah,Salt Lake City,Men's Street Footwear,$29.00 ,117,"$3,393 ","$1,527 ",45%,Online
,West Gear,1128299,2/24/21,West,Utah,Salt Lake City,Men's Athletic Footwear,$39.00 ,91,"$3,549 ","$1,704 ",48%,Online
,West Gear,1128299,2/24/21,West,Utah,Salt Lake City,Women's Street Footwear,$36.00 ,88,"$3,168 ","$1,426 ",45%,Online
,West Gear,1128299,2/24/21,West,Oregon,Portland,Women's Athletic Footwear,$39.00 ,58,"$2,262 ","$1,086 ",48%,Online
,West Gear,1128299,2/24/21,West,Oregon,Portland,Men's Apparel,$42.00 ,38,"$1,596 ",$830 ,52%,Online
,West Gear,1128299,2/24/21,West,Oregon,Portland,Women's Apparel,$37.00 ,85,"$3,145 ","$1,258 ",40%,Online
,West Gear,1128299,3/23/21,West,Oregon,Portland,Men's Street Footwear,$38.00 ,128,"$4,864 ","$2,383 ",49%,Online
,West Gear,1128299,3/23/21,West,Oregon,Portland,Men's Athletic Footwear,$45.00 ,85,"$3,825 ","$1,836 ",48%,Online
,West Gear,1128299,3/23/21,West,Oregon,Portland,Women's Street Footwear,$54.00 ,88,"$4,752 ","$2,138 ",45%,Online
,West Gear,1128299,3/23/21,West,Oregon,Portland,Women's Athletic Footwear,$49.00 ,65,"$3,185 ","$1,529 ",48%,Online
,West Gear,1128299,3/23/21,West,Oregon,Portland,Men's Apparel,$54.00 ,26,"$1,404 ",$744 ,53%,Online
,West Gear,1128299,3/23/21,West,Oregon,Portland,Women's Apparel,$49.00 ,87,"$4,263 ","$1,790 ",42%,Online
,West Gear,1128299,4/24/21,West,Oregon,Portland,Men's Street Footwear,$51.00 ,124,"$6,324 ","$2,909 ",46%,Online
,West Gear,1128299,4/24/21,West,Oregon,Portland,Men's Athletic Footwear,$54.00 ,83,"$4,482 ","$2,196 ",49%,Online
,West Gear,1128299,4/24/21,West,Oregon,Portland,Women's Street Footwear,$55.00 ,85,"$4,675 ","$2,244 ",48%,Online
,West Gear,1128299,4/24/21,West,Oregon,Portland,Women's Athletic Footwear,$41.00 ,63,"$2,583 ","$1,292 ",50%,Online
,West Gear,1128299,4/24/21,West,Oregon,Portland,Men's Apparel,$48.00 ,36,"$1,728 ",$864 ,50%,Online
,West Gear,1128299,4/24/21,West,Oregon,Portland,Women's Apparel,$59.00 ,84,"$4,956 ","$2,230 ",45%,Online
,West Gear,1128299,5/25/21,West,Oregon,Portland,Men's Street Footwear,$48.00 ,145,"$6,960 ","$3,132 ",45%,Online
,West Gear,1128299,5/25/21,West,Oregon,Portland,Men's Athletic Footwear,$50.00 ,105,"$5,250 ","$2,415 ",46%,Online
,West Gear,1128299,5/25/21,West,Oregon,Portland,Women's Street Footwear,$50.00 ,95,"$4,750 ","$2,375 ",50%,Online
,West Gear,1128299,5/25/21,West,Oregon,Portland,Women's Athletic Footwear,$49.00 ,83,"$4,067 ","$1,952 ",48%,Online
,West Gear,1128299,5/25/21,West,Oregon,Portland,Men's Apparel,$41.00 ,44,"$1,804 ",$992 ,55%,Online
,West Gear,1128299,5/25/21,West,Oregon,Portland,Women's Apparel,$54.00 ,158,"$8,532 ","$3,839 ",45%,Online
,West Gear,1128299,6/24/21,West,Oregon,Portland,Men's Street Footwear,$51.00 ,225,"$11,475 ","$5,623 ",49%,Online
,West Gear,1128299,6/24/21,West,Oregon,Portland,Men's Athletic Footwear,$62.00 ,169,"$10,478 ","$5,134 ",49%,Online
,West Gear,1128299,6/24/21,West,Oregon,Portland,Women's Street Footwear,$78.00 ,189,"$14,742 ","$6,781 ",46%,Online
,West Gear,1128299,6/24/21,West,Oregon,Portland,Women's Athletic Footwear,$74.00 ,158,"$11,692 ","$5,846 ",50%,Online
,West Gear,1128299,6/24/21,West,Oregon,Portland,Men's Apparel,$86.00 ,108,"$9,288 ","$4,923 ",53%,Online
,West Gear,1128299,6/24/21,West,Oregon,Portland,Women's Apparel,$95.00 ,189,"$17,955 ","$8,080 ",45%,Online
,West Gear,1128299,7/23/21,West,Oregon,Portland,Men's Street Footwear,$79.00 ,255,"$20,145 ","$9,670 ",48%,Online
,West Gear,1128299,7/23/21,West,Oregon,Portland,Men's Athletic Footwear,$85.00 ,196,"$16,660 ","$7,830 ",47%,Online
,West Gear,1128299,7/23/21,West,Oregon,Portland,Women's Street Footwear,$86.00 ,163,"$14,018 ","$6,588 ",47%,Online
,West Gear,1128299,7/23/21,West,Oregon,Portland,Women's Athletic Footwear,$82.00 ,165,"$13,530 ","$6,494 ",48%,Online
,West Gear,1128299,7/23/21,West,Oregon,Portland,Men's Apparel,$84.00 ,156,"$13,104 ","$6,552 ",50%,Online
,West Gear,1128299,7/23/21,West,Oregon,Portland,Women's Apparel,$97.00 ,150,"$14,550 ","$6,111 ",42%,Online
,West Gear,1128299,8/24/21,West,Oregon,Portland,Men's Street Footwear,$81.00 ,200,"$16,200 ","$7,776 ",48%,Online
,West Gear,1128299,8/24/21,West,Oregon,Portland,Men's Athletic Footwear,$76.00 ,233,"$17,708 ","$8,677 ",49%,Online
,West Gear,1128299,8/24/21,West,Oregon,Portland,Women's Street Footwear,$68.00 ,195,"$13,260 ","$6,497 ",49%,Online
,West Gear,1128299,8/24/21,West,Oregon,Portland,Women's Athletic Footwear,$68.00 ,119,"$8,092 ","$3,722 ",46%,Online
,West Gear,1128299,8/24/21,West,Oregon,Portland,Men's Apparel,$65.00 ,128,"$8,320 ","$4,410 ",53%,Online
,West Gear,1128299,8/24/21,West,Oregon,Portland,Women's Apparel,$69.00 ,73,"$5,037 ","$2,216 ",44%,Online
,West Gear,1128299,9/25/21,West,Oregon,Portland,Men's Street Footwear,$46.00 ,122,"$5,612 ","$2,525 ",45%,Online
,West Gear,1128299,9/25/21,West,Oregon,Portland,Men's Athletic Footwear,$51.00 ,122,"$6,222 ","$2,862 ",46%,Online
,West Gear,1128299,9/25/21,West,Oregon,Portland,Women's Street Footwear,$49.00 ,75,"$3,675 ","$1,654 ",45%,Online
,West Gear,1128299,9/25/21,West,Oregon,Portland,Women's Athletic Footwear,$49.00 ,52,"$2,548 ","$1,172 ",46%,Online
,West Gear,1128299,9/25/21,West,Oregon,Portland,Men's Apparel,$58.00 ,59,"$3,422 ","$1,814 ",53%,Online
,West Gear,1128299,9/25/21,West,Oregon,Portland,Women's Apparel,$41.00 ,73,"$2,993 ","$1,257 ",42%,Online
,West Gear,1128299,10/24/21,West,Oregon,Portland,Men's Street Footwear,$38.00 ,102,"$3,876 ","$1,822 ",47%,Online
,West Gear,1128299,10/24/21,West,Oregon,Portland,Men's Athletic Footwear,$50.00 ,142,"$7,100 ","$3,266 ",46%,Online
,West Gear,1128299,10/24/21,West,Oregon,Portland,Women's Street Footwear,$46.00 ,91,"$4,186 ","$2,051 ",49%,Online
,West Gear,1128299,10/24/21,West,Oregon,Portland,Women's Athletic Footwear,$44.00 ,81,"$3,564 ","$1,711 ",48%,Online
,West Gear,1128299,10/24/21,West,Oregon,Portland,Men's Apparel,$51.00 ,75,"$3,825 ","$2,066 ",54%,Online
,West Gear,1128299,10/24/21,West,Oregon,Portland,Women's Apparel,$58.00 ,105,"$6,090 ","$2,619 ",43%,Online
,West Gear,1128299,11/24/21,West,Oregon,Portland,Men's Street Footwear,$44.00 ,173,"$7,612 ","$3,502 ",46%,Online
,West Gear,1128299,11/24/21,West,Oregon,Portland,Men's Athletic Footwear,$48.00 ,195,"$9,360 ","$4,680 ",50%,Online
,West Gear,1128299,11/24/21,West,Oregon,Portland,Women's Street Footwear,$42.00 ,128,"$5,376 ","$2,688 ",50%,Online
,West Gear,1128299,11/24/21,West,Oregon,Portland,Women's Athletic Footwear,$51.00 ,131,"$6,681 ","$3,073 ",46%,Online
,West Gear,1128299,11/24/21,West,Oregon,Portland,Men's Apparel,$68.00 ,111,"$7,548 ","$4,076 ",54%,Online
,West Gear,1128299,11/24/21,West,Oregon,Portland,Women's Apparel,$76.00 ,149,"$11,324 ","$4,756 ",42%,Online
,West Gear,1128299,12/23/21,West,Oregon,Portland,Men's Street Footwear,$61.00 ,188,"$11,468 ","$5,505 ",48%,Online
,West Gear,1128299,12/23/21,West,Oregon,Portland,Men's Athletic Footwear,$72.00 ,218,"$15,696 ","$7,377 ",47%,Online
,West Gear,1128299,12/23/21,West,Oregon,Portland,Women's Street Footwear,$67.00 ,165,"$11,055 ","$4,975 ",45%,Online
,West Gear,1128299,12/23/21,West,Oregon,Portland,Women's Athletic Footwear,$67.00 ,143,"$9,581 ","$4,311 ",45%,Online
,West Gear,1128299,12/23/21,West,Oregon,Portland,Men's Apparel,$72.00 ,133,"$9,576 ","$4,788 ",50%,Online
,West Gear,1128299,12/23/21,West,Oregon,Portland,Women's Apparel,$77.00 ,173,"$13,321 ","$5,328 ",40%,Online
,West Gear,1128299,1/17/21,West,Oregon,Portland,Men's Street Footwear,$33.00 ,100,"$3,300 ","$1,683 ",51%,Online
,West Gear,1128299,1/17/21,West,Oregon,Portland,Men's Athletic Footwear,$42.00 ,100,"$4,200 ","$2,268 ",54%,Online
,West Gear,1128299,1/17/21,West,Oregon,Portland,Women's Street Footwear,$43.00 ,112,"$4,816 ","$2,601 ",54%,Online
,West Gear,1128299,1/17/21,West,Oregon,Portland,Women's Athletic Footwear,$41.00 ,68,"$2,788 ","$1,533 ",55%,Online
,West Gear,1128299,1/17/21,West,Oregon,Portland,Men's Apparel,$46.00 ,58,"$2,668 ","$1,574 ",59%,Online
,West Gear,1128299,1/17/21,West,Oregon,Portland,Women's Apparel,$41.00 ,122,"$5,002 ","$2,401 ",48%,Online
,West Gear,1128299,2/17/21,West,Oregon,Portland,Men's Street Footwear,$33.00 ,140,"$4,620 ","$2,449 ",53%,Online
,West Gear,1128299,2/17/21,West,Oregon,Portland,Men's Athletic Footwear,$41.00 ,116,"$4,756 ","$2,426 ",51%,Online
,West Gear,1128299,2/17/21,West,Oregon,Portland,Women's Street Footwear,$41.00 ,120,"$4,920 ","$2,558 ",52%,Online
,West Gear,1128299,2/17/21,South,Louisiana,New Orleans,Women's Athletic Footwear,$44.00 ,73,"$3,212 ","$1,767 ",55%,Online
,West Gear,1128299,2/17/21,South,Louisiana,New Orleans,Men's Apparel,$48.00 ,51,"$2,448 ","$1,469 ",60%,Online
,West Gear,1128299,2/17/21,South,Louisiana,New Orleans,Women's Apparel,$44.00 ,105,"$4,620 ","$2,218 ",48%,Online
,West Gear,1128299,3/16/21,South,Louisiana,New Orleans,Men's Street Footwear,$44.00 ,147,"$6,468 ","$3,299 ",51%,Online
,West Gear,1128299,3/16/21,South,Louisiana,New Orleans,Men's Athletic Footwear,$51.00 ,101,"$5,151 ","$2,833 ",55%,Online
,West Gear,1128299,3/16/21,South,Louisiana,New Orleans,Women's Street Footwear,$56.00 ,116,"$6,496 ","$3,573 ",55%,Online
,West Gear,1128299,3/16/21,South,Louisiana,New Orleans,Women's Athletic Footwear,$50.00 ,84,"$4,200 ","$2,310 ",55%,Online
,West Gear,1128299,3/16/21,South,Louisiana,New Orleans,Men's Apparel,$56.00 ,39,"$2,184 ","$1,310 ",60%,Online
,West Gear,1128299,3/16/21,South,Louisiana,New Orleans,Women's Apparel,$41.00 ,95,"$3,895 ","$1,753 ",45%,Online
,West Gear,1128299,4/17/21,South,Louisiana,New Orleans,Men's Street Footwear,$48.00 ,142,"$6,816 ","$3,544 ",52%,Online
,West Gear,1128299,4/17/21,South,Louisiana,New Orleans,Men's Athletic Footwear,$52.00 ,88,"$4,576 ","$2,288 ",50%,Online
,West Gear,1128299,4/17/21,South,Louisiana,New Orleans,Women's Street Footwear,$52.00 ,105,"$5,460 ","$2,785 ",51%,Online
,West Gear,1128299,4/17/21,South,Louisiana,New Orleans,Women's Athletic Footwear,$39.00 ,74,"$2,886 ","$1,530 ",53%,Online
,West Gear,1128299,4/17/21,South,Louisiana,New Orleans,Men's Apparel,$43.00 ,53,"$2,279 ","$1,299 ",57%,Online
,West Gear,1128299,4/17/21,South,Louisiana,New Orleans,Women's Apparel,$55.00 ,105,"$5,775 ","$2,888 ",50%,Online
,West Gear,1128299,5/18/21,South,Louisiana,New Orleans,Men's Street Footwear,$43.00 ,160,"$6,880 ","$3,646 ",53%,Online
,West Gear,1128299,5/18/21,South,Louisiana,New Orleans,Men's Athletic Footwear,$47.00 ,100,"$4,700 ","$2,444 ",52%,Online
,West Gear,1128299,5/18/21,South,Louisiana,New Orleans,Women's Street Footwear,$49.00 ,112,"$5,488 ","$2,799 ",51%,Online
,West Gear,1128299,5/18/21,South,Louisiana,New Orleans,Women's Athletic Footwear,$44.00 ,85,"$3,740 ","$1,907 ",51%,Online
,West Gear,1128299,5/18/21,South,Louisiana,New Orleans,Men's Apparel,$36.00 ,65,"$2,340 ","$1,381 ",59%,Online
,West Gear,1128299,5/18/21,South,Louisiana,New Orleans,Women's Apparel,$59.00 ,167,"$9,853 ","$4,434 ",45%,Online
,West Gear,1128299,6/17/21,South,Louisiana,New Orleans,Men's Street Footwear,$58.00 ,248,"$14,384 ","$7,336 ",51%,Online
,West Gear,1128299,6/17/21,South,Louisiana,New Orleans,Men's Athletic Footwear,$65.00 ,210,"$13,650 ","$7,098 ",52%,Online
,West Gear,1128299,6/17/21,South,Louisiana,New Orleans,Women's Street Footwear,$83.00 ,203,"$16,849 ","$9,267 ",55%,Online
,West Gear,1128299,6/17/21,South,Louisiana,New Orleans,Women's Athletic Footwear,$82.00 ,161,"$13,202 ","$7,261 ",55%,Online
,West Gear,1128299,6/17/21,South,Louisiana,New Orleans,Men's Apparel,$92.00 ,117,"$10,764 ","$6,135 ",57%,Online
,West Gear,1128299,6/17/21,South,Louisiana,New Orleans,Women's Apparel,$100.00 ,195,"$19,500 ","$9,360 ",48%,Online
,West Gear,1128299,7/16/21,South,Louisiana,New Orleans,Men's Street Footwear,$86.00 ,270,"$23,220 ","$12,307 ",53%,Online
,West Gear,1128299,7/16/21,South,Louisiana,New Orleans,Men's Athletic Footwear,$92.00 ,203,"$18,676 ","$10,272 ",55%,Online
,West Gear,1128299,7/16/21,South,Louisiana,New Orleans,Women's Street Footwear,$90.00 ,196,"$17,640 ","$9,526 ",54%,Online
,West Gear,1128299,7/16/21,South,Louisiana,New Orleans,Women's Athletic Footwear,$86.00 ,168,"$14,448 ","$7,802 ",54%,Online
,West Gear,1128299,7/16/21,South,Louisiana,New Orleans,Men's Apparel,$86.00 ,189,"$16,254 ","$9,427 ",58%,Online
,West Gear,1128299,7/16/21,South,Louisiana,New Orleans,Women's Apparel,$103.00 ,163,"$16,789 ","$8,059 ",48%,Online
,West Gear,1128299,8/17/21,South,Louisiana,New Orleans,Men's Street Footwear,$86.00 ,255,"$21,930 ","$11,184 ",51%,Online
,West Gear,1128299,8/17/21,South,Louisiana,New Orleans,Men's Athletic Footwear,$77.00 ,239,"$18,403 ","$9,386 ",51%,Online
,West Gear,1128299,8/17/21,South,Louisiana,New Orleans,Women's Street Footwear,$70.00 ,189,"$13,230 ","$7,277 ",55%,Online
,West Gear,1128299,8/17/21,South,Louisiana,New Orleans,Women's Athletic Footwear,$74.00 ,128,"$9,472 ","$5,020 ",53%,Online
,West Gear,1128299,8/17/21,South,Louisiana,New Orleans,Men's Apparel,$64.00 ,138,"$8,832 ","$5,211 ",59%,Online
,West Gear,1128299,8/17/21,South,Louisiana,New Orleans,Women's Apparel,$63.00 ,90,"$5,670 ","$2,778 ",49%,Online
,West Gear,1128299,9/18/21,South,Louisiana,New Orleans,Men's Street Footwear,$43.00 ,145,"$6,235 ","$3,429 ",55%,Online
,West Gear,1128299,9/18/21,South,Louisiana,New Orleans,Men's Athletic Footwear,$46.00 ,125,"$5,750 ","$2,933 ",51%,Online
,West Gear,1128299,9/18/21,South,Louisiana,New Orleans,Women's Street Footwear,$43.00 ,78,"$3,354 ","$1,744 ",52%,Online
,West Gear,1128299,9/18/21,South,Louisiana,New Orleans,Women's Athletic Footwear,$41.00 ,63,"$2,583 ","$1,317 ",51%,Online
,West Gear,1128299,9/18/21,South,Louisiana,New Orleans,Men's Apparel,$51.00 ,77,"$3,927 ","$2,160 ",55%,Online
,West Gear,1128299,9/18/21,South,Louisiana,New Orleans,Women's Apparel,$39.00 ,75,"$2,925 ","$1,463 ",50%,Online
,West Gear,1128299,10/17/21,South,Louisiana,New Orleans,Men's Street Footwear,$34.00 ,112,"$3,808 ","$2,056 ",54%,Online
,West Gear,1128299,10/17/21,South,Louisiana,New Orleans,Men's Athletic Footwear,$45.00 ,155,"$6,975 ","$3,836 ",55%,Online
,West Gear,1128299,10/17/21,South,Louisiana,New Orleans,Women's Street Footwear,$42.00 ,100,"$4,200 ","$2,100 ",50%,Online
,West Gear,1128299,10/17/21,South,Louisiana,New Orleans,Women's Athletic Footwear,$36.00 ,105,"$3,780 ","$1,890 ",50%,Online
,West Gear,1128299,10/17/21,South,Louisiana,New Orleans,Men's Apparel,$47.00 ,95,"$4,465 ","$2,634 ",59%,Online
,West Gear,1128299,10/17/21,South,Louisiana,New Orleans,Women's Apparel,$50.00 ,108,"$5,400 ","$2,538 ",47%,Online
,West Gear,1128299,11/17/21,South,Louisiana,New Orleans,Men's Street Footwear,$39.00 ,188,"$7,332 ","$3,666 ",50%,Online
,West Gear,1128299,11/17/21,South,Louisiana,New Orleans,Men's Athletic Footwear,$42.00 ,210,"$8,820 ","$4,586 ",52%,Online
,West Gear,1128299,11/17/21,South,Louisiana,New Orleans,Women's Street Footwear,$38.00 ,137,"$5,206 ","$2,707 ",52%,Online
,West Gear,1128299,11/17/21,South,Louisiana,New Orleans,Women's Athletic Footwear,$48.00 ,125,"$6,000 ","$3,000 ",50%,Online
,West Gear,1128299,11/17/21,South,Louisiana,New Orleans,Men's Apparel,$68.00 ,119,"$8,092 ","$4,451 ",55%,Online
,West Gear,1128299,11/17/21,South,Louisiana,New Orleans,Women's Apparel,$81.00 ,174,"$14,094 ","$6,765 ",48%,Online
,West Gear,1128299,12/16/21,South,Louisiana,New Orleans,Men's Street Footwear,$69.00 ,240,"$16,560 ","$8,611 ",52%,Online
,West Gear,1128299,12/16/21,South,Louisiana,New Orleans,Men's Athletic Footwear,$72.00 ,216,"$15,552 ","$7,776 ",50%,Online
,Foot Locker,1128299,12/16/21,South,Louisiana,New Orleans,Women's Street Footwear,$69.00 ,162,"$11,178 ","$5,813 ",52%,Online
,Foot Locker,1128299,12/16/21,South,Louisiana,New Orleans,Women's Athletic Footwear,$72.00 ,156,"$11,232 ","$6,065 ",54%,Online
,Foot Locker,1128299,12/16/21,South,Louisiana,New Orleans,Men's Apparel,$82.00 ,131,"$10,742 ","$6,230 ",58%,Online
,Foot Locker,1128299,12/16/21,South,Louisiana,New Orleans,Women's Apparel,$87.00 ,175,"$15,225 ","$6,851 ",45%,Online
,Foot Locker,1197831,1/5/21,South,Louisiana,New Orleans,Men's Street Footwear,$19.00 ,182,"$3,458 ","$1,487 ",43%,Online
,Foot Locker,1197831,1/5/21,South,Louisiana,New Orleans,Men's Athletic Footwear,$28.00 ,196,"$5,488 ","$2,470 ",45%,Online
,Foot Locker,1197831,1/5/21,South,Louisiana,New Orleans,Women's Street Footwear,$28.00 ,119,"$3,332 ","$1,333 ",40%,Online
,Foot Locker,1197831,1/5/21,South,Louisiana,New Orleans,Women's Athletic Footwear,$33.00 ,133,"$4,389 ","$2,326 ",53%,Online
,Foot Locker,1197831,1/5/21,South,Louisiana,New Orleans,Men's Apparel,$36.00 ,85,"$3,060 ","$1,132 ",37%,Online
,West Gear,1197831,1/5/21,South,Louisiana,New Orleans,Women's Apparel,$34.00 ,143,"$4,862 ","$2,917 ",60%,Online
,Foot Locker,1197831,2/4/21,South,Louisiana,New Orleans,Men's Street Footwear,$23.00 ,163,"$3,749 ","$1,500 ",40%,Online
,Foot Locker,1197831,2/4/21,South,Louisiana,New Orleans,Men's Athletic Footwear,$32.00 ,174,"$5,568 ","$2,339 ",42%,Online
,Foot Locker,1197831,2/4/21,South,Louisiana,New Orleans,Women's Street Footwear,$34.00 ,128,"$4,352 ","$1,784 ",41%,Online
,Foot Locker,1197831,2/4/21,West,Idaho,Boise,Women's Athletic Footwear,$32.00 ,109,"$3,488 ","$1,884 ",54%,Online
,Foot Locker,1197831,2/4/21,West,Idaho,Boise,Men's Apparel,$39.00 ,70,"$2,730 ",$956 ,35%,Online
,Foot Locker,1197831,2/4/21,West,Idaho,Boise,Women's Apparel,$34.00 ,131,"$4,454 ","$2,450 ",55%,Online
,Foot Locker,1197831,3/6/21,West,Idaho,Boise,Men's Street Footwear,$28.00 ,156,"$4,368 ","$1,966 ",45%,Online
,Foot Locker,1197831,3/6/21,West,Idaho,Boise,Men's Athletic Footwear,$36.00 ,169,"$6,084 ","$2,799 ",46%,Online
,Foot Locker,1197831,3/6/21,West,Idaho,Boise,Women's Street Footwear,$28.00 ,113,"$3,164 ","$1,550 ",49%,Online
,Foot Locker,1197831,3/6/21,West,Idaho,Boise,Women's Athletic Footwear,$33.00 ,105,"$3,465 ","$2,010 ",58%,Online
,West Gear,1197831,3/6/21,West,Idaho,Boise,Men's Apparel,$37.00 ,75,"$2,775 ","$1,249 ",45%,Online
,West Gear,1197831,3/6/21,West,Idaho,Boise,Women's Apparel,$33.00 ,116,"$3,828 ","$2,488 ",65%,Online
,West Gear,1197831,4/5/21,West,Idaho,Boise,Men's Street Footwear,$19.00 ,195,"$3,705 ","$1,741 ",47%,Online
,West Gear,1197831,4/5/21,West,Idaho,Boise,Men's Athletic Footwear,$29.00 ,195,"$5,655 ","$2,714 ",48%,Online
,West Gear,1197831,4/5/21,West,Idaho,Boise,Women's Street Footwear,$24.00 ,138,"$3,312 ","$1,557 ",47%,Online
,West Gear,1197831,4/5/21,West,Idaho,Boise,Women's Athletic Footwear,$29.00 ,113,"$3,277 ","$1,802 ",55%,Online
,West Gear,1197831,4/5/21,West,Idaho,Boise,Men's Apparel,$34.00 ,72,"$2,448 ","$1,053 ",43%,Online
,West Gear,1197831,4/5/21,West,Idaho,Boise,Women's Apparel,$28.00 ,138,"$3,864 ","$2,357 ",61%,Online
,West Gear,1197831,5/5/21,West,Idaho,Boise,Men's Street Footwear,$18.00 ,203,"$3,654 ","$1,827 ",50%,Online
,West Gear,1197831,5/5/21,West,Idaho,Boise,Men's Athletic Footwear,$28.00 ,196,"$5,488 ","$2,634 ",48%,Online
,West Gear,1197831,5/5/21,West,Idaho,Boise,Women's Street Footwear,$23.00 ,167,"$3,841 ","$1,805 ",47%,Online
,West Gear,1197831,5/5/21,West,Idaho,Boise,Women's Athletic Footwear,$33.00 ,130,"$4,290 ","$2,360 ",55%,Online
,West Gear,1197831,5/5/21,West,Idaho,Boise,Men's Apparel,$47.00 ,120,"$5,640 ","$2,256 ",40%,Online
,West Gear,1197831,5/5/21,West,Idaho,Boise,Women's Apparel,$42.00 ,218,"$9,156 ","$5,768 ",63%,Online
,West Gear,1197831,6/4/21,West,Idaho,Boise,Men's Street Footwear,$42.00 ,195,"$8,190 ","$4,013 ",49%,Online
,West Gear,1197831,6/4/21,West,Idaho,Boise,Men's Athletic Footwear,$46.00 ,188,"$8,648 ","$4,151 ",48%,Online
,West Gear,1197831,6/4/21,West,Idaho,Boise,Women's Street Footwear,$47.00 ,174,"$8,178 ","$3,925 ",48%,Online
,West Gear,1197831,6/4/21,West,Idaho,Boise,Women's Athletic Footwear,$48.00 ,143,"$6,864 ","$4,050 ",59%,Online
,West Gear,1197831,6/4/21,West,Idaho,Boise,Men's Apparel,$52.00 ,117,"$6,084 ","$2,616 ",43%,Online
,West Gear,1197831,6/4/21,West,Idaho,Boise,Women's Apparel,$55.00 ,231,"$12,705 ","$7,750 ",61%,Online
,West Gear,1197831,7/6/21,West,Idaho,Boise,Men's Street Footwear,$48.00 ,217,"$10,416 ","$5,208 ",50%,Online
,West Gear,1197831,7/6/21,West,Idaho,Boise,Men's Athletic Footwear,$52.00 ,202,"$10,504 ","$5,462 ",52%,Online
,West Gear,1197831,7/6/21,West,Idaho,Boise,Women's Street Footwear,$46.00 ,241,"$11,086 ","$6,097 ",55%,Online
,West Gear,1197831,7/6/21,West,Idaho,Boise,Women's Athletic Footwear,$47.00 ,137,"$6,439 ","$4,121 ",64%,Online
,West Gear,1197831,7/6/21,West,Idaho,Boise,Men's Apparel,$53.00 ,131,"$6,943 ","$3,333 ",48%,Online
,Foot Locker,1197831,7/6/21,West,Idaho,Boise,Women's Apparel,$64.00 ,208,"$13,312 ","$9,185 ",69%,Online
,Foot Locker,1197831,8/8/21,West,Idaho,Boise,Men's Street Footwear,$46.00 ,210,"$9,660 ","$5,313 ",55%,Online
,Foot Locker,1197831,8/8/21,West,Idaho,Boise,Men's Athletic Footwear,$53.00 ,195,"$10,335 ","$5,478 ",53%,Online
,Foot Locker,1197831,8/8/21,West,Idaho,Boise,Women's Street Footwear,$46.00 ,250,"$11,500 ","$6,095 ",53%,Online
,Foot Locker,1197831,8/8/21,West,Idaho,Boise,Women's Athletic Footwear,$48.00 ,124,"$5,952 ","$3,869 ",65%,Online
,Sports Direct,1197831,8/8/21,West,Idaho,Boise,Men's Apparel,$52.00 ,133,"$6,916 ","$3,181 ",46%,Online
,Sports Direct,1197831,8/8/21,West,Idaho,Boise,Women's Apparel,$54.00 ,196,"$10,584 ","$7,197 ",68%,Online
,Sports Direct,1197831,9/5/21,West,Idaho,Boise,Men's Street Footwear,$50.00 ,176,"$8,800 ","$4,400 ",50%,Online
,Sports Direct,1197831,9/5/21,West,Idaho,Boise,Men's Athletic Footwear,$50.00 ,188,"$9,400 ","$4,888 ",52%,Online
,Sports Direct,1197831,9/5/21,West,Idaho,Boise,Women's Street Footwear,$56.00 ,182,"$10,192 ","$5,300 ",52%,Online
,Sports Direct,1197831,9/5/21,West,Idaho,Boise,Women's Athletic Footwear,$55.00 ,116,"$6,380 ","$4,019 ",63%,Online
,Sports Direct,1197831,9/5/21,West,Idaho,Boise,Men's Apparel,$50.00 ,104,"$5,200 ","$2,392 ",46%,Online
,Sports Direct,1197831,9/5/21,West,Idaho,Boise,Women's Apparel,$49.00 ,181,"$8,869 ","$5,942 ",67%,Online
,Sports Direct,1197831,10/4/21,West,Idaho,Boise,Men's Street Footwear,$36.00 ,167,"$6,012 ","$3,066 ",51%,Online
,Sports Direct,1197831,10/4/21,West,Idaho,Boise,Men's Athletic Footwear,$37.00 ,173,"$6,401 ","$3,457 ",54%,Online
,Sports Direct,1197831,10/4/21,West,Idaho,Boise,Women's Street Footwear,$41.00 ,131,"$5,371 ","$2,739 ",51%,Online
,Sports Direct,1197831,10/4/21,West,Idaho,Boise,Women's Athletic Footwear,$44.00 ,101,"$4,444 ","$2,889 ",65%,Online
,Sports Direct,1197831,10/4/21,West,Idaho,Boise,Men's Apparel,$32.00 ,91,"$2,912 ","$1,398 ",48%,Online
,Sports Direct,1197831,10/4/21,West,Idaho,Boise,Women's Apparel,$42.00 ,142,"$5,964 ","$3,936 ",66%,Online
,Sports Direct,1197831,11/5/21,West,Idaho,Boise,Men's Street Footwear,$33.00 ,182,"$6,006 ","$3,303 ",55%,Online
,Sports Direct,1197831,11/5/21,West,Idaho,Boise,Men's Athletic Footwear,$32.00 ,189,"$6,048 ","$3,145 ",52%,Online
,Sports Direct,1197831,11/5/21,West,Idaho,Boise,Women's Street Footwear,$58.00 ,150,"$8,700 ","$4,698 ",54%,Online
,Sports Direct,1197831,11/5/21,West,Idaho,Boise,Women's Athletic Footwear,$54.00 ,122,"$6,588 ","$4,019 ",61%,Online
,Sports Direct,1197831,11/5/21,West,Idaho,Boise,Men's Apparel,$54.00 ,106,"$5,724 ","$2,862 ",50%,Online
,Sports Direct,1197831,11/5/21,West,Idaho,Boise,Women's Apparel,$63.00 ,163,"$10,269 ","$6,880 ",67%,Online
,Foot Locker,1197831,12/4/21,West,Idaho,Boise,Men's Street Footwear,$54.00 ,233,"$12,582 ","$6,794 ",54%,Online
,Foot Locker,1197831,12/4/21,West,Idaho,Boise,Men's Athletic Footwear,$51.00 ,209,"$10,659 ","$5,756 ",54%,Online
,Foot Locker,1197831,12/4/21,West,Idaho,Boise,Women's Street Footwear,$56.00 ,176,"$9,856 ","$5,125 ",52%,Online
,Foot Locker,1197831,12/4/21,West,Idaho,Boise,Women's Athletic Footwear,$59.00 ,142,"$8,378 ","$5,446 ",65%,Online
,Foot Locker,1197831,12/4/21,West,Idaho,Boise,Men's Apparel,$50.00 ,133,"$6,650 ","$3,259 ",49%,Online
,Foot Locker,1197831,12/4/21,West,Idaho,Boise,Women's Apparel,$60.00 ,196,"$11,760 ","$8,114 ",69%,Online
,Foot Locker,1128299,1/23/21,West,Idaho,Boise,Men's Street Footwear,$29.00 ,119,"$3,451 ","$1,656 ",48%,Online
,Foot Locker,1128299,1/23/21,West,Idaho,Boise,Men's Athletic Footwear,$37.00 ,106,"$3,922 ","$2,000 ",51%,Online
,Foot Locker,1128299,1/23/21,West,Idaho,Boise,Women's Street Footwear,$37.00 ,106,"$3,922 ","$1,922 ",49%,Online
,Foot Locker,1128299,1/23/21,West,Idaho,Boise,Women's Athletic Footwear,$38.00 ,77,"$2,926 ","$1,346 ",46%,Online
,Foot Locker,1128299,1/23/21,West,Idaho,Boise,Men's Apparel,$42.00 ,63,"$2,646 ","$1,191 ",45%,Online
,Foot Locker,1128299,1/23/21,West,Idaho,Boise,Women's Apparel,$36.00 ,111,"$3,996 ","$1,399 ",35%,Online
,Foot Locker,1128299,2/23/21,West,Idaho,Boise,Men's Street Footwear,$29.00 ,143,"$4,147 ","$2,074 ",50%,Online
,Foot Locker,1128299,2/23/21,West,Idaho,Boise,Men's Athletic Footwear,$38.00 ,113,"$4,294 ","$2,319 ",54%,Online
,Foot Locker,1128299,2/23/21,West,Idaho,Boise,Women's Street Footwear,$38.00 ,105,"$3,990 ","$1,875 ",47%,Online
,Foot Locker,1128299,2/23/21,West,Arizona,Phoenix,Women's Athletic Footwear,$38.00 ,63,"$2,394 ","$1,149 ",48%,Online
,Foot Locker,1128299,2/23/21,West,Arizona,Phoenix,Men's Apparel,$42.00 ,44,"$1,848 ",$813 ,44%,Online
,Foot Locker,1128299,2/23/21,West,Arizona,Phoenix,Women's Apparel,$38.00 ,88,"$3,344 ","$1,204 ",36%,Online
,Foot Locker,1128299,3/22/21,West,Arizona,Phoenix,Men's Street Footwear,$37.00 ,145,"$5,365 ","$2,522 ",47%,Online
,Foot Locker,1128299,3/22/21,West,Arizona,Phoenix,Men's Athletic Footwear,$48.00 ,95,"$4,560 ","$2,508 ",55%,Online
,Foot Locker,1128299,3/22/21,West,Arizona,Phoenix,Women's Street Footwear,$49.00 ,91,"$4,459 ","$2,230 ",50%,Online
,Foot Locker,1128299,3/22/21,West,Arizona,Phoenix,Women's Athletic Footwear,$47.00 ,68,"$3,196 ","$1,470 ",46%,Online
,Foot Locker,1128299,3/22/21,West,Arizona,Phoenix,Men's Apparel,$54.00 ,31,"$1,674 ",$686 ,41%,Online
,Foot Locker,1128299,3/22/21,West,Arizona,Phoenix,Women's Apparel,$47.00 ,88,"$4,136 ","$1,654 ",40%,Online
,Foot Locker,1128299,4/23/21,West,Arizona,Phoenix,Men's Street Footwear,$48.00 ,130,"$6,240 ","$2,808 ",45%,Online
,Foot Locker,1128299,4/23/21,West,Arizona,Phoenix,Men's Athletic Footwear,$53.00 ,90,"$4,770 ","$2,385 ",50%,Online
,Foot Locker,1128299,4/23/21,West,Arizona,Phoenix,Women's Street Footwear,$50.00 ,102,"$5,100 ","$2,550 ",50%,Online
,Foot Locker,1128299,4/23/21,West,Arizona,Phoenix,Women's Athletic Footwear,$46.00 ,75,"$3,450 ","$1,725 ",50%,Online
,Foot Locker,1128299,4/23/21,West,Arizona,Phoenix,Men's Apparel,$50.00 ,39,"$1,950 ",$819 ,42%,Online
,Foot Locker,1128299,4/23/21,West,Arizona,Phoenix,Women's Apparel,$67.00 ,94,"$6,298 ","$2,267 ",36%,Online
,Foot Locker,1128299,5/24/21,West,Arizona,Phoenix,Men's Street Footwear,$47.00 ,147,"$6,909 ","$3,247 ",47%,Online
,Foot Locker,1128299,5/24/21,West,Arizona,Phoenix,Men's Athletic Footwear,$53.00 ,113,"$5,989 ","$3,234 ",54%,Online
,Foot Locker,1128299,5/24/21,West,Arizona,Phoenix,Women's Street Footwear,$50.00 ,120,"$6,000 ","$2,820 ",47%,Online
,Foot Locker,1128299,5/24/21,West,Arizona,Phoenix,Women's Athletic Footwear,$49.00 ,90,"$4,410 ","$2,205 ",50%,Online
,Foot Locker,1128299,5/24/21,West,Arizona,Phoenix,Men's Apparel,$51.00 ,58,"$2,958 ","$1,213 ",41%,Online
,Foot Locker,1128299,5/24/21,West,Arizona,Phoenix,Women's Apparel,$64.00 ,98,"$6,272 ","$2,258 ",36%,Online
,Foot Locker,1128299,6/23/21,West,Arizona,Phoenix,Men's Street Footwear,$48.00 ,156,"$7,488 ","$3,669 ",49%,Online
,Foot Locker,1128299,6/23/21,West,Arizona,Phoenix,Men's Athletic Footwear,$51.00 ,138,"$7,038 ","$3,660 ",52%,Online
,Foot Locker,1128299,6/23/21,West,Arizona,Phoenix,Women's Street Footwear,$51.00 ,138,"$7,038 ","$3,167 ",45%,Online
,Foot Locker,1128299,6/23/21,West,Arizona,Phoenix,Women's Athletic Footwear,$46.00 ,95,"$4,370 ","$2,185 ",50%,Online
,Foot Locker,1128299,6/23/21,West,Arizona,Phoenix,Men's Apparel,$51.00 ,68,"$3,468 ","$1,457 ",42%,Online
,Foot Locker,1128299,6/23/21,West,Arizona,Phoenix,Women's Apparel,$69.00 ,131,"$9,039 ","$3,525 ",39%,Online
,Foot Locker,1128299,7/22/21,West,Arizona,Phoenix,Men's Street Footwear,$49.00 ,196,"$9,604 ","$4,706 ",49%,Online
,Foot Locker,1128299,7/22/21,West,Arizona,Phoenix,Men's Athletic Footwear,$50.00 ,142,"$7,100 ","$3,621 ",51%,Online
,Foot Locker,1128299,7/22/21,West,Arizona,Phoenix,Women's Street Footwear,$51.00 ,133,"$6,783 ","$3,188 ",47%,Online
,Foot Locker,1128299,7/22/21,West,Arizona,Phoenix,Women's Athletic Footwear,$48.00 ,101,"$4,848 ","$2,182 ",45%,Online
,Foot Locker,1128299,7/22/21,West,Arizona,Phoenix,Men's Apparel,$52.00 ,128,"$6,656 ","$2,862 ",43%,Online
,Foot Locker,1128299,7/22/21,West,Arizona,Phoenix,Women's Apparel,$67.00 ,123,"$8,241 ","$3,132 ",38%,Online
,Foot Locker,1128299,8/23/21,West,Arizona,Phoenix,Men's Street Footwear,$50.00 ,163,"$8,150 ","$4,075 ",50%,Online
,Foot Locker,1128299,8/23/21,West,Arizona,Phoenix,Men's Athletic Footwear,$57.00 ,161,"$9,177 ","$4,589 ",50%,Online
,Foot Locker,1128299,8/23/21,West,Arizona,Phoenix,Women's Street Footwear,$54.00 ,113,"$6,102 ","$2,990 ",49%,Online
,Foot Locker,1128299,8/23/21,West,Arizona,Phoenix,Women's Athletic Footwear,$52.00 ,112,"$5,824 ","$2,854 ",49%,Online
,Foot Locker,1128299,8/23/21,West,Arizona,Phoenix,Men's Apparel,$59.00 ,116,"$6,844 ","$2,806 ",41%,Online
,Foot Locker,1128299,8/23/21,West,Arizona,Phoenix,Women's Apparel,$65.00 ,94,"$6,110 ","$2,444 ",40%,Online
,Foot Locker,1128299,9/24/21,West,Arizona,Phoenix,Men's Street Footwear,$41.00 ,167,"$6,847 ","$3,355 ",49%,Online
,Foot Locker,1128299,9/24/21,West,Arizona,Phoenix,Men's Athletic Footwear,$45.00 ,161,"$7,245 ","$3,840 ",53%,Online
,Foot Locker,1128299,9/24/21,West,Arizona,Phoenix,Women's Street Footwear,$43.00 ,128,"$5,504 ","$2,477 ",45%,Online
,Foot Locker,1128299,9/24/21,West,Arizona,Phoenix,Women's Athletic Footwear,$41.00 ,113,"$4,633 ","$2,178 ",47%,Online
,Foot Locker,1128299,9/24/21,West,Arizona,Phoenix,Men's Apparel,$54.00 ,105,"$5,670 ","$2,495 ",44%,Online
,Foot Locker,1128299,9/24/21,West,Arizona,Phoenix,Women's Apparel,$56.00 ,119,"$6,664 ","$2,466 ",37%,Online
,Foot Locker,1128299,10/23/21,West,Arizona,Phoenix,Men's Street Footwear,$41.00 ,135,"$5,535 ","$2,657 ",48%,Online
,Foot Locker,1128299,10/23/21,West,Arizona,Phoenix,Men's Athletic Footwear,$47.00 ,145,"$6,815 ","$3,612 ",53%,Online
,Foot Locker,1128299,10/23/21,West,Arizona,Phoenix,Women's Street Footwear,$44.00 ,91,"$4,004 ","$1,922 ",48%,Online
,Foot Locker,1128299,10/23/21,West,Arizona,Phoenix,Women's Athletic Footwear,$43.00 ,90,"$3,870 ","$1,896 ",49%,Online
,Foot Locker,1128299,10/23/21,West,Arizona,Phoenix,Men's Apparel,$53.00 ,69,"$3,657 ","$1,463 ",40%,Online
,Foot Locker,1128299,10/23/21,West,Arizona,Phoenix,Women's Apparel,$56.00 ,85,"$4,760 ","$1,809 ",38%,Online
,Foot Locker,1128299,11/23/21,West,Arizona,Phoenix,Men's Street Footwear,$42.00 ,135,"$5,670 ","$2,665 ",47%,Online
,Foot Locker,1128299,11/23/21,West,Arizona,Phoenix,Men's Athletic Footwear,$46.00 ,147,"$6,762 ","$3,516 ",52%,Online
,Foot Locker,1128299,11/23/21,West,Arizona,Phoenix,Women's Street Footwear,$44.00 ,105,"$4,620 ","$2,125 ",46%,Online
,Foot Locker,1128299,11/23/21,West,Arizona,Phoenix,Women's Athletic Footwear,$42.00 ,98,"$4,116 ","$1,935 ",47%,Online
,Foot Locker,1128299,11/23/21,West,Arizona,Phoenix,Men's Apparel,$53.00 ,87,"$4,611 ","$1,891 ",41%,Online
,Foot Locker,1128299,11/23/21,West,Arizona,Phoenix,Women's Apparel,$55.00 ,111,"$6,105 ","$2,259 ",37%,Online
,Foot Locker,1128299,12/22/21,West,Arizona,Phoenix,Men's Street Footwear,$44.00 ,181,"$7,964 ","$3,663 ",46%,Online
,Foot Locker,1128299,12/22/21,West,Arizona,Phoenix,Men's Athletic Footwear,$49.00 ,175,"$8,575 ","$4,631 ",54%,Online
,Kohl's,1128299,12/22/21,West,Arizona,Phoenix,Women's Street Footwear,$43.00 ,123,"$5,289 ","$2,539 ",48%,Online
,Kohl's,1128299,12/22/21,West,Arizona,Phoenix,Women's Athletic Footwear,$44.00 ,115,"$5,060 ","$2,277 ",45%,Online
,Kohl's,1128299,12/22/21,West,Arizona,Phoenix,Men's Apparel,$52.00 ,88,"$4,576 ","$1,968 ",43%,Online
,Kohl's,1128299,12/22/21,West,Arizona,Phoenix,Women's Apparel,$58.00 ,135,"$7,830 ","$2,897 ",37%,Online
,Kohl's,1128299,1/26/21,West,Arizona,Phoenix,Men's Street Footwear,$33.00 ,133,"$4,389 ","$2,151 ",49%,Online
,Kohl's,1128299,1/26/21,West,Arizona,Phoenix,Men's Athletic Footwear,$42.00 ,138,"$5,796 ","$3,072 ",53%,Online
,Kohl's,1128299,1/26/21,West,Arizona,Phoenix,Women's Street Footwear,$42.00 ,138,"$5,796 ","$2,666 ",46%,Online
,Kohl's,1128299,1/26/21,West,Arizona,Phoenix,Women's Athletic Footwear,$43.00 ,85,"$3,655 ","$1,791 ",49%,Online
,Kohl's,1128299,1/26/21,West,Arizona,Phoenix,Men's Apparel,$45.00 ,80,"$3,600 ","$1,476 ",41%,Online
,Kohl's,1128299,1/26/21,West,Arizona,Phoenix,Women's Apparel,$42.00 ,128,"$5,376 ","$1,935 ",36%,Online
,Kohl's,1128299,2/26/21,West,Arizona,Phoenix,Men's Street Footwear,$33.00 ,147,"$4,851 ","$2,377 ",49%,Online
,Kohl's,1128299,2/26/21,West,Arizona,Phoenix,Men's Athletic Footwear,$44.00 ,106,"$4,664 ","$2,565 ",55%,Online
,Kohl's,1128299,2/26/21,West,Arizona,Phoenix,Women's Street Footwear,$41.00 ,111,"$4,551 ","$2,093 ",46%,Online
,Kohl's,1128299,2/26/21,West,New Mexico,Albuquerque,Women's Athletic Footwear,$43.00 ,74,"$3,182 ","$1,559 ",49%,Online
,Kohl's,1128299,2/26/21,West,New Mexico,Albuquerque,Men's Apparel,$45.00 ,54,"$2,430 ","$1,069 ",44%,Online
,Kohl's,1128299,2/26/21,West,New Mexico,Albuquerque,Women's Apparel,$41.00 ,104,"$4,264 ","$1,620 ",38%,Online
,Kohl's,1128299,3/25/21,West,New Mexico,Albuquerque,Men's Street Footwear,$44.00 ,165,"$7,260 ","$3,630 ",50%,Online
,Kohl's,1128299,3/25/21,West,New Mexico,Albuquerque,Men's Athletic Footwear,$51.00 ,112,"$5,712 ","$3,027 ",53%,Online
,Kohl's,1128299,3/25/21,West,New Mexico,Albuquerque,Women's Street Footwear,$52.00 ,112,"$5,824 ","$2,854 ",49%,Online
,Kohl's,1128299,3/25/21,West,New Mexico,Albuquerque,Women's Athletic Footwear,$50.00 ,83,"$4,150 ","$1,909 ",46%,Online
,Kohl's,1128299,3/25/21,West,New Mexico,Albuquerque,Men's Apparel,$55.00 ,53,"$2,915 ","$1,253 ",43%,Online
,Kohl's,1128299,3/25/21,West,New Mexico,Albuquerque,Women's Apparel,$50.00 ,98,"$4,900 ","$1,862 ",38%,Online
,Kohl's,1128299,4/26/21,West,New Mexico,Albuquerque,Men's Street Footwear,$51.00 ,154,"$7,854 ","$3,534 ",45%,Online
,Kohl's,1128299,4/26/21,West,New Mexico,Albuquerque,Men's Athletic Footwear,$59.00 ,98,"$5,782 ","$2,891 ",50%,Online
,Kohl's,1128299,4/26/21,West,New Mexico,Albuquerque,Women's Street Footwear,$55.00 ,116,"$6,380 ","$3,190 ",50%,Online
,Kohl's,1128299,4/26/21,West,New Mexico,Albuquerque,Women's Athletic Footwear,$54.00 ,87,"$4,698 ","$2,161 ",46%,Online
,Kohl's,1128299,4/26/21,West,New Mexico,Albuquerque,Men's Apparel,$56.00 ,58,"$3,248 ","$1,332 ",41%,Online
,Kohl's,1128299,4/26/21,West,New Mexico,Albuquerque,Women's Apparel,$69.00 ,101,"$6,969 ","$2,648 ",38%,Online
,Kohl's,1128299,5/27/21,West,New Mexico,Albuquerque,Men's Street Footwear,$51.00 ,150,"$7,650 ","$3,443 ",45%,Online
,Kohl's,1128299,5/27/21,West,New Mexico,Albuquerque,Men's Athletic Footwear,$58.00 ,111,"$6,438 ","$3,283 ",51%,Online
,Kohl's,1128299,5/27/21,West,New Mexico,Albuquerque,Women's Street Footwear,$56.00 ,126,"$7,056 ","$3,316 ",47%,Online
,Kohl's,1128299,5/27/21,West,New Mexico,Albuquerque,Women's Athletic Footwear,$51.00 ,91,"$4,641 ","$2,135 ",46%,Online
,Kohl's,1128299,5/27/21,West,New Mexico,Albuquerque,Men's Apparel,$56.00 ,65,"$3,640 ","$1,529 ",42%,Online
,Kohl's,1128299,5/27/21,West,New Mexico,Albuquerque,Women's Apparel,$69.00 ,115,"$7,935 ","$3,095 ",39%,Online
,Kohl's,1128299,6/26/21,West,New Mexico,Albuquerque,Men's Street Footwear,$52.00 ,203,"$10,556 ","$5,067 ",48%,Online
,Kohl's,1128299,6/26/21,West,New Mexico,Albuquerque,Men's Athletic Footwear,$54.00 ,154,"$8,316 ","$4,324 ",52%,Online
,Kohl's,1128299,6/26/21,West,New Mexico,Albuquerque,Women's Street Footwear,$54.00 ,149,"$8,046 ","$4,023 ",50%,Online
,Kohl's,1128299,6/26/21,West,New Mexico,Albuquerque,Women's Athletic Footwear,$54.00 ,106,"$5,724 ","$2,576 ",45%,Online
,Kohl's,1128299,6/26/21,West,New Mexico,Albuquerque,Men's Apparel,$56.00 ,87,"$4,872 ","$2,095 ",43%,Online
,Kohl's,1128299,6/26/21,West,New Mexico,Albuquerque,Women's Apparel,$74.00 ,162,"$11,988 ","$4,316 ",36%,Online
,Kohl's,1128299,7/25/21,West,New Mexico,Albuquerque,Men's Street Footwear,$54.00 ,203,"$10,962 ","$5,152 ",47%,Online
,Kohl's,1128299,7/25/21,West,New Mexico,Albuquerque,Men's Athletic Footwear,$56.00 ,180,"$10,080 ","$5,443 ",54%,Online
,Kohl's,1128299,7/25/21,West,New Mexico,Albuquerque,Women's Street Footwear,$58.00 ,160,"$9,280 ","$4,454 ",48%,Online
,Kohl's,1128299,7/25/21,West,New Mexico,Albuquerque,Women's Athletic Footwear,$54.00 ,135,"$7,290 ","$3,281 ",45%,Online
,Kohl's,1128299,7/25/21,West,New Mexico,Albuquerque,Men's Apparel,$57.00 ,145,"$8,265 ","$3,554 ",43%,Online
,Kohl's,1128299,7/25/21,West,New Mexico,Albuquerque,Women's Apparel,$69.00 ,140,"$9,660 ","$3,671 ",38%,Online
,Kohl's,1128299,8/26/21,West,New Mexico,Albuquerque,Men's Street Footwear,$56.00 ,175,"$9,800 ","$4,900 ",50%,Online
,Kohl's,1128299,8/26/21,West,New Mexico,Albuquerque,Men's Athletic Footwear,$60.00 ,176,"$10,560 ","$5,491 ",52%,Online
,Kohl's,1128299,8/26/21,West,New Mexico,Albuquerque,Women's Street Footwear,$58.00 ,142,"$8,236 ","$3,789 ",46%,Online
,Kohl's,1128299,8/26/21,West,New Mexico,Albuquerque,Women's Athletic Footwear,$55.00 ,143,"$7,865 ","$3,697 ",47%,Online
,Kohl's,1128299,8/26/21,West,New Mexico,Albuquerque,Men's Apparel,$67.00 ,124,"$8,308 ","$3,323 ",40%,Online
,Kohl's,1128299,8/26/21,West,New Mexico,Albuquerque,Women's Apparel,$70.00 ,126,"$8,820 ","$3,352 ",38%,Online
,Kohl's,1128299,9/27/21,West,New Mexico,Albuquerque,Men's Street Footwear,$49.00 ,163,"$7,987 ","$3,594 ",45%,Online
,Kohl's,1128299,9/27/21,West,New Mexico,Albuquerque,Men's Athletic Footwear,$51.00 ,156,"$7,956 ","$4,058 ",51%,Online
,Kohl's,1128299,9/27/21,West,New Mexico,Albuquerque,Women's Street Footwear,$46.00 ,143,"$6,578 ","$3,092 ",47%,Online
,Kohl's,1128299,9/27/21,West,New Mexico,Albuquerque,Women's Athletic Footwear,$49.00 ,123,"$6,027 ","$2,833 ",47%,Online
,Kohl's,1128299,9/27/21,West,New Mexico,Albuquerque,Men's Apparel,$54.00 ,111,"$5,994 ","$2,398 ",40%,Online
,Kohl's,1128299,9/27/21,West,New Mexico,Albuquerque,Women's Apparel,$59.00 ,133,"$7,847 ","$2,825 ",36%,Online
,Kohl's,1128299,10/26/21,West,New Mexico,Albuquerque,Men's Street Footwear,$48.00 ,165,"$7,920 ","$3,960 ",50%,Online
,Kohl's,1128299,10/26/21,West,New Mexico,Albuquerque,Men's Athletic Footwear,$50.00 ,149,"$7,450 ","$3,949 ",53%,Online
,Kohl's,1128299,10/26/21,West,New Mexico,Albuquerque,Women's Street Footwear,$48.00 ,105,"$5,040 ","$2,369 ",47%,Online
,Kohl's,1128299,10/26/21,West,New Mexico,Albuquerque,Women's Athletic Footwear,$46.00 ,95,"$4,370 ","$2,141 ",49%,Online
,Kohl's,1128299,10/26/21,West,New Mexico,Albuquerque,Men's Apparel,$56.00 ,91,"$5,096 ","$2,242 ",44%,Online
,Kohl's,1128299,10/26/21,West,New Mexico,Albuquerque,Women's Apparel,$68.00 ,105,"$7,140 ","$2,642 ",37%,Online
,Kohl's,1128299,11/26/21,West,New Mexico,Albuquerque,Men's Street Footwear,$58.00 ,160,"$9,280 ","$4,547 ",49%,Online
,Kohl's,1128299,11/26/21,West,New Mexico,Albuquerque,Men's Athletic Footwear,$59.00 ,150,"$8,850 ","$4,779 ",54%,Online
,Kohl's,1128299,11/26/21,West,New Mexico,Albuquerque,Women's Street Footwear,$54.00 ,117,"$6,318 ","$3,033 ",48%,Online
,Kohl's,1128299,11/26/21,West,New Mexico,Albuquerque,Women's Athletic Footwear,$55.00 ,115,"$6,325 ","$2,973 ",47%,Online
,Kohl's,1128299,11/26/21,West,New Mexico,Albuquerque,Men's Apparel,$65.00 ,113,"$7,345 ","$3,232 ",44%,Online
,Kohl's,1128299,11/26/21,West,New Mexico,Albuquerque,Women's Apparel,$72.00 ,140,"$10,080 ","$3,931 ",39%,Online
,Kohl's,1128299,12/25/21,West,New Mexico,Albuquerque,Men's Street Footwear,$55.00 ,210,"$11,550 ","$5,313 ",46%,Online
,Kohl's,1128299,12/25/21,West,New Mexico,Albuquerque,Men's Athletic Footwear,$61.00 ,182,"$11,102 ","$5,551 ",50%,Online
,Sports Direct,1128299,12/25/21,West,New Mexico,Albuquerque,Women's Street Footwear,$59.00 ,130,"$7,670 ","$3,758 ",49%,Online
,Sports Direct,1128299,12/25/21,West,New Mexico,Albuquerque,Women's Athletic Footwear,$55.00 ,145,"$7,975 ","$3,669 ",46%,Online
,Sports Direct,1128299,12/25/21,West,New Mexico,Albuquerque,Men's Apparel,$64.00 ,119,"$7,616 ","$3,427 ",45%,Online
,Sports Direct,1128299,12/25/21,West,New Mexico,Albuquerque,Women's Apparel,$72.00 ,131,"$9,432 ","$3,301 ",35%,Online
,Sports Direct,1128299,1/13/21,West,New Mexico,Albuquerque,Men's Street Footwear,$29.00 ,131,"$3,799 ","$1,937 ",51%,Online
,Sports Direct,1128299,1/13/21,West,New Mexico,Albuquerque,Men's Athletic Footwear,$39.00 ,135,"$5,265 ","$2,685 ",51%,Online
,Sports Direct,1128299,1/13/21,West,New Mexico,Albuquerque,Women's Street Footwear,$38.00 ,126,"$4,788 ","$2,155 ",45%,Online
,Sports Direct,1128299,1/13/21,West,New Mexico,Albuquerque,Women's Athletic Footwear,$39.00 ,75,"$2,925 ","$1,463 ",50%,Online
,Sports Direct,1128299,1/13/21,West,New Mexico,Albuquerque,Men's Apparel,$41.00 ,63,"$2,583 ","$1,162 ",45%,Online
,Sports Direct,1128299,1/13/21,West,New Mexico,Albuquerque,Women's Apparel,$36.00 ,117,"$4,212 ","$1,643 ",39%,Online
,Sports Direct,1128299,2/13/21,West,New Mexico,Albuquerque,Men's Street Footwear,$29.00 ,145,"$4,205 ","$2,229 ",53%,Online
,Sports Direct,1128299,2/13/21,West,New Mexico,Albuquerque,Men's Athletic Footwear,$37.00 ,112,"$4,144 ","$2,279 ",55%,Online
,Sports Direct,1128299,2/13/21,West,New Mexico,Albuquerque,Women's Street Footwear,$37.00 ,104,"$3,848 ","$1,924 ",50%,Online
,Sports Direct,1128299,2/13/21,Southeast,Georgia,Atlanta,Women's Athletic Footwear,$36.00 ,63,"$2,268 ","$1,179 ",52%,Online
,Sports Direct,1128299,2/13/21,Southeast,Georgia,Atlanta,Men's Apparel,$41.00 ,51,"$2,091 ","$1,004 ",48%,Online
,Sports Direct,1128299,2/13/21,Southeast,Georgia,Atlanta,Women's Apparel,$37.00 ,98,"$3,626 ","$1,305 ",36%,Online
,Sports Direct,1128299,3/12/21,Southeast,Georgia,Atlanta,Men's Street Footwear,$37.00 ,137,"$5,069 ","$2,535 ",50%,Online
,Sports Direct,1128299,3/12/21,Southeast,Georgia,Atlanta,Men's Athletic Footwear,$46.00 ,101,"$4,646 ","$2,462 ",53%,Online
,Sports Direct,1128299,3/12/21,Southeast,Georgia,Atlanta,Women's Street Footwear,$49.00 ,113,"$5,537 ","$2,713 ",49%,Online
,Sports Direct,1128299,3/12/21,Southeast,Georgia,Atlanta,Women's Athletic Footwear,$47.00 ,73,"$3,431 ","$1,784 ",52%,Online
,Sports Direct,1128299,3/12/21,Southeast,Georgia,Atlanta,Men's Apparel,$51.00 ,39,"$1,989 ",$935 ,47%,Online
,Sports Direct,1128299,3/12/21,Southeast,Georgia,Atlanta,Women's Apparel,$48.00 ,95,"$4,560 ","$1,642 ",36%,Online
,Sports Direct,1128299,4/13/21,Southeast,Georgia,Atlanta,Men's Street Footwear,$45.00 ,142,"$6,390 ","$3,259 ",51%,Online
,Sports Direct,1128299,4/13/21,Southeast,Georgia,Atlanta,Men's Athletic Footwear,$51.00 ,88,"$4,488 ","$2,244 ",50%,Online
,Sports Direct,1128299,4/13/21,Southeast,Georgia,Atlanta,Women's Street Footwear,$50.00 ,94,"$4,700 ","$2,350 ",50%,Online
,Sports Direct,1128299,4/13/21,Southeast,Georgia,Atlanta,Women's Athletic Footwear,$48.00 ,69,"$3,312 ","$1,822 ",55%,Online
,Sports Direct,1128299,4/13/21,Southeast,Georgia,Atlanta,Men's Apparel,$52.00 ,53,"$2,756 ","$1,323 ",48%,Online
,Sports Direct,1128299,4/13/21,Southeast,Georgia,Atlanta,Women's Apparel,$63.00 ,105,"$6,615 ","$2,646 ",40%,Online
,Sports Direct,1128299,5/14/21,Southeast,Georgia,Atlanta,Men's Street Footwear,$47.00 ,160,"$7,520 ","$4,061 ",54%,Online
,Sports Direct,1128299,5/14/21,Southeast,Georgia,Atlanta,Men's Athletic Footwear,$52.00 ,108,"$5,616 ","$2,920 ",52%,Online
,Sports Direct,1128299,5/14/21,Southeast,Georgia,Atlanta,Women's Street Footwear,$52.00 ,123,"$6,396 ","$3,198 ",50%,Online
,Sports Direct,1128299,5/14/21,Southeast,Georgia,Atlanta,Women's Athletic Footwear,$47.00 ,91,"$4,277 ","$2,310 ",54%,Online
,Sports Direct,1128299,5/14/21,Southeast,Georgia,Atlanta,Men's Apparel,$50.00 ,56,"$2,800 ","$1,344 ",48%,Online
,Sports Direct,1128299,5/14/21,Southeast,Georgia,Atlanta,Women's Apparel,$64.00 ,120,"$7,680 ","$3,072 ",40%,Online
,Sports Direct,1128299,6/13/21,Southeast,Georgia,Atlanta,Men's Street Footwear,$46.00 ,176,"$8,096 ","$4,291 ",53%,Online
,Sports Direct,1128299,6/13/21,Southeast,Georgia,Atlanta,Men's Athletic Footwear,$54.00 ,147,"$7,938 ","$4,048 ",51%,Online
,Sports Direct,1128299,6/13/21,Southeast,Georgia,Atlanta,Women's Street Footwear,$52.00 ,142,"$7,384 ","$3,544 ",48%,Online
,Sports Direct,1128299,6/13/21,Southeast,Georgia,Atlanta,Women's Athletic Footwear,$49.00 ,120,"$5,880 ","$2,999 ",51%,Online
,Sports Direct,1128299,6/13/21,Southeast,Georgia,Atlanta,Men's Apparel,$51.00 ,72,"$3,672 ","$1,763 ",48%,Online
,Sports Direct,1128299,6/13/21,Southeast,Georgia,Atlanta,Women's Apparel,$67.00 ,150,"$10,050 ","$3,518 ",35%,Online
,Sports Direct,1128299,7/12/21,Southeast,Georgia,Atlanta,Men's Street Footwear,$47.00 ,196,"$9,212 ","$4,606 ",50%,Online
,Sports Direct,1128299,7/12/21,Southeast,Georgia,Atlanta,Men's Athletic Footwear,$51.00 ,173,"$8,823 ","$4,500 ",51%,Online
,Sports Direct,1128299,7/12/21,Southeast,Georgia,Atlanta,Women's Street Footwear,$50.00 ,137,"$6,850 ","$3,425 ",50%,Online
,Sports Direct,1128299,7/12/21,Southeast,Georgia,Atlanta,Women's Athletic Footwear,$46.00 ,128,"$5,888 ","$3,003 ",51%,Online
,Sports Direct,1128299,7/12/21,Southeast,Georgia,Atlanta,Men's Apparel,$54.00 ,138,"$7,452 ","$3,577 ",48%,Online
,Sports Direct,1128299,7/12/21,Southeast,Georgia,Atlanta,Women's Apparel,$67.00 ,143,"$9,581 ","$3,641 ",38%,Online
,Sports Direct,1128299,8/13/21,Southeast,Georgia,Atlanta,Men's Street Footwear,$53.00 ,182,"$9,646 ","$4,919 ",51%,Online
,Sports Direct,1128299,8/13/21,Southeast,Georgia,Atlanta,Men's Athletic Footwear,$58.00 ,175,"$10,150 ","$5,278 ",52%,Online
,Sports Direct,1128299,8/13/21,Southeast,Georgia,Atlanta,Women's Street Footwear,$54.00 ,150,"$8,100 ","$3,726 ",46%,Online
,Sports Direct,1128299,8/13/21,Southeast,Georgia,Atlanta,Women's Athletic Footwear,$53.00 ,113,"$5,989 ","$3,114 ",52%,Online
,Sports Direct,1128299,8/13/21,Southeast,Georgia,Atlanta,Men's Apparel,$60.00 ,126,"$7,560 ","$3,629 ",48%,Online
,Sports Direct,1128299,8/13/21,Southeast,Georgia,Atlanta,Women's Apparel,$68.00 ,119,"$8,092 ","$2,832 ",35%,Online
,Sports Direct,1128299,9/14/21,Southeast,Georgia,Atlanta,Men's Street Footwear,$43.00 ,180,"$7,740 ","$4,180 ",54%,Online
,Sports Direct,1128299,9/14/21,Southeast,Georgia,Atlanta,Men's Athletic Footwear,$47.00 ,156,"$7,332 ","$4,033 ",55%,Online
,Sports Direct,1128299,9/14/21,Southeast,Georgia,Atlanta,Women's Street Footwear,$42.00 ,135,"$5,670 ","$2,665 ",47%,Online
,Sports Direct,1128299,9/14/21,Southeast,Georgia,Atlanta,Women's Athletic Footwear,$43.00 ,120,"$5,160 ","$2,786 ",54%,Online
,Sports Direct,1128299,9/14/21,Southeast,Georgia,Atlanta,Men's Apparel,$54.00 ,100,"$5,400 ","$2,592 ",48%,Online
,Sports Direct,1128299,9/14/21,Southeast,Georgia,Atlanta,Women's Apparel,$59.00 ,131,"$7,729 ","$3,092 ",40%,Online
,Sports Direct,1128299,10/13/21,Southeast,Georgia,Atlanta,Men's Street Footwear,$42.00 ,131,"$5,502 ","$2,806 ",51%,Online
,Sports Direct,1128299,10/13/21,Southeast,Georgia,Atlanta,Men's Athletic Footwear,$47.00 ,142,"$6,674 ","$3,470 ",52%,Online
,Sports Direct,1128299,10/13/21,Southeast,Georgia,Atlanta,Women's Street Footwear,$42.00 ,105,"$4,410 ","$2,073 ",47%,Online
,Sports Direct,1128299,10/13/21,Southeast,Georgia,Atlanta,Women's Athletic Footwear,$44.00 ,88,"$3,872 ","$1,936 ",50%,Online
,Sports Direct,1128299,10/13/21,Southeast,Georgia,Atlanta,Men's Apparel,$50.00 ,90,"$4,500 ","$2,070 ",46%,Online
,Sports Direct,1128299,10/13/21,Southeast,Georgia,Atlanta,Women's Apparel,$64.00 ,102,"$6,528 ","$2,546 ",39%,Online
,Sports Direct,1128299,11/13/21,Southeast,Georgia,Atlanta,Men's Street Footwear,$51.00 ,137,"$6,987 ","$3,563 ",51%,Online
,Sports Direct,1128299,11/13/21,Southeast,Georgia,Atlanta,Men's Athletic Footwear,$58.00 ,173,"$10,034 ","$5,418 ",54%,Online
,Sports Direct,1128299,11/13/21,Southeast,Georgia,Atlanta,Women's Street Footwear,$54.00 ,115,"$6,210 ","$2,919 ",47%,Online
,Sports Direct,1128299,11/13/21,Southeast,Georgia,Atlanta,Women's Athletic Footwear,$51.00 ,116,"$5,916 ","$3,076 ",52%,Online
,Sports Direct,1128299,11/13/21,Southeast,Georgia,Atlanta,Men's Apparel,$60.00 ,102,"$6,120 ","$2,876 ",47%,Online
,Sports Direct,1128299,11/13/21,Southeast,Georgia,Atlanta,Women's Apparel,$65.00 ,124,"$8,060 ","$2,821 ",35%,Online
,Sports Direct,1128299,12/12/21,Southeast,Georgia,Atlanta,Men's Street Footwear,$50.00 ,203,"$10,150 ","$5,583 ",55%,Online
,Sports Direct,1128299,12/12/21,Southeast,Georgia,Atlanta,Men's Athletic Footwear,$58.00 ,189,"$10,962 ","$5,810 ",53%,Online
,Foot Locker,1128299,12/12/21,Southeast,Georgia,Atlanta,Women's Street Footwear,$53.00 ,138,"$7,314 ","$3,657 ",50%,Online
,Foot Locker,1128299,12/12/21,Southeast,Georgia,Atlanta,Women's Athletic Footwear,$51.00 ,128,"$6,528 ","$3,264 ",50%,Online
,Foot Locker,1128299,12/12/21,Southeast,Georgia,Atlanta,Men's Apparel,$64.00 ,116,"$7,424 ","$3,712 ",50%,Online
,Foot Locker,1128299,12/12/21,Southeast,Georgia,Atlanta,Women's Apparel,$64.00 ,135,"$8,640 ","$3,024 ",35%,Online
,Foot Locker,1185732,1/9/21,Southeast,Georgia,Atlanta,Men's Street Footwear,$39.00 ,256,"$9,984 ","$5,791 ",58%,Online
,Foot Locker,1185732,1/9/21,Southeast,Georgia,Atlanta,Men's Athletic Footwear,$37.00 ,206,"$7,622 ","$3,430 ",45%,Online
,Foot Locker,1185732,1/9/21,Southeast,Georgia,Atlanta,Women's Street Footwear,$29.00 ,248,"$7,192 ","$2,805 ",39%,Online
,Foot Locker,1185732,1/9/21,Southeast,Georgia,Atlanta,Women's Athletic Footwear,$34.00 ,203,"$6,902 ","$3,037 ",44%,Online
,Foot Locker,1185732,1/9/21,Southeast,Georgia,Atlanta,Men's Apparel,$47.00 ,189,"$8,883 ","$4,175 ",47%,Online
,Foot Locker,1185732,1/9/21,Southeast,Georgia,Atlanta,Women's Apparel,$37.00 ,239,"$8,843 ","$5,306 ",60%,Online
,Foot Locker,1185732,2/7/21,Southeast,Georgia,Atlanta,Men's Street Footwear,$38.00 ,312,"$11,856 ","$6,995 ",59%,Online
,Foot Locker,1185732,2/7/21,Southeast,Georgia,Atlanta,Men's Athletic Footwear,$39.00 ,218,"$8,502 ","$3,911 ",46%,Online
,Foot Locker,1185732,2/7/21,Southeast,Georgia,Atlanta,Women's Street Footwear,$29.00 ,217,"$6,293 ","$2,328 ",37%,Online
,Foot Locker,1185732,2/7/21,Southeast,South Carolina,Charleston,Women's Athletic Footwear,$33.00 ,169,"$5,577 ","$2,510 ",45%,Online
,Foot Locker,1185732,2/7/21,Southeast,South Carolina,Charleston,Men's Apparel,$49.00 ,189,"$9,261 ","$4,353 ",47%,Online
,Foot Locker,1185732,2/7/21,Southeast,South Carolina,Charleston,Women's Apparel,$34.00 ,216,"$7,344 ","$4,774 ",65%,Online
,Foot Locker,1185732,3/5/21,Southeast,South Carolina,Charleston,Men's Street Footwear,$33.00 ,265,"$8,745 ","$5,072 ",58%,Online
,Foot Locker,1185732,3/5/21,Southeast,South Carolina,Charleston,Men's Athletic Footwear,$32.00 ,210,"$6,720 ","$3,293 ",49%,Online
,Foot Locker,1185732,3/5/21,Southeast,South Carolina,Charleston,Women's Street Footwear,$24.00 ,181,"$4,344 ","$1,651 ",38%,Online
,Foot Locker,1185732,3/5/21,Southeast,South Carolina,Charleston,Women's Athletic Footwear,$27.00 ,144,"$3,888 ","$1,633 ",42%,Online
,Foot Locker,1185732,3/5/21,Southeast,South Carolina,Charleston,Men's Apparel,$41.00 ,181,"$7,421 ","$3,562 ",48%,Online
,Foot Locker,1185732,3/5/21,Southeast,South Carolina,Charleston,Women's Apparel,$32.00 ,189,"$6,048 ","$3,810 ",63%,Online
,Foot Locker,1185732,4/6/21,Southeast,South Carolina,Charleston,Men's Street Footwear,$33.00 ,283,"$9,339 ","$5,323 ",57%,Online
,Foot Locker,1185732,4/6/21,Southeast,South Carolina,Charleston,Men's Athletic Footwear,$34.00 ,182,"$6,188 ","$2,846 ",46%,Online
,Foot Locker,1185732,4/6/21,Southeast,South Carolina,Charleston,Women's Street Footwear,$24.00 ,182,"$4,368 ","$1,660 ",38%,Online
,Foot Locker,1185732,4/6/21,Southeast,South Carolina,Charleston,Women's Athletic Footwear,$27.00 ,180,"$4,860 ","$2,090 ",43%,Online
,Foot Locker,1185732,4/6/21,Southeast,South Carolina,Charleston,Men's Apparel,$47.00 ,188,"$8,836 ","$4,418 ",50%,Online
,Foot Locker,1185732,4/6/21,Southeast,South Carolina,Charleston,Women's Apparel,$39.00 ,209,"$8,151 ","$5,135 ",63%,Online
,Foot Locker,1185732,5/5/21,Southeast,South Carolina,Charleston,Men's Street Footwear,$48.00 ,282,"$13,536 ","$7,445 ",55%,Online
,Foot Locker,1185732,5/5/21,Southeast,South Carolina,Charleston,Men's Athletic Footwear,$45.00 ,188,"$8,460 ","$3,807 ",45%,Online
,Foot Locker,1185732,5/5/21,Southeast,South Carolina,Charleston,Women's Street Footwear,$41.00 ,210,"$8,610 ","$3,186 ",37%,Online
,Foot Locker,1185732,5/5/21,Southeast,South Carolina,Charleston,Women's Athletic Footwear,$43.00 ,182,"$7,826 ","$3,287 ",42%,Online
,Foot Locker,1185732,5/5/21,Southeast,South Carolina,Charleston,Men's Apparel,$53.00 ,196,"$10,388 ","$5,194 ",50%,Online
,Foot Locker,1185732,5/5/21,Southeast,South Carolina,Charleston,Women's Apparel,$59.00 ,200,"$11,800 ","$7,080 ",60%,Online
,Foot Locker,1185732,6/7/21,Southeast,South Carolina,Charleston,Men's Street Footwear,$51.00 ,273,"$13,923 ","$7,797 ",56%,Online
,Foot Locker,1185732,6/7/21,Southeast,South Carolina,Charleston,Men's Athletic Footwear,$49.00 ,200,"$9,800 ","$4,410 ",45%,Online
,Foot Locker,1185732,6/7/21,Southeast,South Carolina,Charleston,Women's Street Footwear,$47.00 ,209,"$9,823 ","$3,536 ",36%,Online
,Foot Locker,1185732,6/7/21,Southeast,South Carolina,Charleston,Women's Athletic Footwear,$47.00 ,218,"$10,246 ","$4,611 ",45%,Online
,Foot Locker,1185732,6/7/21,Southeast,South Carolina,Charleston,Men's Apparel,$62.00 ,195,"$12,090 ","$5,441 ",45%,Online
,Foot Locker,1185732,6/7/21,Southeast,South Carolina,Charleston,Women's Apparel,$65.00 ,250,"$16,250 ","$10,400 ",64%,Online
,Foot Locker,1185732,7/5/21,Southeast,South Carolina,Charleston,Men's Street Footwear,$63.00 ,311,"$19,593 ","$11,560 ",59%,Online
,Foot Locker,1185732,7/5/21,Southeast,South Carolina,Charleston,Men's Athletic Footwear,$58.00 ,270,"$15,660 ","$7,673 ",49%,Online
,Foot Locker,1185732,7/5/21,Southeast,South Carolina,Charleston,Women's Street Footwear,$51.00 ,248,"$12,648 ","$4,553 ",36%,Online
,Foot Locker,1185732,7/5/21,Southeast,South Carolina,Charleston,Women's Athletic Footwear,$52.00 ,202,"$10,504 ","$4,412 ",42%,Online
,Foot Locker,1185732,7/5/21,Southeast,South Carolina,Charleston,Men's Apparel,$64.00 ,240,"$15,360 ","$6,912 ",45%,Online
,Foot Locker,1185732,7/5/21,Southeast,South Carolina,Charleston,Women's Apparel,$66.00 ,244,"$16,104 ","$10,468 ",65%,Online
,Foot Locker,1185732,8/6/21,Southeast,South Carolina,Charleston,Men's Street Footwear,$62.00 ,326,"$20,212 ","$11,521 ",57%,Online
,Foot Locker,1185732,8/6/21,Southeast,South Carolina,Charleston,Men's Athletic Footwear,$54.00 ,243,"$13,122 ","$6,430 ",49%,Online
,Foot Locker,1185732,8/6/21,Southeast,South Carolina,Charleston,Women's Street Footwear,$50.00 ,231,"$11,550 ","$4,620 ",40%,Online
,Foot Locker,1185732,8/6/21,Southeast,South Carolina,Charleston,Women's Athletic Footwear,$44.00 ,233,"$10,252 ","$4,203 ",41%,Online
,Foot Locker,1185732,8/6/21,Southeast,South Carolina,Charleston,Men's Apparel,$51.00 ,225,"$11,475 ","$5,279 ",46%,Online
,Foot Locker,1185732,8/6/21,Southeast,South Carolina,Charleston,Women's Apparel,$58.00 ,278,"$16,124 ","$9,836 ",61%,Online
,Foot Locker,1185732,9/5/21,Southeast,South Carolina,Charleston,Men's Street Footwear,$51.00 ,287,"$14,637 ","$8,489 ",58%,Online
,Foot Locker,1185732,9/5/21,Southeast,South Carolina,Charleston,Men's Athletic Footwear,$48.00 ,223,"$10,704 ","$5,138 ",48%,Online
,Foot Locker,1185732,9/5/21,Southeast,South Carolina,Charleston,Women's Street Footwear,$38.00 ,196,"$7,448 ","$2,905 ",39%,Online
,Foot Locker,1185732,9/5/21,Southeast,South Carolina,Charleston,Women's Athletic Footwear,$39.00 ,210,"$8,190 ","$3,276 ",40%,Online
,Foot Locker,1185732,9/5/21,Southeast,South Carolina,Charleston,Men's Apparel,$48.00 ,175,"$8,400 ","$3,864 ",46%,Online
,Foot Locker,1185732,9/5/21,Southeast,South Carolina,Charleston,Women's Apparel,$52.00 ,232,"$12,064 ","$7,238 ",60%,Online
,Foot Locker,1185732,10/7/21,Southeast,South Carolina,Charleston,Men's Street Footwear,$50.00 ,244,"$12,200 ","$7,320 ",60%,Online
,Foot Locker,1185732,10/7/21,Southeast,South Carolina,Charleston,Men's Athletic Footwear,$42.00 ,208,"$8,736 ","$4,368 ",50%,Online
,Foot Locker,1185732,10/7/21,Southeast,South Carolina,Charleston,Women's Street Footwear,$41.00 ,176,"$7,216 ","$2,814 ",39%,Online
,Foot Locker,1185732,10/7/21,Southeast,South Carolina,Charleston,Women's Athletic Footwear,$41.00 ,176,"$7,216 ","$2,886 ",40%,Online
,Foot Locker,1185732,10/7/21,Southeast,South Carolina,Charleston,Men's Apparel,$52.00 ,189,"$9,828 ","$4,717 ",48%,Online
,Foot Locker,1185732,10/7/21,Southeast,South Carolina,Charleston,Women's Apparel,$56.00 ,225,"$12,600 ","$8,190 ",65%,Online
,Foot Locker,1185732,11/6/21,Southeast,South Carolina,Charleston,Men's Street Footwear,$50.00 ,278,"$13,900 ","$7,923 ",57%,Online
,Foot Locker,1185732,11/6/21,Southeast,South Carolina,Charleston,Men's Athletic Footwear,$44.00 ,188,"$8,272 ","$3,722 ",45%,Online
,Foot Locker,1185732,11/6/21,Southeast,South Carolina,Charleston,Women's Street Footwear,$43.00 ,202,"$8,686 ","$3,040 ",35%,Online
,Foot Locker,1185732,11/6/21,Southeast,South Carolina,Charleston,Women's Athletic Footwear,$53.00 ,225,"$11,925 ","$5,009 ",42%,Online
,Foot Locker,1185732,11/6/21,Southeast,South Carolina,Charleston,Men's Apparel,$66.00 ,196,"$12,936 ","$6,080 ",47%,Online
,Foot Locker,1185732,11/6/21,Southeast,South Carolina,Charleston,Women's Apparel,$74.00 ,206,"$15,244 ","$9,604 ",63%,Online
,Foot Locker,1185732,12/5/21,Southeast,South Carolina,Charleston,Men's Street Footwear,$67.00 ,290,"$19,430 ","$11,658 ",60%,Online
,Foot Locker,1185732,12/5/21,Southeast,South Carolina,Charleston,Men's Athletic Footwear,$58.00 ,219,"$12,702 ","$5,716 ",45%,Online
,Sports Direct,1185732,12/5/21,Southeast,South Carolina,Charleston,Women's Street Footwear,$56.00 ,215,"$12,040 ","$4,214 ",35%,Online
,Sports Direct,1185732,12/5/21,Southeast,South Carolina,Charleston,Women's Athletic Footwear,$59.00 ,194,"$11,446 ","$5,151 ",45%,Online
,Sports Direct,1185732,12/5/21,Southeast,South Carolina,Charleston,Men's Apparel,$66.00 ,225,"$14,850 ","$6,683 ",45%,Online
,Sports Direct,1185732,12/5/21,Southeast,South Carolina,Charleston,Women's Apparel,$68.00 ,228,"$15,504 ","$9,302 ",60%,Online
,Sports Direct,1185732,1/6/21,Southeast,South Carolina,Charleston,Men's Street Footwear,$33.00 ,231,"$7,623 ","$3,812 ",50%,Online
,Sports Direct,1185732,1/6/21,Southeast,South Carolina,Charleston,Men's Athletic Footwear,$34.00 ,181,"$6,154 ","$3,077 ",50%,Online
,Sports Direct,1185732,1/6/21,Southeast,South Carolina,Charleston,Women's Street Footwear,$24.00 ,189,"$4,536 ","$2,449 ",54%,Online
,Sports Direct,1185732,1/6/21,Southeast,South Carolina,Charleston,Women's Athletic Footwear,$29.00 ,173,"$5,017 ","$2,759 ",55%,Online
,Sports Direct,1185732,1/6/21,Southeast,South Carolina,Charleston,Men's Apparel,$42.00 ,156,"$6,552 ","$3,014 ",46%,Online
,Sports Direct,1185732,1/6/21,Southeast,South Carolina,Charleston,Women's Apparel,$34.00 ,196,"$6,664 ","$4,265 ",64%,Online
,Sports Direct,1185732,2/4/21,Southeast,South Carolina,Charleston,Men's Street Footwear,$34.00 ,263,"$8,942 ","$4,471 ",50%,Online
,Sports Direct,1185732,2/4/21,Southeast,South Carolina,Charleston,Men's Athletic Footwear,$34.00 ,188,"$6,392 ","$3,068 ",48%,Online
,Sports Direct,1185732,2/4/21,Southeast,South Carolina,Charleston,Women's Street Footwear,$23.00 ,169,"$3,887 ","$2,138 ",55%,Online
,Sports Direct,1185732,2/4/21,Southeast,North Carolina,Charlotte,Women's Athletic Footwear,$29.00 ,142,"$4,118 ","$2,059 ",50%,Online
,Sports Direct,1185732,2/4/21,Southeast,North Carolina,Charlotte,Men's Apparel,$44.00 ,180,"$7,920 ","$3,960 ",50%,Online
,Sports Direct,1185732,2/4/21,Southeast,North Carolina,Charlotte,Women's Apparel,$29.00 ,203,"$5,887 ","$3,532 ",60%,Online
,Sports Direct,1185732,3/2/21,Southeast,North Carolina,Charlotte,Men's Street Footwear,$28.00 ,276,"$7,728 ","$4,173 ",54%,Online
,Sports Direct,1185732,3/2/21,Southeast,North Carolina,Charlotte,Men's Athletic Footwear,$29.00 ,150,"$4,350 ","$1,958 ",45%,Online
,Sports Direct,1185732,3/2/21,Southeast,North Carolina,Charlotte,Women's Street Footwear,$19.00 ,181,"$3,439 ","$1,788 ",52%,Online
,Sports Direct,1185732,3/2/21,Southeast,North Carolina,Charlotte,Women's Athletic Footwear,$25.00 ,124,"$3,100 ","$1,674 ",54%,Online
,Sports Direct,1185732,3/2/21,Southeast,North Carolina,Charlotte,Men's Apparel,$37.00 ,158,"$5,846 ","$2,631 ",45%,Online
,Sports Direct,1185732,3/2/21,Southeast,North Carolina,Charlotte,Women's Apparel,$27.00 ,169,"$4,563 ","$2,829 ",62%,Online
,Sports Direct,1185732,4/3/21,Southeast,North Carolina,Charlotte,Men's Street Footwear,$27.00 ,263,"$7,101 ","$3,835 ",54%,Online
,Sports Direct,1185732,4/3/21,Southeast,North Carolina,Charlotte,Men's Athletic Footwear,$28.00 ,155,"$4,340 ","$2,040 ",47%,Online
,Sports Direct,1185732,4/3/21,Southeast,North Carolina,Charlotte,Women's Street Footwear,$20.00 ,144,"$2,880 ","$1,584 ",55%,Online
,Sports Direct,1185732,4/3/21,Southeast,North Carolina,Charlotte,Women's Athletic Footwear,$24.00 ,140,"$3,360 ","$1,814 ",54%,Online
,Sports Direct,1185732,4/3/21,Southeast,North Carolina,Charlotte,Men's Apparel,$42.00 ,131,"$5,502 ","$2,751 ",50%,Online
,Sports Direct,1185732,4/3/21,Southeast,North Carolina,Charlotte,Women's Apparel,$32.00 ,189,"$6,048 ","$3,689 ",61%,Online
,Sports Direct,1185732,5/2/21,Southeast,North Carolina,Charlotte,Men's Street Footwear,$41.00 ,246,"$10,086 ","$5,547 ",55%,Online
,Sports Direct,1185732,5/2/21,Southeast,North Carolina,Charlotte,Men's Athletic Footwear,$42.00 ,182,"$7,644 ","$3,516 ",46%,Online
,Sports Direct,1185732,5/2/21,Southeast,North Carolina,Charlotte,Women's Street Footwear,$37.00 ,169,"$6,253 ","$3,314 ",53%,Online
,Sports Direct,1185732,5/2/21,Southeast,North Carolina,Charlotte,Women's Athletic Footwear,$38.00 ,150,"$5,700 ","$3,078 ",54%,Online
,Sports Direct,1185732,5/2/21,Southeast,North Carolina,Charlotte,Men's Apparel,$46.00 ,150,"$6,900 ","$3,381 ",49%,Online
,Sports Direct,1185732,5/2/21,Southeast,North Carolina,Charlotte,Women's Apparel,$51.00 ,203,"$10,353 ","$6,419 ",62%,Online
,Sports Direct,1185732,6/4/21,Southeast,North Carolina,Charlotte,Men's Street Footwear,$46.00 ,238,"$10,948 ","$6,021 ",55%,Online
,Sports Direct,1185732,6/4/21,Southeast,North Carolina,Charlotte,Men's Athletic Footwear,$42.00 ,182,"$7,644 ","$3,593 ",47%,Online
,Sports Direct,1185732,6/4/21,Southeast,North Carolina,Charlotte,Women's Street Footwear,$47.00 ,169,"$7,943 ","$4,289 ",54%,Online
,Sports Direct,1185732,6/4/21,Southeast,North Carolina,Charlotte,Women's Athletic Footwear,$49.00 ,169,"$8,281 ","$4,223 ",51%,Online
,Sports Direct,1185732,6/4/21,Southeast,North Carolina,Charlotte,Men's Apparel,$61.00 ,163,"$9,943 ","$4,872 ",49%,Online
,Sports Direct,1185732,6/4/21,Southeast,North Carolina,Charlotte,Women's Apparel,$67.00 ,231,"$15,477 ","$9,286 ",60%,Online
,Sports Direct,1185732,7/2/21,Southeast,North Carolina,Charlotte,Men's Street Footwear,$60.00 ,294,"$17,640 ","$8,820 ",50%,Online
,Sports Direct,1185732,7/2/21,Southeast,North Carolina,Charlotte,Men's Athletic Footwear,$58.00 ,224,"$12,992 ","$6,496 ",50%,Online
,Sports Direct,1185732,7/2/21,Southeast,North Carolina,Charlotte,Women's Street Footwear,$53.00 ,196,"$10,388 ","$5,713 ",55%,Online
,Sports Direct,1185732,7/2/21,Southeast,North Carolina,Charlotte,Women's Athletic Footwear,$52.00 ,203,"$10,556 ","$5,384 ",51%,Online
,Sports Direct,1185732,7/2/21,Southeast,North Carolina,Charlotte,Men's Apparel,$59.00 ,182,"$10,738 ","$5,262 ",49%,Online
,Sports Direct,1185732,7/2/21,Southeast,North Carolina,Charlotte,Women's Apparel,$64.00 ,263,"$16,832 ","$10,604 ",63%,Online
,Sports Direct,1185732,8/3/21,Southeast,North Carolina,Charlotte,Men's Street Footwear,$61.00 ,308,"$18,788 ","$9,958 ",53%,Online
,Sports Direct,1185732,8/3/21,Southeast,North Carolina,Charlotte,Men's Athletic Footwear,$58.00 ,200,"$11,600 ","$5,220 ",45%,Online
,Sports Direct,1185732,8/3/21,Southeast,North Carolina,Charlotte,Women's Street Footwear,$54.00 ,210,"$11,340 ","$6,010 ",53%,Online
,Sports Direct,1185732,8/3/21,Southeast,North Carolina,Charlotte,Women's Athletic Footwear,$44.00 ,182,"$8,008 ","$4,244 ",53%,Online
,Sports Direct,1185732,8/3/21,Southeast,North Carolina,Charlotte,Men's Apparel,$53.00 ,176,"$9,328 ","$4,477 ",48%,Online
,Sports Direct,1185732,8/3/21,Southeast,North Carolina,Charlotte,Women's Apparel,$54.00 ,231,"$12,474 ","$7,983 ",64%,Online
,Sports Direct,1185732,9/2/21,Southeast,North Carolina,Charlotte,Men's Street Footwear,$53.00 ,250,"$13,250 ","$6,890 ",52%,Online
,Sports Direct,1185732,9/2/21,Southeast,North Carolina,Charlotte,Men's Athletic Footwear,$49.00 ,181,"$8,869 ","$4,435 ",50%,Online
,Sports Direct,1185732,9/2/21,Southeast,North Carolina,Charlotte,Women's Street Footwear,$28.00 ,175,"$4,900 ","$2,499 ",51%,Online
,Sports Direct,1185732,9/2/21,Southeast,North Carolina,Charlotte,Women's Athletic Footwear,$28.00 ,150,"$4,200 ","$2,100 ",50%,Online
,Sports Direct,1185732,9/2/21,Southeast,North Carolina,Charlotte,Men's Apparel,$38.00 ,156,"$5,928 ","$2,727 ",46%,Online
,Sports Direct,1185732,9/2/21,Southeast,North Carolina,Charlotte,Women's Apparel,$41.00 ,203,"$8,323 ","$5,077 ",61%,Online
,Sports Direct,1185732,10/4/21,Southeast,North Carolina,Charlotte,Men's Street Footwear,$42.00 ,245,"$10,290 ","$5,557 ",54%,Online
,Sports Direct,1185732,10/4/21,Southeast,North Carolina,Charlotte,Men's Athletic Footwear,$33.00 ,196,"$6,468 ","$2,975 ",46%,Online
,Sports Direct,1185732,10/4/21,Southeast,North Carolina,Charlotte,Women's Street Footwear,$34.00 ,150,"$5,100 ","$2,601 ",51%,Online
,Sports Direct,1185732,10/4/21,Southeast,North Carolina,Charlotte,Women's Athletic Footwear,$34.00 ,160,"$5,440 ","$2,938 ",54%,Online
,Sports Direct,1185732,10/4/21,Southeast,North Carolina,Charlotte,Men's Apparel,$42.00 ,149,"$6,258 ","$2,941 ",47%,Online
,Sports Direct,1185732,10/4/21,Southeast,North Carolina,Charlotte,Women's Apparel,$48.00 ,176,"$8,448 ","$5,322 ",63%,Online
,Sports Direct,1185732,11/3/21,Southeast,North Carolina,Charlotte,Men's Street Footwear,$44.00 ,215,"$9,460 ","$5,203 ",55%,Online
,Sports Direct,1185732,11/3/21,Southeast,North Carolina,Charlotte,Men's Athletic Footwear,$32.00 ,195,"$6,240 ","$2,933 ",47%,Online
,Sports Direct,1185732,11/3/21,Southeast,North Carolina,Charlotte,Women's Street Footwear,$38.00 ,167,"$6,346 ","$3,427 ",54%,Online
,Sports Direct,1185732,11/3/21,Southeast,North Carolina,Charlotte,Women's Athletic Footwear,$55.00 ,163,"$8,965 ","$4,572 ",51%,Online
,Sports Direct,1185732,11/3/21,Southeast,North Carolina,Charlotte,Men's Apparel,$72.00 ,163,"$11,736 ","$5,751 ",49%,Online
,Sports Direct,1185732,11/3/21,Southeast,North Carolina,Charlotte,Women's Apparel,$72.00 ,210,"$15,120 ","$9,677 ",64%,Online
,Sports Direct,1185732,12/2/21,Southeast,North Carolina,Charlotte,Men's Street Footwear,$64.00 ,244,"$15,616 ","$7,964 ",51%,Online
,Sports Direct,1185732,12/2/21,Southeast,North Carolina,Charlotte,Men's Athletic Footwear,$55.00 ,202,"$11,110 ","$5,000 ",45%,Online
,Amazon,1185732,12/2/21,Southeast,North Carolina,Charlotte,Women's Street Footwear,$55.00 ,218,"$11,990 ","$6,115 ",51%,Online
,Amazon,1185732,12/2/21,Southeast,North Carolina,Charlotte,Women's Athletic Footwear,$55.00 ,196,"$10,780 ","$5,821 ",54%,Online
,Amazon,1185732,12/2/21,Southeast,North Carolina,Charlotte,Men's Apparel,$65.00 ,169,"$10,985 ","$5,383 ",49%,Online
,Amazon,1185732,12/2/21,Southeast,North Carolina,Charlotte,Women's Apparel,$69.00 ,225,"$15,525 ","$10,091 ",65%,Online
,Amazon,1185732,1/13/21,Southeast,North Carolina,Charlotte,Men's Street Footwear,$32.00 ,194,"$6,208 ","$3,228 ",52%,Online
,Amazon,1185732,1/13/21,Southeast,North Carolina,Charlotte,Men's Athletic Footwear,$33.00 ,150,"$4,950 ","$2,475 ",50%,Online
,Amazon,1185732,1/13/21,Southeast,North Carolina,Charlotte,Women's Street Footwear,$24.00 ,167,"$4,008 ","$2,164 ",54%,Online
,Amazon,1185732,1/13/21,Southeast,North Carolina,Charlotte,Women's Athletic Footwear,$29.00 ,123,"$3,567 ","$1,855 ",52%,Online
,Amazon,1185732,1/13/21,Southeast,North Carolina,Charlotte,Men's Apparel,$44.00 ,128,"$5,632 ","$2,816 ",50%,Online
,Amazon,1185732,1/13/21,Southeast,North Carolina,Charlotte,Women's Apparel,$32.00 ,173,"$5,536 ","$3,598 ",65%,Online
,Amazon,1185732,2/11/21,Southeast,North Carolina,Charlotte,Men's Street Footwear,$32.00 ,231,"$7,392 ","$3,696 ",50%,Online
,Amazon,1185732,2/11/21,Southeast,North Carolina,Charlotte,Men's Athletic Footwear,$33.00 ,143,"$4,719 ","$2,360 ",50%,Online
,Amazon,1185732,2/11/21,Southeast,North Carolina,Charlotte,Women's Street Footwear,$23.00 ,158,"$3,634 ","$1,817 ",50%,Online
,Amazon,1185732,2/11/21,Midwest,Ohio,Columbus,Women's Athletic Footwear,$29.00 ,101,"$2,929 ","$1,465 ",50%,Online
,Amazon,1185732,2/11/21,Midwest,Ohio,Columbus,Men's Apparel,$41.00 ,122,"$5,002 ","$2,301 ",46%,Online
,Amazon,1185732,2/11/21,Midwest,Ohio,Columbus,Women's Apparel,$29.00 ,143,"$4,147 ","$2,530 ",61%,Online
,Amazon,1185732,3/9/21,Midwest,Ohio,Columbus,Men's Street Footwear,$27.00 ,231,"$6,237 ","$3,243 ",52%,Online
,Amazon,1185732,3/9/21,Midwest,Ohio,Columbus,Men's Athletic Footwear,$27.00 ,126,"$3,402 ","$1,531 ",45%,Online
,Amazon,1185732,3/9/21,Midwest,Ohio,Columbus,Women's Street Footwear,$20.00 ,124,"$2,480 ","$1,314 ",53%,Online
,Amazon,1185732,3/9/21,Midwest,Ohio,Columbus,Women's Athletic Footwear,$24.00 ,98,"$2,352 ","$1,223 ",52%,Online
,Amazon,1185732,3/9/21,Midwest,Ohio,Columbus,Men's Apparel,$37.00 ,113,"$4,181 ","$2,049 ",49%,Online
,Amazon,1185732,3/9/21,Midwest,Ohio,Columbus,Women's Apparel,$28.00 ,128,"$3,584 ","$2,186 ",61%,Online
,Amazon,1185732,4/10/21,Midwest,Ohio,Columbus,Men's Street Footwear,$28.00 ,218,"$6,104 ","$3,357 ",55%,Online
,Amazon,1185732,4/10/21,Midwest,Ohio,Columbus,Men's Athletic Footwear,$28.00 ,111,"$3,108 ","$1,523 ",49%,Online
,Amazon,1185732,4/10/21,Midwest,Ohio,Columbus,Women's Street Footwear,$19.00 ,106,"$2,014 ","$1,067 ",53%,Online
,Amazon,1185732,4/10/21,Midwest,Ohio,Columbus,Women's Athletic Footwear,$24.00 ,102,"$2,448 ","$1,224 ",50%,Online
,Amazon,1185732,4/10/21,Midwest,Ohio,Columbus,Men's Apparel,$42.00 ,101,"$4,242 ","$1,994 ",47%,Online
,Amazon,1185732,4/10/21,Midwest,Ohio,Columbus,Women's Apparel,$34.00 ,137,"$4,658 ","$3,028 ",65%,Online
,Amazon,1185732,5/9/21,Midwest,Ohio,Columbus,Men's Street Footwear,$42.00 ,207,"$8,694 ","$4,347 ",50%,Online
,Amazon,1185732,5/9/21,Midwest,Ohio,Columbus,Men's Athletic Footwear,$44.00 ,135,"$5,940 ","$2,911 ",49%,Online
,Amazon,1185732,5/9/21,Midwest,Ohio,Columbus,Women's Street Footwear,$39.00 ,143,"$5,577 ","$2,844 ",51%,Online
,Amazon,1185732,5/9/21,Midwest,Ohio,Columbus,Women's Athletic Footwear,$38.00 ,123,"$4,674 ","$2,571 ",55%,Online
,Amazon,1185732,5/9/21,Midwest,Ohio,Columbus,Men's Apparel,$49.00 ,126,"$6,174 ","$2,840 ",46%,Online
,Amazon,1185732,5/9/21,Midwest,Ohio,Columbus,Women's Apparel,$53.00 ,143,"$7,579 ","$4,851 ",64%,Online
,Amazon,1185732,6/11/21,Midwest,Ohio,Columbus,Men's Street Footwear,$49.00 ,232,"$11,368 ","$6,025 ",53%,Online
,Amazon,1185732,6/11/21,Midwest,Ohio,Columbus,Men's Athletic Footwear,$41.00 ,138,"$5,658 ","$2,603 ",46%,Online
,Amazon,1185732,6/11/21,Midwest,Ohio,Columbus,Women's Street Footwear,$49.00 ,142,"$6,958 ","$3,757 ",54%,Online
,Amazon,1185732,6/11/21,Midwest,Ohio,Columbus,Women's Athletic Footwear,$49.00 ,140,"$6,860 ","$3,499 ",51%,Online
,Amazon,1185732,6/11/21,Midwest,Ohio,Columbus,Men's Apparel,$62.00 ,150,"$9,300 ","$4,371 ",47%,Online
,Amazon,1185732,6/11/21,Midwest,Ohio,Columbus,Women's Apparel,$64.00 ,196,"$12,544 ","$7,777 ",62%,Online
,Amazon,1185732,7/9/21,Midwest,Ohio,Columbus,Men's Street Footwear,$63.00 ,252,"$15,876 ","$8,256 ",52%,Online
,Amazon,1185732,7/9/21,Midwest,Ohio,Columbus,Men's Athletic Footwear,$56.00 ,195,"$10,920 ","$5,132 ",47%,Online
,Amazon,1185732,7/9/21,Midwest,Ohio,Columbus,Women's Street Footwear,$51.00 ,173,"$8,823 ","$4,500 ",51%,Online
,Amazon,1185732,7/9/21,Midwest,Ohio,Columbus,Women's Athletic Footwear,$53.00 ,152,"$8,056 ","$4,350 ",54%,Online
,Amazon,1185732,7/9/21,Midwest,Ohio,Columbus,Men's Apparel,$59.00 ,154,"$9,086 ","$4,180 ",46%,Online
,Amazon,1185732,7/9/21,Midwest,Ohio,Columbus,Women's Apparel,$69.00 ,181,"$12,489 ","$7,868 ",63%,Online
,Amazon,1185732,8/10/21,Midwest,Ohio,Columbus,Men's Street Footwear,$61.00 ,228,"$13,908 ","$6,954 ",50%,Online
,Amazon,1185732,8/10/21,Midwest,Ohio,Columbus,Men's Athletic Footwear,$58.00 ,195,"$11,310 ","$5,203 ",46%,Online
,Amazon,1185732,8/10/21,Midwest,Ohio,Columbus,Women's Street Footwear,$53.00 ,150,"$7,950 ","$4,055 ",51%,Online
,Amazon,1185732,8/10/21,Midwest,Ohio,Columbus,Women's Athletic Footwear,$41.00 ,158,"$6,478 ","$3,304 ",51%,Online
,Amazon,1185732,8/10/21,Midwest,Ohio,Columbus,Men's Apparel,$50.00 ,135,"$6,750 ","$3,308 ",49%,Online
,Amazon,1185732,8/10/21,Midwest,Ohio,Columbus,Women's Apparel,$54.00 ,169,"$9,126 ","$5,567 ",61%,Online
,Amazon,1185732,9/9/21,Midwest,Ohio,Columbus,Men's Street Footwear,$50.00 ,225,"$11,250 ","$6,075 ",54%,Online
,Amazon,1185732,9/9/21,Midwest,Ohio,Columbus,Men's Athletic Footwear,$47.00 ,173,"$8,131 ","$3,822 ",47%,Online
,Amazon,1185732,9/9/21,Midwest,Ohio,Columbus,Women's Street Footwear,$23.00 ,138,"$3,174 ","$1,746 ",55%,Online
,Amazon,1185732,9/9/21,Midwest,Ohio,Columbus,Women's Athletic Footwear,$24.00 ,113,"$2,712 ","$1,383 ",51%,Online
,Amazon,1185732,9/9/21,Midwest,Ohio,Columbus,Men's Apparel,$32.00 ,122,"$3,904 ","$1,874 ",48%,Online
,Amazon,1185732,9/9/21,Midwest,Ohio,Columbus,Women's Apparel,$37.00 ,138,"$5,106 ","$3,166 ",62%,Online
,Amazon,1185732,10/11/21,Midwest,Ohio,Columbus,Men's Street Footwear,$36.00 ,210,"$7,560 ","$3,931 ",52%,Online
,Amazon,1185732,10/11/21,Midwest,Ohio,Columbus,Men's Athletic Footwear,$29.00 ,138,"$4,002 ","$1,881 ",47%,Online
,Amazon,1185732,10/11/21,Midwest,Ohio,Columbus,Women's Street Footwear,$27.00 ,106,"$2,862 ","$1,517 ",53%,Online
,Amazon,1185732,10/11/21,Midwest,Ohio,Columbus,Women's Athletic Footwear,$29.00 ,112,"$3,248 ","$1,656 ",51%,Online
,Amazon,1185732,10/11/21,Midwest,Ohio,Columbus,Men's Apparel,$37.00 ,116,"$4,292 ","$1,974 ",46%,Online
,Amazon,1185732,10/11/21,Midwest,Ohio,Columbus,Women's Apparel,$38.00 ,147,"$5,586 ","$3,519 ",63%,Online
,Amazon,1185732,11/10/21,Midwest,Ohio,Columbus,Men's Street Footwear,$34.00 ,169,"$5,746 ","$2,988 ",52%,Online
,Amazon,1185732,11/10/21,Midwest,Ohio,Columbus,Men's Athletic Footwear,$24.00 ,140,"$3,360 ","$1,512 ",45%,Online
,Amazon,1185732,11/10/21,Midwest,Ohio,Columbus,Women's Street Footwear,$32.00 ,116,"$3,712 ","$1,856 ",50%,Online
,Amazon,1185732,11/10/21,Midwest,Ohio,Columbus,Women's Athletic Footwear,$59.00 ,135,"$7,965 ","$3,983 ",50%,Online
,Amazon,1185732,11/10/21,Midwest,Ohio,Columbus,Men's Apparel,$76.00 ,138,"$10,488 ","$5,139 ",49%,Online
,Amazon,1185732,11/10/21,Midwest,Ohio,Columbus,Women's Apparel,$74.00 ,167,"$12,358 ","$7,909 ",64%,Online
,Amazon,1185732,12/9/21,Midwest,Ohio,Columbus,Men's Street Footwear,$70.00 ,231,"$16,170 ","$8,085 ",50%,Online
,Amazon,1185732,12/9/21,Midwest,Ohio,Columbus,Men's Athletic Footwear,$60.00 ,181,"$10,860 ","$5,104 ",47%,Online
,West Gear,1185732,12/9/21,Midwest,Ohio,Columbus,Women's Street Footwear,$59.00 ,161,"$9,499 ","$4,939 ",52%,Online
,West Gear,1185732,12/9/21,Midwest,Ohio,Columbus,Women's Athletic Footwear,$63.00 ,147,"$9,261 ","$4,631 ",50%,Online
,West Gear,1185732,12/9/21,Midwest,Ohio,Columbus,Men's Apparel,$68.00 ,142,"$9,656 ","$4,731 ",49%,Online
,West Gear,1185732,12/9/21,Midwest,Ohio,Columbus,Women's Apparel,$74.00 ,156,"$11,544 ","$6,926 ",60%,Online
,Amazon,1185732,1/22/21,Midwest,Ohio,Columbus,Men's Street Footwear,$37.00 ,135,"$4,995 ","$2,697 ",54%,Online
,Amazon,1185732,1/22/21,Midwest,Ohio,Columbus,Men's Athletic Footwear,$38.00 ,78,"$2,964 ","$1,393 ",47%,Online
,Amazon,1185732,1/22/21,Midwest,Ohio,Columbus,Women's Street Footwear,$28.00 ,75,"$2,100 ","$1,092 ",52%,Online
,Amazon,1185732,1/22/21,Midwest,Ohio,Columbus,Women's Athletic Footwear,$34.00 ,42,"$1,428 ",$714 ,50%,Online
,Amazon,1185732,1/22/21,Midwest,Ohio,Columbus,Men's Apparel,$46.00 ,52,"$2,392 ","$1,124 ",47%,Online
,Amazon,1185732,1/22/21,Midwest,Ohio,Columbus,Women's Apparel,$37.00 ,81,"$2,997 ","$1,618 ",54%,Online
,Amazon,1185732,2/22/21,Midwest,Ohio,Columbus,Men's Street Footwear,$38.00 ,138,"$5,244 ","$2,779 ",53%,Online
,Amazon,1185732,2/22/21,Midwest,Ohio,Columbus,Men's Athletic Footwear,$38.00 ,58,"$2,204 ","$1,014 ",46%,Online
,Amazon,1185732,2/22/21,Midwest,Ohio,Columbus,Women's Street Footwear,$29.00 ,63,"$1,827 ",$968 ,53%,Online
,Amazon,1185732,2/22/21,Southeast,Kentucky,Louisville,Women's Athletic Footwear,$34.00 ,34,"$1,156 ",$624 ,54%,Online
,Amazon,1185732,2/22/21,Southeast,Kentucky,Louisville,Men's Apparel,$48.00 ,54,"$2,592 ","$1,218 ",47%,Online
,Amazon,1185732,2/22/21,Southeast,Kentucky,Louisville,Women's Apparel,$39.00 ,78,"$3,042 ","$1,551 ",51%,Online
,Amazon,1185732,3/21/21,Southeast,Kentucky,Louisville,Men's Street Footwear,$41.00 ,156,"$6,396 ","$3,262 ",51%,Online
,Amazon,1185732,3/21/21,Southeast,Kentucky,Louisville,Men's Athletic Footwear,$41.00 ,59,"$2,419 ","$1,185 ",49%,Online
,Amazon,1185732,3/21/21,Southeast,Kentucky,Louisville,Women's Street Footwear,$34.00 ,73,"$2,482 ","$1,241 ",50%,Online
,Amazon,1185732,3/21/21,Southeast,Kentucky,Louisville,Women's Athletic Footwear,$36.00 ,27,$972 ,$505 ,52%,Online
,Amazon,1185732,3/21/21,Southeast,Kentucky,Louisville,Men's Apparel,$52.00 ,44,"$2,288 ","$1,052 ",46%,Online
,Amazon,1185732,3/21/21,Southeast,Kentucky,Louisville,Women's Apparel,$42.00 ,65,"$2,730 ","$1,392 ",51%,Online
,Amazon,1185732,4/22/21,Southeast,Kentucky,Louisville,Men's Street Footwear,$41.00 ,119,"$4,879 ","$2,683 ",55%,Online
,Amazon,1185732,4/22/21,Southeast,Kentucky,Louisville,Men's Athletic Footwear,$41.00 ,49,"$2,009 ",$964 ,48%,Online
,Amazon,1185732,4/22/21,Southeast,Kentucky,Louisville,Women's Street Footwear,$38.00 ,49,"$1,862 ","$1,024 ",55%,Online
,Amazon,1185732,4/22/21,Southeast,Kentucky,Louisville,Women's Athletic Footwear,$42.00 ,29,"$1,218 ",$609 ,50%,Online
,Amazon,1185732,4/22/21,Southeast,Kentucky,Louisville,Men's Apparel,$47.00 ,35,"$1,645 ",$806 ,49%,Online
,Amazon,1185732,4/22/21,Southeast,Kentucky,Louisville,Women's Apparel,$36.00 ,75,"$2,700 ","$1,350 ",50%,Online
,Amazon,1185732,5/23/21,Southeast,Kentucky,Louisville,Men's Street Footwear,$49.00 ,156,"$7,644 ","$3,898 ",51%,Online
,Amazon,1185732,5/23/21,Southeast,Kentucky,Louisville,Men's Athletic Footwear,$42.00 ,68,"$2,856 ","$1,428 ",50%,Online
,Amazon,1185732,5/23/21,Southeast,Kentucky,Louisville,Women's Street Footwear,$38.00 ,58,"$2,204 ","$1,146 ",52%,Online
,Amazon,1185732,5/23/21,Southeast,Kentucky,Louisville,Women's Athletic Footwear,$38.00 ,38,"$1,444 ",$780 ,54%,Online
,Amazon,1185732,5/23/21,Southeast,Kentucky,Louisville,Men's Apparel,$46.00 ,42,"$1,932 ",$889 ,46%,Online
,Amazon,1185732,5/23/21,Southeast,Kentucky,Louisville,Women's Apparel,$51.00 ,83,"$4,233 ","$2,159 ",51%,Online
,Amazon,1185732,6/22/21,Southeast,Kentucky,Louisville,Men's Street Footwear,$36.00 ,142,"$5,112 ","$2,556 ",50%,Online
,Amazon,1185732,6/22/21,Southeast,Kentucky,Louisville,Men's Athletic Footwear,$33.00 ,77,"$2,541 ","$1,245 ",49%,Online
,Amazon,1185732,6/22/21,Southeast,Kentucky,Louisville,Women's Street Footwear,$28.00 ,56,"$1,568 ",$862 ,55%,Online
,Amazon,1185732,6/22/21,Southeast,Kentucky,Louisville,Women's Athletic Footwear,$29.00 ,52,"$1,508 ",$829 ,55%,Online
,Amazon,1185732,6/22/21,Southeast,Kentucky,Louisville,Men's Apparel,$49.00 ,54,"$2,646 ","$1,297 ",49%,Online
,Amazon,1185732,6/22/21,Southeast,Kentucky,Louisville,Women's Apparel,$52.00 ,101,"$5,252 ","$2,731 ",52%,Online
,Amazon,1185732,7/21/21,Southeast,Kentucky,Louisville,Men's Street Footwear,$47.00 ,168,"$7,896 ","$4,343 ",55%,Online
,Amazon,1185732,7/21/21,Southeast,Kentucky,Louisville,Men's Athletic Footwear,$44.00 ,95,"$4,180 ","$2,048 ",49%,Online
,Amazon,1185732,7/21/21,Southeast,Kentucky,Louisville,Women's Street Footwear,$38.00 ,69,"$2,622 ","$1,363 ",52%,Online
,Amazon,1185732,7/21/21,Southeast,Kentucky,Louisville,Women's Athletic Footwear,$37.00 ,63,"$2,331 ","$1,259 ",54%,Online
,Amazon,1185732,7/21/21,Southeast,Kentucky,Louisville,Men's Apparel,$46.00 ,75,"$3,450 ","$1,587 ",46%,Online
,Amazon,1185732,7/21/21,Southeast,Kentucky,Louisville,Women's Apparel,$50.00 ,115,"$5,750 ","$3,105 ",54%,Online
,Amazon,1185732,8/22/21,Southeast,Kentucky,Louisville,Men's Street Footwear,$46.00 ,167,"$7,682 ","$4,148 ",54%,Online
,Amazon,1185732,8/22/21,Southeast,Kentucky,Louisville,Men's Athletic Footwear,$41.00 ,91,"$3,731 ","$1,754 ",47%,Online
,Amazon,1185732,8/22/21,Southeast,Kentucky,Louisville,Women's Street Footwear,$36.00 ,80,"$2,880 ","$1,555 ",54%,Online
,Amazon,1185732,8/22/21,Southeast,Kentucky,Louisville,Women's Athletic Footwear,$38.00 ,75,"$2,850 ","$1,425 ",50%,Online
,Amazon,1185732,8/22/21,Southeast,Kentucky,Louisville,Men's Apparel,$49.00 ,65,"$3,185 ","$1,561 ",49%,Online
,Amazon,1185732,8/22/21,Southeast,Kentucky,Louisville,Women's Apparel,$51.00 ,120,"$6,120 ","$3,305 ",54%,Online
,Amazon,1185732,9/23/21,Southeast,Kentucky,Louisville,Men's Street Footwear,$48.00 ,137,"$6,576 ","$3,485 ",53%,Online
,Amazon,1185732,9/23/21,Southeast,Kentucky,Louisville,Men's Athletic Footwear,$44.00 ,94,"$4,136 ","$2,027 ",49%,Online
,Amazon,1185732,9/23/21,Southeast,Kentucky,Louisville,Women's Street Footwear,$33.00 ,65,"$2,145 ","$1,137 ",53%,Online
,Amazon,1185732,9/23/21,Southeast,Kentucky,Louisville,Women's Athletic Footwear,$32.00 ,54,"$1,728 ",$881 ,51%,Online
,Amazon,1185732,9/23/21,Southeast,Kentucky,Louisville,Men's Apparel,$43.00 ,58,"$2,494 ","$1,172 ",47%,Online
,Amazon,1185732,9/23/21,Southeast,Kentucky,Louisville,Women's Apparel,$49.00 ,74,"$3,626 ","$1,886 ",52%,Online
,Amazon,1185732,10/22/21,Southeast,Kentucky,Louisville,Men's Street Footwear,$53.00 ,126,"$6,678 ","$3,673 ",55%,Online
,Amazon,1185732,10/22/21,Southeast,Kentucky,Louisville,Men's Athletic Footwear,$41.00 ,83,"$3,403 ","$1,702 ",50%,Online
,Amazon,1185732,10/22/21,Southeast,Kentucky,Louisville,Women's Street Footwear,$43.00 ,47,"$2,021 ","$1,091 ",54%,Online
,Amazon,1185732,10/22/21,Southeast,Kentucky,Louisville,Women's Athletic Footwear,$41.00 ,42,"$1,722 ",$895 ,52%,Online
,Amazon,1185732,10/22/21,Southeast,Kentucky,Louisville,Men's Apparel,$53.00 ,41,"$2,173 ","$1,065 ",49%,Online
,Amazon,1185732,10/22/21,Southeast,Kentucky,Louisville,Women's Apparel,$53.00 ,83,"$4,399 ","$2,200 ",50%,Online
,Amazon,1185732,11/22/21,Southeast,Kentucky,Louisville,Men's Street Footwear,$48.00 ,123,"$5,904 ","$3,070 ",52%,Online
,Amazon,1185732,11/22/21,Southeast,Kentucky,Louisville,Men's Athletic Footwear,$39.00 ,72,"$2,808 ","$1,320 ",47%,Online
,Amazon,1185732,11/22/21,Southeast,Kentucky,Louisville,Women's Street Footwear,$41.00 ,57,"$2,337 ","$1,192 ",51%,Online
,Foot Locker,1185732,11/22/21,Southeast,Kentucky,Louisville,Women's Athletic Footwear,$52.00 ,52,"$2,704 ","$1,352 ",50%,Online
,Foot Locker,1185732,11/22/21,Southeast,Kentucky,Louisville,Men's Apparel,$59.00 ,53,"$3,127 ","$1,501 ",48%,Online
,Foot Locker,1185732,11/22/21,Southeast,Kentucky,Louisville,Women's Apparel,$66.00 ,80,"$5,280 ","$2,851 ",54%,Online
,Foot Locker,1185732,12/21/21,Southeast,Kentucky,Louisville,Men's Street Footwear,$59.00 ,158,"$9,322 ","$5,127 ",55%,Online
,Foot Locker,1185732,12/21/21,Southeast,Kentucky,Louisville,Men's Athletic Footwear,$52.00 ,98,"$5,096 ","$2,446 ",48%,Online
,Foot Locker,1185732,12/21/21,Southeast,Kentucky,Louisville,Women's Street Footwear,$51.00 ,74,"$3,774 ","$2,076 ",55%,Online
,Foot Locker,1185732,12/21/21,Southeast,Kentucky,Louisville,Women's Athletic Footwear,$49.00 ,68,"$3,332 ","$1,766 ",53%,Online
,Foot Locker,1185732,12/21/21,Southeast,Kentucky,Louisville,Men's Apparel,$54.00 ,68,"$3,672 ","$1,726 ",47%,Online
,Foot Locker,1185732,12/21/21,Southeast,Kentucky,Louisville,Women's Apparel,$64.00 ,98,"$6,272 ","$3,324 ",53%,Online
,Foot Locker,1185732,1/20/21,Southeast,Kentucky,Louisville,Men's Street Footwear,$29.00 ,189,"$5,481 ","$2,960 ",54%,Online
,Foot Locker,1185732,1/20/21,Southeast,Kentucky,Louisville,Men's Athletic Footwear,$29.00 ,142,"$4,118 ","$1,853 ",45%,Online
,Foot Locker,1185732,1/20/21,Southeast,Kentucky,Louisville,Women's Street Footwear,$18.00 ,158,"$2,844 ","$1,564 ",55%,Online
,Foot Locker,1185732,1/20/21,Southeast,Kentucky,Louisville,Women's Athletic Footwear,$23.00 ,101,"$2,323 ","$1,231 ",53%,Online
,Foot Locker,1185732,1/20/21,Southeast,Kentucky,Louisville,Men's Apparel,$38.00 ,115,"$4,370 ","$2,098 ",48%,Online
,Foot Locker,1185732,1/20/21,Southeast,Kentucky,Louisville,Women's Apparel,$29.00 ,158,"$4,582 ","$2,841 ",62%,Online
,Foot Locker,1185732,2/18/21,Southeast,Kentucky,Louisville,Men's Street Footwear,$28.00 ,225,"$6,300 ","$3,276 ",52%,Online
,Foot Locker,1185732,2/18/21,Southeast,Kentucky,Louisville,Men's Athletic Footwear,$27.00 ,106,"$2,862 ","$1,374 ",48%,Online
,Foot Locker,1185732,2/18/21,Southeast,Kentucky,Louisville,Women's Street Footwear,$18.00 ,124,"$2,232 ","$1,228 ",55%,Online
,Foot Locker,1185732,2/18/21,South,Mississippi,Jackson,Women's Athletic Footwear,$25.00 ,91,"$2,275 ","$1,138 ",50%,Online
,Foot Locker,1185732,2/18/21,South,Mississippi,Jackson,Men's Apparel,$39.00 ,108,"$4,212 ","$1,938 ",46%,Online
,Foot Locker,1185732,2/18/21,South,Mississippi,Jackson,Women's Apparel,$24.00 ,125,"$3,000 ","$1,800 ",60%,Online
,Foot Locker,1185732,3/16/21,South,Mississippi,Jackson,Men's Street Footwear,$23.00 ,187,"$4,301 ","$2,366 ",55%,Online
,Foot Locker,1185732,3/16/21,South,Mississippi,Jackson,Men's Athletic Footwear,$24.00 ,100,"$2,400 ","$1,128 ",47%,Online
,Foot Locker,1185732,3/16/21,South,Mississippi,Jackson,Women's Street Footwear,$14.00 ,128,"$1,792 ",$950 ,53%,Online
,Foot Locker,1185732,3/16/21,South,Mississippi,Jackson,Women's Athletic Footwear,$19.00 ,80,"$1,520 ",$790 ,52%,Online
,Foot Locker,1185732,3/16/21,South,Mississippi,Jackson,Men's Apparel,$32.00 ,81,"$2,592 ","$1,192 ",46%,Online
,Foot Locker,1185732,3/16/21,South,Mississippi,Jackson,Women's Apparel,$24.00 ,123,"$2,952 ","$1,830 ",62%,Online
,Foot Locker,1185732,4/17/21,South,Mississippi,Jackson,Men's Street Footwear,$23.00 ,169,"$3,887 ","$2,099 ",54%,Online
,Foot Locker,1185732,4/17/21,South,Mississippi,Jackson,Men's Athletic Footwear,$23.00 ,109,"$2,507 ","$1,254 ",50%,Online
,Foot Locker,1185732,4/17/21,South,Mississippi,Jackson,Women's Street Footwear,$14.00 ,101,"$1,414 ",$778 ,55%,Online
,Foot Locker,1185732,4/17/21,South,Mississippi,Jackson,Women's Athletic Footwear,$19.00 ,75,"$1,425 ",$741 ,52%,Online
,Foot Locker,1185732,4/17/21,South,Mississippi,Jackson,Men's Apparel,$38.00 ,81,"$3,078 ","$1,477 ",48%,Online
,Foot Locker,1185732,4/17/21,South,Mississippi,Jackson,Women's Apparel,$28.00 ,124,"$3,472 ","$2,118 ",61%,Online
,Foot Locker,1185732,5/16/21,South,Mississippi,Jackson,Men's Street Footwear,$39.00 ,194,"$7,566 ","$4,161 ",55%,Online
,Foot Locker,1185732,5/16/21,South,Mississippi,Jackson,Men's Athletic Footwear,$37.00 ,131,"$4,847 ","$2,181 ",45%,Online
,Foot Locker,1185732,5/16/21,South,Mississippi,Jackson,Women's Street Footwear,$33.00 ,119,"$3,927 ","$2,121 ",54%,Online
,Foot Locker,1185732,5/16/21,South,Mississippi,Jackson,Women's Athletic Footwear,$33.00 ,101,"$3,333 ","$1,700 ",51%,Online
,Foot Locker,1185732,5/16/21,South,Mississippi,Jackson,Men's Apparel,$41.00 ,116,"$4,756 ","$2,235 ",47%,Online
,Foot Locker,1185732,5/16/21,South,Mississippi,Jackson,Women's Apparel,$47.00 ,140,"$6,580 ","$4,211 ",64%,Online
,Foot Locker,1185732,6/18/21,South,Mississippi,Jackson,Men's Street Footwear,$44.00 ,210,"$9,240 ","$4,805 ",52%,Online
,Foot Locker,1185732,6/18/21,South,Mississippi,Jackson,Men's Athletic Footwear,$37.00 ,125,"$4,625 ","$2,174 ",47%,Online
,Foot Locker,1185732,6/18/21,South,Mississippi,Jackson,Women's Street Footwear,$41.00 ,143,"$5,863 ","$3,225 ",55%,Online
,Foot Locker,1185732,6/18/21,South,Mississippi,Jackson,Women's Athletic Footwear,$43.00 ,117,"$5,031 ","$2,516 ",50%,Online
,Foot Locker,1185732,6/18/21,South,Mississippi,Jackson,Men's Apparel,$57.00 ,135,"$7,695 ","$3,463 ",45%,Online
,Foot Locker,1185732,6/18/21,South,Mississippi,Jackson,Women's Apparel,$60.00 ,188,"$11,280 ","$7,106 ",63%,Online
,Foot Locker,1185732,7/16/21,South,Mississippi,Jackson,Men's Street Footwear,$58.00 ,221,"$12,818 ","$6,537 ",51%,Online
,Walmart,1185732,7/16/21,South,Mississippi,Jackson,Men's Athletic Footwear,$53.00 ,156,"$8,268 ","$3,721 ",45%,Online
,Walmart,1185732,7/16/21,South,Mississippi,Jackson,Women's Street Footwear,$48.00 ,142,"$6,816 ","$3,408 ",50%,Online
,Walmart,1185732,7/16/21,South,Mississippi,Jackson,Women's Athletic Footwear,$48.00 ,124,"$5,952 ","$3,155 ",53%,Online
,Walmart,1185732,7/16/21,South,Mississippi,Jackson,Men's Apparel,$59.00 ,150,"$8,850 ","$4,248 ",48%,Online
,Walmart,1185732,7/16/21,South,Mississippi,Jackson,Women's Apparel,$61.00 ,176,"$10,736 ","$6,549 ",61%,Online
,Walmart,1185732,8/17/21,South,Mississippi,Jackson,Men's Street Footwear,$56.00 ,215,"$12,040 ","$6,502 ",54%,Online
,Walmart,1185732,8/17/21,South,Mississippi,Jackson,Men's Athletic Footwear,$50.00 ,168,"$8,400 ","$4,032 ",48%,Online
,Walmart,1185732,8/17/21,South,Mississippi,Jackson,Women's Street Footwear,$48.00 ,147,"$7,056 ","$3,669 ",52%,Online
,Walmart,1185732,8/17/21,South,Mississippi,Jackson,Women's Athletic Footwear,$39.00 ,128,"$4,992 ","$2,596 ",52%,Online
,Walmart,1185732,8/17/21,South,Mississippi,Jackson,Men's Apparel,$46.00 ,122,"$5,612 ","$2,525 ",45%,Online
,Walmart,1185732,8/17/21,South,Mississippi,Jackson,Women's Apparel,$53.00 ,169,"$8,957 ","$5,822 ",65%,Online
,Walmart,1185732,9/16/21,South,Mississippi,Jackson,Men's Street Footwear,$47.00 ,203,"$9,541 ","$5,152 ",54%,Online
,Walmart,1185732,9/16/21,South,Mississippi,Jackson,Men's Athletic Footwear,$42.00 ,147,"$6,174 ","$2,778 ",45%,Online
,Walmart,1185732,9/16/21,South,Mississippi,Jackson,Women's Street Footwear,$19.00 ,123,"$2,337 ","$1,169 ",50%,Online
,Walmart,1185732,9/16/21,South,Mississippi,Jackson,Women's Athletic Footwear,$19.00 ,100,"$1,900 ","$1,045 ",55%,Online
,Walmart,1185732,9/16/21,South,Mississippi,Jackson,Men's Apparel,$29.00 ,108,"$3,132 ","$1,503 ",48%,Online
,Walmart,1185732,9/16/21,South,Mississippi,Jackson,Women's Apparel,$32.00 ,130,"$4,160 ","$2,579 ",62%,Online
,Walmart,1185732,10/18/21,South,Mississippi,Jackson,Men's Street Footwear,$32.00 ,176,"$5,632 ","$3,041 ",54%,Online
,Walmart,1185732,10/18/21,South,Mississippi,Jackson,Men's Athletic Footwear,$25.00 ,145,"$3,625 ","$1,631 ",45%,Online
,Walmart,1185732,10/18/21,South,Mississippi,Jackson,Women's Street Footwear,$24.00 ,98,"$2,352 ","$1,270 ",54%,Online
,Walmart,1185732,10/18/21,South,Mississippi,Jackson,Women's Athletic Footwear,$23.00 ,105,"$2,415 ","$1,208 ",50%,Online
,Walmart,1185732,10/18/21,South,Mississippi,Jackson,Men's Apparel,$32.00 ,98,"$3,136 ","$1,568 ",50%,Online
,Sports Direct,1185732,10/18/21,South,Mississippi,Jackson,Women's Apparel,$33.00 ,124,"$4,092 ","$2,619 ",64%,Online
,Sports Direct,1185732,11/17/21,South,Mississippi,Jackson,Men's Street Footwear,$28.00 ,163,"$4,564 ","$2,465 ",54%,Online
,Sports Direct,1185732,11/17/21,South,Mississippi,Jackson,Men's Athletic Footwear,$18.00 ,117,"$2,106 ",$948 ,45%,Online
,Sports Direct,1185732,11/17/21,South,Mississippi,Jackson,Women's Street Footwear,$28.00 ,111,"$3,108 ","$1,678 ",54%,Online
,Sports Direct,1185732,11/17/21,South,Mississippi,Jackson,Women's Athletic Footwear,$54.00 ,117,"$6,318 ","$3,349 ",53%,Online
,Sports Direct,1185732,11/17/21,South,Mississippi,Jackson,Men's Apparel,$71.00 ,123,"$8,733 ","$3,930 ",45%,Online
,Sports Direct,1185732,11/17/21,South,Mississippi,Jackson,Women's Apparel,$68.00 ,158,"$10,744 ","$6,554 ",61%,Online
,Sports Direct,1185732,12/16/21,South,Mississippi,Jackson,Men's Street Footwear,$68.00 ,194,"$13,192 ","$6,992 ",53%,Online
,Sports Direct,1185732,12/16/21,South,Mississippi,Jackson,Men's Athletic Footwear,$58.00 ,155,"$8,990 ","$4,405 ",49%,Online
,Sports Direct,1185732,12/16/21,South,Mississippi,Jackson,Women's Street Footwear,$59.00 ,137,"$8,083 ","$4,365 ",54%,Online
,Sports Direct,1185732,12/16/21,South,Mississippi,Jackson,Women's Athletic Footwear,$56.00 ,133,"$7,448 ","$3,873 ",52%,Online
,Sports Direct,1185732,12/16/21,South,Mississippi,Jackson,Men's Apparel,$65.00 ,124,"$8,060 ","$4,030 ",50%,Online
,Sports Direct,1185732,12/16/21,South,Mississippi,Jackson,Women's Apparel,$71.00 ,144,"$10,224 ","$6,237 ",61%,Online
,Sports Direct,1197831,1/23/21,South,Mississippi,Jackson,Men's Street Footwear,$24.00 ,176,"$4,224 ","$2,154 ",51%,Online
,Sports Direct,1197831,1/23/21,South,Mississippi,Jackson,Men's Athletic Footwear,$25.00 ,131,"$3,275 ","$1,474 ",45%,Online
,Sports Direct,1197831,1/23/21,South,Mississippi,Jackson,Women's Street Footwear,$14.00 ,117,"$1,638 ",$835 ,51%,Online
,Sports Direct,1197831,1/23/21,South,Mississippi,Jackson,Women's Athletic Footwear,$19.00 ,78,"$1,482 ",$785 ,53%,Online
,Sports Direct,1197831,1/23/21,South,Mississippi,Jackson,Men's Apparel,$34.00 ,95,"$3,230 ","$1,550 ",48%,Online
,Sports Direct,1197831,1/23/21,South,Mississippi,Jackson,Women's Apparel,$23.00 ,122,"$2,806 ","$1,459 ",52%,Online
,Sports Direct,1197831,2/21/21,South,Mississippi,Jackson,Men's Street Footwear,$24.00 ,189,"$4,536 ","$2,313 ",51%,Online
,Sports Direct,1197831,2/21/21,South,Mississippi,Jackson,Men's Athletic Footwear,$24.00 ,105,"$2,520 ","$1,134 ",45%,Online
,Sports Direct,1197831,2/21/21,South,Mississippi,Jackson,Women's Street Footwear,$14.00 ,120,"$1,680 ",$840 ,50%,Online
,Walmart,1197831,2/21/21,South,Arkansas,Little Rock,Women's Athletic Footwear,$18.00 ,70,"$1,260 ",$630 ,50%,Online
,Walmart,1197831,2/21/21,South,Arkansas,Little Rock,Men's Apparel,$34.00 ,98,"$3,332 ","$1,499 ",45%,Online
,Walmart,1197831,2/21/21,South,Arkansas,Little Rock,Women's Apparel,$19.00 ,115,"$2,185 ","$1,180 ",54%,Online
,Walmart,1197831,3/19/21,South,Arkansas,Little Rock,Men's Street Footwear,$18.00 ,181,"$3,258 ","$1,727 ",53%,Online
,Walmart,1197831,3/19/21,South,Arkansas,Little Rock,Men's Athletic Footwear,$20.00 ,98,"$1,960 ",$882 ,45%,Online
,Walmart,1197831,3/19/21,South,Arkansas,Little Rock,Women's Street Footwear,$10.00 ,88,$880 ,$475 ,54%,Online
,Walmart,1197831,3/19/21,South,Arkansas,Little Rock,Women's Athletic Footwear,$19.00 ,60,"$1,140 ",$593 ,52%,Online
,Walmart,1197831,3/19/21,South,Arkansas,Little Rock,Men's Apparel,$32.00 ,65,"$2,080 ",$957 ,46%,Online
,Walmart,1197831,3/19/21,South,Arkansas,Little Rock,Women's Apparel,$24.00 ,102,"$2,448 ","$1,248 ",51%,Online
,Walmart,1197831,4/20/21,South,Arkansas,Little Rock,Men's Street Footwear,$23.00 ,174,"$4,002 ","$2,161 ",54%,Online
,Walmart,1197831,4/20/21,South,Arkansas,Little Rock,Men's Athletic Footwear,$24.00 ,81,"$1,944 ",$953 ,49%,Online
,Walmart,1197831,4/20/21,South,Arkansas,Little Rock,Women's Street Footwear,$14.00 ,75,"$1,050 ",$546 ,52%,Online
,Walmart,1197831,4/20/21,South,Arkansas,Little Rock,Women's Athletic Footwear,$20.00 ,63,"$1,260 ",$668 ,53%,Online
,Walmart,1197831,4/20/21,South,Arkansas,Little Rock,Men's Apparel,$37.00 ,73,"$2,701 ","$1,296 ",48%,Online
,Walmart,1197831,4/20/21,South,Arkansas,Little Rock,Women's Apparel,$28.00 ,116,"$3,248 ","$1,656 ",51%,Online
,Walmart,1197831,5/19/21,South,Arkansas,Little Rock,Men's Street Footwear,$39.00 ,181,"$7,059 ","$3,812 ",54%,Online
,Walmart,1197831,5/19/21,South,Arkansas,Little Rock,Men's Athletic Footwear,$38.00 ,113,"$4,294 ","$2,147 ",50%,Online
,Walmart,1197831,5/19/21,South,Arkansas,Little Rock,Women's Street Footwear,$34.00 ,91,"$3,094 ","$1,702 ",55%,Online
,Walmart,1197831,5/19/21,South,Arkansas,Little Rock,Women's Athletic Footwear,$34.00 ,78,"$2,652 ","$1,406 ",53%,Online
,Walmart,1197831,5/19/21,South,Arkansas,Little Rock,Men's Apparel,$42.00 ,85,"$3,570 ","$1,678 ",47%,Online
,Walmart,1197831,5/19/21,South,Arkansas,Little Rock,Women's Apparel,$44.00 ,111,"$4,884 ","$2,686 ",55%,Online
,Walmart,1197831,6/21/21,South,Arkansas,Little Rock,Men's Street Footwear,$36.00 ,203,"$7,308 ","$3,654 ",50%,Online
,Walmart,1197831,6/21/21,South,Arkansas,Little Rock,Men's Athletic Footwear,$32.00 ,106,"$3,392 ","$1,662 ",49%,Online
,Walmart,1197831,6/21/21,South,Arkansas,Little Rock,Women's Street Footwear,$38.00 ,104,"$3,952 ","$2,134 ",54%,Online
,Walmart,1197831,6/21/21,South,Arkansas,Little Rock,Women's Athletic Footwear,$37.00 ,98,"$3,626 ","$1,886 ",52%,Online
,Walmart,1197831,6/21/21,South,Arkansas,Little Rock,Men's Apparel,$54.00 ,98,"$5,292 ","$2,540 ",48%,Online
,Walmart,1197831,6/21/21,South,Arkansas,Little Rock,Women's Apparel,$54.00 ,160,"$8,640 ","$4,666 ",54%,Online
,Walmart,1197831,7/19/21,South,Arkansas,Little Rock,Men's Street Footwear,$50.00 ,233,"$11,650 ","$5,825 ",50%,Online
,Walmart,1197831,7/19/21,South,Arkansas,Little Rock,Men's Athletic Footwear,$47.00 ,147,"$6,909 ","$3,109 ",45%,Online
,Walmart,1197831,7/19/21,South,Arkansas,Little Rock,Women's Street Footwear,$43.00 ,126,"$5,418 ","$2,763 ",51%,Online
,Walmart,1197831,7/19/21,South,Arkansas,Little Rock,Women's Athletic Footwear,$41.00 ,116,"$4,756 ","$2,568 ",54%,Online
,Walmart,1197831,7/19/21,South,Arkansas,Little Rock,Men's Apparel,$55.00 ,119,"$6,545 ","$3,207 ",49%,Online
,Walmart,1197831,7/19/21,South,Arkansas,Little Rock,Women's Apparel,$63.00 ,150,"$9,450 ","$5,103 ",54%,Online
,Walmart,1197831,8/20/21,South,Arkansas,Little Rock,Men's Street Footwear,$55.00 ,210,"$11,550 ","$6,237 ",54%,Online
,Walmart,1197831,8/20/21,South,Arkansas,Little Rock,Men's Athletic Footwear,$50.00 ,152,"$7,600 ","$3,648 ",48%,Online
,Walmart,1197831,8/20/21,South,Arkansas,Little Rock,Women's Street Footwear,$47.00 ,126,"$5,922 ","$3,079 ",52%,Online
,Walmart,1197831,8/20/21,South,Arkansas,Little Rock,Women's Athletic Footwear,$39.00 ,104,"$4,056 ","$2,028 ",50%,Online
,Walmart,1197831,8/20/21,South,Arkansas,Little Rock,Men's Apparel,$48.00 ,113,"$5,424 ","$2,658 ",49%,Online
,Walmart,1197831,8/20/21,South,Arkansas,Little Rock,Women's Apparel,$50.00 ,143,"$7,150 ","$3,718 ",52%,Online
,Walmart,1197831,9/19/21,South,Arkansas,Little Rock,Men's Street Footwear,$48.00 ,182,"$8,736 ","$4,543 ",52%,Online
,Walmart,1197831,9/19/21,South,Arkansas,Little Rock,Men's Athletic Footwear,$39.00 ,126,"$4,914 ","$2,359 ",48%,Online
,Walmart,1197831,9/19/21,South,Arkansas,Little Rock,Women's Street Footwear,$14.00 ,88,"$1,232 ",$641 ,52%,Online
,Walmart,1197831,9/19/21,South,Arkansas,Little Rock,Women's Athletic Footwear,$14.00 ,88,"$1,232 ",$641 ,52%,Online
,Walmart,1197831,9/19/21,South,Arkansas,Little Rock,Men's Apparel,$23.00 ,94,"$2,162 ","$1,081 ",50%,Online
,Walmart,1197831,9/19/21,South,Arkansas,Little Rock,Women's Apparel,$29.00 ,119,"$3,451 ","$1,864 ",54%,Online
,Walmart,1197831,10/21/21,South,Arkansas,Little Rock,Men's Street Footwear,$27.00 ,150,"$4,050 ","$2,025 ",50%,Online
,Walmart,1197831,10/21/21,South,Arkansas,Little Rock,Men's Athletic Footwear,$19.00 ,106,"$2,014 ",$906 ,45%,Online
,Walmart,1197831,10/21/21,South,Arkansas,Little Rock,Women's Street Footwear,$19.00 ,78,"$1,482 ",$741 ,50%,Online
,Walmart,1197831,10/21/21,South,Arkansas,Little Rock,Women's Athletic Footwear,$19.00 ,72,"$1,368 ",$725 ,53%,Online
,Walmart,1197831,10/21/21,South,Arkansas,Little Rock,Men's Apparel,$27.00 ,83,"$2,241 ","$1,053 ",47%,Online
,West Gear,1197831,10/21/21,South,Arkansas,Little Rock,Women's Apparel,$29.00 ,104,"$3,016 ","$1,598 ",53%,Online
,West Gear,1197831,11/20/21,South,Arkansas,Little Rock,Men's Street Footwear,$24.00 ,143,"$3,432 ","$1,716 ",50%,Online
,West Gear,1197831,11/20/21,South,Arkansas,Little Rock,Men's Athletic Footwear,$14.00 ,94,"$1,316 ",$658 ,50%,Online
,West Gear,1197831,11/20/21,South,Arkansas,Little Rock,Women's Street Footwear,$23.00 ,90,"$2,070 ","$1,056 ",51%,Online
,West Gear,1197831,11/20/21,South,Arkansas,Little Rock,Women's Athletic Footwear,$51.00 ,109,"$5,559 ","$2,780 ",50%,Online
,West Gear,1197831,11/20/21,South,Arkansas,Little Rock,Men's Apparel,$69.00 ,91,"$6,279 ","$2,951 ",47%,Online
,West Gear,1197831,11/20/21,South,Arkansas,Little Rock,Women's Apparel,$73.00 ,117,"$8,541 ","$4,527 ",53%,Online
,West Gear,1197831,12/19/21,South,Arkansas,Little Rock,Men's Street Footwear,$67.00 ,203,"$13,601 ","$7,481 ",55%,Online
,West Gear,1197831,12/19/21,South,Arkansas,Little Rock,Men's Athletic Footwear,$54.00 ,140,"$7,560 ","$3,553 ",47%,Online
,West Gear,1197831,12/19/21,South,Arkansas,Little Rock,Women's Street Footwear,$55.00 ,126,"$6,930 ","$3,742 ",54%,Online
,West Gear,1197831,12/19/21,South,Arkansas,Little Rock,Women's Athletic Footwear,$57.00 ,120,"$6,840 ","$3,488 ",51%,Online
,West Gear,1197831,12/19/21,South,Arkansas,Little Rock,Men's Apparel,$64.00 ,112,"$7,168 ","$3,512 ",49%,Online
,West Gear,1197831,12/19/21,South,Arkansas,Little Rock,Women's Apparel,$70.00 ,150,"$10,500 ","$5,355 ",51%,Online
,West Gear,1197831,1/23/21,South,Arkansas,Little Rock,Men's Street Footwear,$24.00 ,167,"$4,008 ","$2,124 ",53%,Online
,West Gear,1197831,1/23/21,South,Arkansas,Little Rock,Men's Athletic Footwear,$25.00 ,109,"$2,725 ","$1,226 ",45%,Online
,West Gear,1197831,1/23/21,South,Arkansas,Little Rock,Women's Street Footwear,$15.00 ,98,"$1,470 ",$809 ,55%,Online
,West Gear,1197831,1/23/21,South,Arkansas,Little Rock,Women's Athletic Footwear,$18.00 ,65,"$1,170 ",$644 ,55%,Online
,West Gear,1197831,1/23/21,South,Arkansas,Little Rock,Men's Apparel,$33.00 ,80,"$2,640 ","$1,320 ",50%,Online
,West Gear,1197831,1/23/21,South,Arkansas,Little Rock,Women's Apparel,$23.00 ,101,"$2,323 ","$1,208 ",52%,Online
,West Gear,1197831,2/21/21,South,Arkansas,Little Rock,Men's Street Footwear,$24.00 ,169,"$4,056 ","$2,109 ",52%,Online
,West Gear,1197831,2/21/21,South,Arkansas,Little Rock,Men's Athletic Footwear,$23.00 ,80,"$1,840 ",$846 ,46%,Online
,West Gear,1197831,2/21/21,South,Arkansas,Little Rock,Women's Street Footwear,$15.00 ,91,"$1,365 ",$683 ,50%,Online
,West Gear,1197831,2/21/21,South,Oklahoma,Oklahoma City,Women's Athletic Footwear,$19.00 ,49,$931 ,$475 ,51%,Online
,West Gear,1197831,2/21/21,South,Oklahoma,Oklahoma City,Men's Apparel,$34.00 ,75,"$2,550 ","$1,199 ",47%,Online
,West Gear,1197831,2/21/21,South,Oklahoma,Oklahoma City,Women's Apparel,$18.00 ,98,"$1,764 ",$900 ,51%,Online
,West Gear,1197831,3/19/21,South,Oklahoma,Oklahoma City,Men's Street Footwear,$19.00 ,154,"$2,926 ","$1,463 ",50%,Online
,West Gear,1197831,3/19/21,South,Oklahoma,Oklahoma City,Men's Athletic Footwear,$19.00 ,73,"$1,387 ",$666 ,48%,Online
,West Gear,1197831,3/19/21,South,Oklahoma,Oklahoma City,Women's Street Footwear,$9.00 ,80,$720 ,$360 ,50%,Online
,West Gear,1197831,3/19/21,South,Oklahoma,Oklahoma City,Women's Athletic Footwear,$20.00 ,34,$680 ,$340 ,50%,Online
,West Gear,1197831,3/19/21,South,Oklahoma,Oklahoma City,Men's Apparel,$34.00 ,49,"$1,666 ",$783 ,47%,Online
,West Gear,1197831,3/19/21,South,Oklahoma,Oklahoma City,Women's Apparel,$23.00 ,69,"$1,587 ",$857 ,54%,Online
,West Gear,1197831,4/20/21,South,Oklahoma,Oklahoma City,Men's Street Footwear,$24.00 ,152,"$3,648 ","$1,933 ",53%,Online
,West Gear,1197831,4/20/21,South,Oklahoma,Oklahoma City,Men's Athletic Footwear,$23.00 ,65,"$1,495 ",$718 ,48%,Online
,West Gear,1197831,4/20/21,South,Oklahoma,Oklahoma City,Women's Street Footwear,$14.00 ,68,$952 ,$505 ,53%,Online
,West Gear,1197831,4/20/21,South,Oklahoma,Oklahoma City,Women's Athletic Footwear,$18.00 ,45,$810 ,$429 ,53%,Online
,West Gear,1197831,4/20/21,South,Oklahoma,Oklahoma City,Men's Apparel,$38.00 ,53,"$2,014 ","$1,007 ",50%,Online
,West Gear,1197831,4/20/21,South,Oklahoma,Oklahoma City,Women's Apparel,$28.00 ,94,"$2,632 ","$1,448 ",55%,Online
,West Gear,1197831,5/19/21,South,Oklahoma,Oklahoma City,Men's Street Footwear,$36.00 ,167,"$6,012 ","$3,246 ",54%,Online
,West Gear,1197831,5/19/21,South,Oklahoma,Oklahoma City,Men's Athletic Footwear,$39.00 ,87,"$3,393 ","$1,527 ",45%,Online
,West Gear,1197831,5/19/21,South,Oklahoma,Oklahoma City,Women's Street Footwear,$34.00 ,72,"$2,448 ","$1,273 ",52%,Online
,West Gear,1197831,5/19/21,South,Oklahoma,Oklahoma City,Women's Athletic Footwear,$34.00 ,59,"$2,006 ","$1,103 ",55%,Online
,West Gear,1197831,5/19/21,South,Oklahoma,Oklahoma City,Men's Apparel,$43.00 ,75,"$3,225 ","$1,451 ",45%,Online
,West Gear,1197831,5/19/21,South,Oklahoma,Oklahoma City,Women's Apparel,$42.00 ,98,"$4,116 ","$2,140 ",52%,Online
,West Gear,1197831,6/21/21,South,Oklahoma,Oklahoma City,Men's Street Footwear,$38.00 ,156,"$5,928 ","$3,023 ",51%,Online
,West Gear,1197831,6/21/21,South,Oklahoma,Oklahoma City,Men's Athletic Footwear,$33.00 ,88,"$2,904 ","$1,307 ",45%,Online
,West Gear,1197831,6/21/21,South,Oklahoma,Oklahoma City,Women's Street Footwear,$36.00 ,88,"$3,168 ","$1,647 ",52%,Online
,West Gear,1197831,6/21/21,South,Oklahoma,Oklahoma City,Women's Athletic Footwear,$38.00 ,87,"$3,306 ","$1,653 ",50%,Online
,West Gear,1197831,6/21/21,South,Oklahoma,Oklahoma City,Men's Apparel,$51.00 ,87,"$4,437 ","$2,085 ",47%,Online
,West Gear,1197831,6/21/21,South,Oklahoma,Oklahoma City,Women's Apparel,$55.00 ,124,"$6,820 ","$3,478 ",51%,Online
,West Gear,1197831,7/19/21,South,Oklahoma,Oklahoma City,Men's Street Footwear,$50.00 ,182,"$9,100 ","$4,732 ",52%,Online
,West Gear,1197831,7/19/21,South,Oklahoma,Oklahoma City,Men's Athletic Footwear,$45.00 ,117,"$5,265 ","$2,633 ",50%,Online
,West Gear,1197831,7/19/21,South,Oklahoma,Oklahoma City,Women's Street Footwear,$44.00 ,94,"$4,136 ","$2,233 ",54%,Online
,West Gear,1197831,7/19/21,South,Oklahoma,Oklahoma City,Women's Athletic Footwear,$41.00 ,85,"$3,485 ","$1,847 ",53%,Online
,West Gear,1197831,7/19/21,South,Oklahoma,Oklahoma City,Men's Apparel,$59.00 ,98,"$5,782 ","$2,660 ",46%,Online
,West Gear,1197831,7/19/21,South,Oklahoma,Oklahoma City,Women's Apparel,$61.00 ,142,"$8,662 ","$4,677 ",54%,Online
,West Gear,1197831,8/20/21,South,Oklahoma,Oklahoma City,Men's Street Footwear,$56.00 ,189,"$10,584 ","$5,398 ",51%,Online
,West Gear,1197831,8/20/21,South,Oklahoma,Oklahoma City,Men's Athletic Footwear,$51.00 ,113,"$5,763 ","$2,709 ",47%,Online
,West Gear,1197831,8/20/21,South,Oklahoma,Oklahoma City,Women's Street Footwear,$47.00 ,113,"$5,311 ","$2,815 ",53%,Online
,West Gear,1197831,8/20/21,South,Oklahoma,Oklahoma City,Women's Athletic Footwear,$37.00 ,88,"$3,256 ","$1,693 ",52%,Online
,West Gear,1197831,8/20/21,South,Oklahoma,Oklahoma City,Men's Apparel,$47.00 ,81,"$3,807 ","$1,713 ",45%,Online
,West Gear,1197831,8/20/21,South,Oklahoma,Oklahoma City,Women's Apparel,$50.00 ,124,"$6,200 ","$3,224 ",52%,Online
,West Gear,1197831,9/19/21,South,Oklahoma,Oklahoma City,Men's Street Footwear,$49.00 ,150,"$7,350 ","$3,969 ",54%,Online
,West Gear,1197831,9/19/21,South,Oklahoma,Oklahoma City,Men's Athletic Footwear,$38.00 ,98,"$3,724 ","$1,676 ",45%,Online
,West Gear,1197831,9/19/21,South,Oklahoma,Oklahoma City,Women's Street Footwear,$14.00 ,69,$966 ,$493 ,51%,Online
,West Gear,1197831,9/19/21,South,Oklahoma,Oklahoma City,Women's Athletic Footwear,$14.00 ,63,$882 ,$450 ,51%,Online
,West Gear,1197831,9/19/21,South,Oklahoma,Oklahoma City,Men's Apparel,$23.00 ,68,"$1,564 ",$704 ,45%,Online
,West Gear,1197831,9/19/21,South,Oklahoma,Oklahoma City,Women's Apparel,$28.00 ,91,"$2,548 ","$1,325 ",52%,Online
,West Gear,1197831,10/21/21,South,Oklahoma,Oklahoma City,Men's Street Footwear,$29.00 ,137,"$3,973 ","$2,145 ",54%,Online
,West Gear,1197831,10/21/21,South,Oklahoma,Oklahoma City,Men's Athletic Footwear,$19.00 ,88,"$1,672 ",$769 ,46%,Online
,West Gear,1197831,10/21/21,South,Oklahoma,Oklahoma City,Women's Street Footwear,$20.00 ,56,"$1,120 ",$571 ,51%,Online
,West Gear,1197831,10/21/21,South,Oklahoma,Oklahoma City,Women's Athletic Footwear,$18.00 ,52,$936 ,$487 ,52%,Online
,West Gear,1197831,10/21/21,South,Oklahoma,Oklahoma City,Men's Apparel,$29.00 ,50,"$1,450 ",$696 ,48%,Online
,Kohl's,1197831,10/21/21,South,Oklahoma,Oklahoma City,Women's Apparel,$29.00 ,91,"$2,639 ","$1,451 ",55%,Online
,Kohl's,1197831,11/20/21,South,Oklahoma,Oklahoma City,Men's Street Footwear,$23.00 ,133,"$3,059 ","$1,652 ",54%,Online
,Kohl's,1197831,11/20/21,South,Oklahoma,Oklahoma City,Men's Athletic Footwear,$14.00 ,78,"$1,092 ",$513 ,47%,Online
,Kohl's,1197831,11/20/21,South,Oklahoma,Oklahoma City,Women's Street Footwear,$23.00 ,74,"$1,702 ",$919 ,54%,Online
,Kohl's,1197831,11/20/21,South,Oklahoma,Oklahoma City,Women's Athletic Footwear,$52.00 ,75,"$3,900 ","$2,067 ",53%,Online
,Kohl's,1197831,11/20/21,South,Oklahoma,Oklahoma City,Men's Apparel,$71.00 ,77,"$5,467 ","$2,679 ",49%,Online
,Kohl's,1197831,11/20/21,South,Oklahoma,Oklahoma City,Women's Apparel,$72.00 ,105,"$7,560 ","$3,780 ",50%,Online
,Kohl's,1197831,12/19/21,South,Oklahoma,Oklahoma City,Men's Street Footwear,$64.00 ,169,"$10,816 ","$5,949 ",55%,Online
,Kohl's,1197831,12/19/21,South,Oklahoma,Oklahoma City,Men's Athletic Footwear,$58.00 ,119,"$6,902 ","$3,106 ",45%,Online
,Kohl's,1197831,12/19/21,South,Oklahoma,Oklahoma City,Women's Street Footwear,$55.00 ,101,"$5,555 ","$2,778 ",50%,Online
,Kohl's,1197831,12/19/21,South,Oklahoma,Oklahoma City,Women's Athletic Footwear,$54.00 ,94,"$5,076 ","$2,690 ",53%,Online
,Kohl's,1197831,12/19/21,South,Oklahoma,Oklahoma City,Men's Apparel,$69.00 ,81,"$5,589 ","$2,683 ",48%,Online
,Kohl's,1197831,12/19/21,South,Oklahoma,Oklahoma City,Women's Apparel,$68.00 ,123,"$8,364 ","$4,182 ",50%,Online
,Kohl's,1197831,1/16/21,South,Oklahoma,Oklahoma City,Men's Street Footwear,$23.00 ,149,"$3,427 ","$1,679 ",49%,Online
,Kohl's,1197831,1/16/21,South,Oklahoma,Oklahoma City,Men's Athletic Footwear,$23.00 ,91,"$2,093 ","$1,026 ",49%,Online
,Kohl's,1197831,1/16/21,South,Oklahoma,Oklahoma City,Women's Street Footwear,$14.00 ,88,"$1,232 ",$591 ,48%,Online
,Kohl's,1197831,1/16/21,South,Oklahoma,Oklahoma City,Women's Athletic Footwear,$19.00 ,56,"$1,064 ",$521 ,49%,Online
,Kohl's,1197831,1/16/21,South,Oklahoma,Oklahoma City,Men's Apparel,$33.00 ,65,"$2,145 ","$1,030 ",48%,Online
,Kohl's,1197831,1/16/21,South,Oklahoma,Oklahoma City,Women's Apparel,$23.00 ,102,"$2,346 ","$1,173 ",50%,Online
,Kohl's,1197831,2/14/21,South,Oklahoma,Oklahoma City,Men's Street Footwear,$23.00 ,162,"$3,726 ","$1,751 ",47%,Online
,Kohl's,1197831,2/14/21,South,Oklahoma,Oklahoma City,Men's Athletic Footwear,$23.00 ,65,"$1,495 ",$748 ,50%,Online
,Kohl's,1197831,2/14/21,South,Oklahoma,Oklahoma City,Women's Street Footwear,$14.00 ,75,"$1,050 ",$515 ,49%,Online
,Kohl's,1197831,2/14/21,Midwest,Kansas,Wichita,Women's Athletic Footwear,$20.00 ,42,$840 ,$378 ,45%,Online
,Kohl's,1197831,2/14/21,Midwest,Kansas,Wichita,Men's Apparel,$32.00 ,68,"$2,176 ","$1,044 ",48%,Online
,Kohl's,1197831,2/14/21,Midwest,Kansas,Wichita,Women's Apparel,$18.00 ,98,"$1,764 ",$864 ,49%,Online
,Kohl's,1197831,3/12/21,Midwest,Kansas,Wichita,Men's Street Footwear,$20.00 ,153,"$3,060 ","$1,499 ",49%,Online
,Kohl's,1197831,3/12/21,Midwest,Kansas,Wichita,Men's Athletic Footwear,$19.00 ,59,"$1,121 ",$527 ,47%,Online
,Kohl's,1197831,3/12/21,Midwest,Kansas,Wichita,Women's Street Footwear,$9.00 ,75,$675 ,$311 ,46%,Online
,Kohl's,1197831,3/12/21,Midwest,Kansas,Wichita,Women's Athletic Footwear,$20.00 ,26,$520 ,$250 ,48%,Online
,Kohl's,1197831,3/12/21,Midwest,Kansas,Wichita,Men's Apparel,$32.00 ,41,"$1,312 ",$604 ,46%,Online
,Kohl's,1197831,3/12/21,Midwest,Kansas,Wichita,Women's Apparel,$23.00 ,65,"$1,495 ",$748 ,50%,Online
,Kohl's,1197831,4/13/21,Midwest,Kansas,Wichita,Men's Street Footwear,$24.00 ,150,"$3,600 ","$1,620 ",45%,Online
,Kohl's,1197831,4/13/21,Midwest,Kansas,Wichita,Men's Athletic Footwear,$25.00 ,58,"$1,450 ",$696 ,48%,Online
,Kohl's,1197831,4/13/21,Midwest,Kansas,Wichita,Women's Street Footwear,$14.00 ,60,$840 ,$420 ,50%,Online
,Kohl's,1197831,4/13/21,Midwest,Kansas,Wichita,Women's Athletic Footwear,$19.00 ,35,$665 ,$299 ,45%,Online
,Kohl's,1197831,4/13/21,Midwest,Kansas,Wichita,Men's Apparel,$39.00 ,38,"$1,482 ",$726 ,49%,Online
,Kohl's,1197831,4/13/21,Midwest,Kansas,Wichita,Women's Apparel,$29.00 ,81,"$2,349 ","$1,151 ",49%,Online
,Kohl's,1197831,5/12/21,Midwest,Kansas,Wichita,Men's Street Footwear,$36.00 ,143,"$5,148 ","$2,317 ",45%,Online
,Kohl's,1197831,5/12/21,Midwest,Kansas,Wichita,Men's Athletic Footwear,$39.00 ,77,"$3,003 ","$1,441 ",48%,Online
,Kohl's,1197831,5/12/21,Midwest,Kansas,Wichita,Women's Street Footwear,$32.00 ,65,"$2,080 ","$1,019 ",49%,Online
,Kohl's,1197831,5/12/21,Midwest,Kansas,Wichita,Women's Athletic Footwear,$32.00 ,58,"$1,856 ",$928 ,50%,Online
,Kohl's,1197831,5/12/21,Midwest,Kansas,Wichita,Men's Apparel,$43.00 ,56,"$2,408 ","$1,204 ",50%,Online
,Kohl's,1197831,5/12/21,Midwest,Kansas,Wichita,Women's Apparel,$42.00 ,94,"$3,948 ","$1,777 ",45%,Online
,Kohl's,1197831,6/14/21,Midwest,Kansas,Wichita,Men's Street Footwear,$37.00 ,144,"$5,328 ","$2,664 ",50%,Online
,Kohl's,1197831,6/14/21,Midwest,Kansas,Wichita,Men's Athletic Footwear,$32.00 ,94,"$3,008 ","$1,444 ",48%,Online
,Kohl's,1197831,6/14/21,Midwest,Kansas,Wichita,Women's Street Footwear,$37.00 ,81,"$2,997 ","$1,379 ",46%,Online
,Kohl's,1197831,6/14/21,Midwest,Kansas,Wichita,Women's Athletic Footwear,$38.00 ,80,"$3,040 ","$1,368 ",45%,Online
,Kohl's,1197831,6/14/21,Midwest,Kansas,Wichita,Men's Apparel,$54.00 ,83,"$4,482 ","$2,151 ",48%,Online
,Kohl's,1197831,6/14/21,Midwest,Kansas,Wichita,Women's Apparel,$58.00 ,117,"$6,786 ","$3,325 ",49%,Online
,Kohl's,1197831,7/12/21,Midwest,Kansas,Wichita,Men's Street Footwear,$51.00 ,182,"$9,282 ","$4,641 ",50%,Online
,Kohl's,1197831,7/12/21,Midwest,Kansas,Wichita,Men's Athletic Footwear,$49.00 ,119,"$5,831 ","$2,916 ",50%,Online
,Kohl's,1197831,7/12/21,Midwest,Kansas,Wichita,Women's Street Footwear,$42.00 ,102,"$4,284 ","$1,971 ",46%,Online
,Kohl's,1197831,7/12/21,Midwest,Kansas,Wichita,Women's Athletic Footwear,$43.00 ,75,"$3,225 ","$1,580 ",49%,Online
,Kohl's,1197831,7/12/21,Midwest,Kansas,Wichita,Men's Apparel,$56.00 ,91,"$5,096 ","$2,344 ",46%,Online
,Kohl's,1197831,7/12/21,Midwest,Kansas,Wichita,Women's Apparel,$60.00 ,140,"$8,400 ","$4,116 ",49%,Online
,Kohl's,1197831,8/13/21,Midwest,Kansas,Wichita,Men's Street Footwear,$56.00 ,189,"$10,584 ","$5,292 ",50%,Online
,Kohl's,1197831,8/13/21,Midwest,Kansas,Wichita,Men's Athletic Footwear,$51.00 ,111,"$5,661 ","$2,547 ",45%,Online
,Kohl's,1197831,8/13/21,Midwest,Kansas,Wichita,Women's Street Footwear,$47.00 ,102,"$4,794 ","$2,397 ",50%,Online
,Kohl's,1197831,8/13/21,Midwest,Kansas,Wichita,Women's Athletic Footwear,$37.00 ,90,"$3,330 ","$1,632 ",49%,Online
,Kohl's,1197831,8/13/21,Midwest,Kansas,Wichita,Men's Apparel,$47.00 ,69,"$3,243 ","$1,622 ",50%,Online
,Kohl's,1197831,8/13/21,Midwest,Kansas,Wichita,Women's Apparel,$52.00 ,113,"$5,876 ","$2,938 ",50%,Online
,Kohl's,1197831,9/12/21,Midwest,Kansas,Wichita,Men's Street Footwear,$47.00 ,165,"$7,755 ","$3,878 ",50%,Online
,Kohl's,1197831,9/12/21,Midwest,Kansas,Wichita,Men's Athletic Footwear,$38.00 ,91,"$3,458 ","$1,556 ",45%,Online
,Kohl's,1197831,9/12/21,Midwest,Kansas,Wichita,Women's Street Footwear,$15.00 ,75,"$1,125 ",$529 ,47%,Online
,Kohl's,1197831,9/12/21,Midwest,Kansas,Wichita,Women's Athletic Footwear,$14.00 ,65,$910 ,$428 ,47%,Online
,Kohl's,1197831,9/12/21,Midwest,Kansas,Wichita,Men's Apparel,$24.00 ,61,"$1,464 ",$717 ,49%,Online
,Kohl's,1197831,9/12/21,Midwest,Kansas,Wichita,Women's Apparel,$29.00 ,94,"$2,726 ","$1,336 ",49%,Online
,Kohl's,1197831,10/14/21,Midwest,Kansas,Wichita,Men's Street Footwear,$29.00 ,145,"$4,205 ","$1,934 ",46%,Online
,Kohl's,1197831,10/14/21,Midwest,Kansas,Wichita,Men's Athletic Footwear,$19.00 ,85,"$1,615 ",$743 ,46%,Online
,Kohl's,1197831,10/14/21,Midwest,Kansas,Wichita,Women's Street Footwear,$19.00 ,60,"$1,140 ",$536 ,47%,Online
,Kohl's,1197831,10/14/21,Midwest,Kansas,Wichita,Women's Athletic Footwear,$19.00 ,47,$893 ,$429 ,48%,Online
,Kohl's,1197831,10/14/21,Midwest,Kansas,Wichita,Men's Apparel,$29.00 ,46,"$1,334 ",$654 ,49%,Online
,Foot Locker,1197831,10/14/21,Midwest,Kansas,Wichita,Women's Apparel,$28.00 ,90,"$2,520 ","$1,210 ",48%,Online
,Foot Locker,1197831,11/13/21,Midwest,Kansas,Wichita,Men's Street Footwear,$23.00 ,122,"$2,806 ","$1,319 ",47%,Online
,Foot Locker,1197831,11/13/21,Midwest,Kansas,Wichita,Men's Athletic Footwear,$14.00 ,72,"$1,008 ",$504 ,50%,Online
,Foot Locker,1197831,11/13/21,Midwest,Kansas,Wichita,Women's Street Footwear,$23.00 ,55,"$1,265 ",$633 ,50%,Online
,Foot Locker,1197831,11/13/21,Midwest,Kansas,Wichita,Women's Athletic Footwear,$54.00 ,83,"$4,482 ","$2,151 ",48%,Online
,Foot Locker,1197831,11/13/21,Midwest,Kansas,Wichita,Men's Apparel,$68.00 ,70,"$4,760 ","$2,190 ",46%,Online
,Foot Locker,1197831,11/13/21,Midwest,Kansas,Wichita,Women's Apparel,$73.00 ,88,"$6,424 ","$2,955 ",46%,Online
,Foot Locker,1197831,12/12/21,Midwest,Kansas,Wichita,Men's Street Footwear,$66.00 ,150,"$9,900 ","$4,950 ",50%,Online
,Foot Locker,1197831,12/12/21,Midwest,Kansas,Wichita,Men's Athletic Footwear,$59.00 ,120,"$7,080 ","$3,540 ",50%,Online
,Foot Locker,1197831,12/12/21,Midwest,Kansas,Wichita,Women's Street Footwear,$58.00 ,95,"$5,510 ","$2,535 ",46%,Online
,Foot Locker,1197831,12/12/21,Midwest,Kansas,Wichita,Women's Athletic Footwear,$59.00 ,90,"$5,310 ","$2,390 ",45%,Online
,Foot Locker,1197831,12/12/21,Midwest,Kansas,Wichita,Men's Apparel,$64.00 ,81,"$5,184 ","$2,592 ",50%,Online
,Foot Locker,1197831,12/12/21,Midwest,Kansas,Wichita,Women's Apparel,$68.00 ,112,"$7,616 ","$3,503 ",46%,Online
,Foot Locker,1185732,1/12/21,Midwest,Kansas,Wichita,Men's Street Footwear,$38.00 ,138,"$5,244 ","$2,570 ",49%,Online
,Foot Locker,1185732,1/12/21,Midwest,Kansas,Wichita,Men's Athletic Footwear,$37.00 ,80,"$2,960 ","$1,184 ",40%,Online
,Foot Locker,1185732,1/12/21,Midwest,Kansas,Wichita,Women's Street Footwear,$27.00 ,83,"$2,241 ",$986 ,44%,Online
,Foot Locker,1185732,1/12/21,Midwest,Kansas,Wichita,Women's Athletic Footwear,$34.00 ,36,"$1,224 ",$490 ,40%,Online
,Foot Locker,1185732,1/12/21,Midwest,Kansas,Wichita,Men's Apparel,$48.00 ,44,"$2,112 ",$993 ,47%,Online
,Foot Locker,1185732,1/12/21,Midwest,Kansas,Wichita,Women's Apparel,$37.00 ,72,"$2,664 ","$1,465 ",55%,Online
,Foot Locker,1185732,2/12/21,Midwest,Kansas,Wichita,Men's Street Footwear,$37.00 ,158,"$5,846 ","$2,923 ",50%,Online
,Foot Locker,1185732,2/12/21,Midwest,Kansas,Wichita,Men's Athletic Footwear,$39.00 ,47,"$1,833 ",$807 ,44%,Online
,Foot Locker,1185732,2/12/21,Midwest,Kansas,Wichita,Women's Street Footwear,$29.00 ,59,"$1,711 ",$736 ,43%,Online
,Foot Locker,1185732,2/12/21,Midwest,South Dakota,Sioux Falls,Women's Athletic Footwear,$33.00 ,25,$825 ,$363 ,44%,Online
,Foot Locker,1185732,2/12/21,Midwest,South Dakota,Sioux Falls,Men's Apparel,$48.00 ,46,"$2,208 ",$994 ,45%,Online
,Foot Locker,1185732,2/12/21,Midwest,South Dakota,Sioux Falls,Women's Apparel,$32.00 ,80,"$2,560 ","$1,408 ",55%,Online
,Foot Locker,1185732,3/11/21,Midwest,South Dakota,Sioux Falls,Men's Street Footwear,$39.00 ,124,"$4,836 ","$2,370 ",49%,Online
,Foot Locker,1185732,3/11/21,Midwest,South Dakota,Sioux Falls,Men's Athletic Footwear,$37.00 ,50,"$1,850 ",$777 ,42%,Online
,Foot Locker,1185732,3/11/21,Midwest,South Dakota,Sioux Falls,Women's Street Footwear,$27.00 ,59,"$1,593 ",$669 ,42%,Online
,Foot Locker,1185732,3/11/21,Midwest,South Dakota,Sioux Falls,Women's Athletic Footwear,$33.00 ,23,$759 ,$334 ,44%,Online
,Foot Locker,1185732,3/11/21,Midwest,South Dakota,Sioux Falls,Men's Apparel,$47.00 ,31,"$1,457 ",$729 ,50%,Online
,Foot Locker,1185732,3/11/21,Midwest,South Dakota,Sioux Falls,Women's Apparel,$37.00 ,59,"$2,183 ","$1,157 ",53%,Online
,Foot Locker,1185732,4/12/21,Midwest,South Dakota,Sioux Falls,Men's Street Footwear,$38.00 ,113,"$4,294 ","$1,975 ",46%,Online
,Foot Locker,1185732,4/12/21,Midwest,South Dakota,Sioux Falls,Men's Athletic Footwear,$39.00 ,42,"$1,638 ",$672 ,41%,Online
,Foot Locker,1185732,4/12/21,Midwest,South Dakota,Sioux Falls,Women's Street Footwear,$29.00 ,45,"$1,305 ",$522 ,40%,Online
,Foot Locker,1185732,4/12/21,Midwest,South Dakota,Sioux Falls,Women's Athletic Footwear,$34.00 ,20,$680 ,$292 ,43%,Online
,Foot Locker,1185732,4/12/21,Midwest,South Dakota,Sioux Falls,Men's Apparel,$56.00 ,29,"$1,624 ",$747 ,46%,Online
,Foot Locker,1185732,4/12/21,Midwest,South Dakota,Sioux Falls,Women's Apparel,$48.00 ,61,"$2,928 ","$1,552 ",53%,Online
,Foot Locker,1185732,5/13/21,Midwest,South Dakota,Sioux Falls,Men's Street Footwear,$58.00 ,139,"$8,062 ","$3,789 ",47%,Online
,Foot Locker,1185732,5/13/21,Midwest,South Dakota,Sioux Falls,Men's Athletic Footwear,$45.00 ,60,"$2,700 ","$1,215 ",45%,Online
,Foot Locker,1185732,5/13/21,Midwest,South Dakota,Sioux Falls,Women's Street Footwear,$43.00 ,46,"$1,978 ",$831 ,42%,Online
,Foot Locker,1185732,5/13/21,Midwest,South Dakota,Sioux Falls,Women's Athletic Footwear,$43.00 ,26,"$1,118 ",$503 ,45%,Online
,Foot Locker,1185732,5/13/21,Midwest,South Dakota,Sioux Falls,Men's Apparel,$51.00 ,38,"$1,938 ",$969 ,50%,Online
,Foot Locker,1185732,5/13/21,Midwest,South Dakota,Sioux Falls,Women's Apparel,$58.00 ,68,"$3,944 ","$2,011 ",51%,Online
,Foot Locker,1185732,6/12/21,Midwest,South Dakota,Sioux Falls,Men's Street Footwear,$41.00 ,135,"$5,535 ","$2,546 ",46%,Online
,Foot Locker,1185732,6/12/21,Midwest,South Dakota,Sioux Falls,Men's Athletic Footwear,$39.00 ,70,"$2,730 ","$1,092 ",40%,Online
,Foot Locker,1185732,6/12/21,Midwest,South Dakota,Sioux Falls,Women's Street Footwear,$32.00 ,54,"$1,728 ",$743 ,43%,Online
,Foot Locker,1185732,6/12/21,Midwest,South Dakota,Sioux Falls,Women's Athletic Footwear,$32.00 ,49,"$1,568 ",$706 ,45%,Online
,Foot Locker,1185732,6/12/21,Midwest,South Dakota,Sioux Falls,Men's Apparel,$41.00 ,51,"$2,091 ",$941 ,45%,Online
,Foot Locker,1185732,6/12/21,Midwest,South Dakota,Sioux Falls,Women's Apparel,$50.00 ,94,"$4,700 ","$2,491 ",53%,Online
,Foot Locker,1185732,7/11/21,Midwest,South Dakota,Sioux Falls,Men's Street Footwear,$47.00 ,154,"$7,238 ","$3,329 ",46%,Online
,Foot Locker,1185732,7/11/21,Midwest,South Dakota,Sioux Falls,Men's Athletic Footwear,$44.00 ,81,"$3,564 ","$1,604 ",45%,Online
,Foot Locker,1185732,7/11/21,Midwest,South Dakota,Sioux Falls,Women's Street Footwear,$37.00 ,61,"$2,257 ",$948 ,42%,Online
,Foot Locker,1185732,7/11/21,Midwest,South Dakota,Sioux Falls,Women's Athletic Footwear,$38.00 ,44,"$1,672 ",$719 ,43%,Online
,Foot Locker,1185732,7/11/21,Midwest,South Dakota,Sioux Falls,Men's Apparel,$49.00 ,52,"$2,548 ","$1,172 ",46%,Online
,Foot Locker,1185732,7/11/21,Midwest,South Dakota,Sioux Falls,Women's Apparel,$53.00 ,94,"$4,982 ","$2,640 ",53%,Online
,Foot Locker,1185732,8/12/21,Midwest,South Dakota,Sioux Falls,Men's Street Footwear,$49.00 ,131,"$6,419 ","$3,081 ",48%,Online
,Foot Locker,1185732,8/12/21,Midwest,South Dakota,Sioux Falls,Men's Athletic Footwear,$42.00 ,78,"$3,276 ","$1,474 ",45%,Online
,Foot Locker,1185732,8/12/21,Midwest,South Dakota,Sioux Falls,Women's Street Footwear,$36.00 ,65,"$2,340 ",$936 ,40%,Online
,Foot Locker,1185732,8/12/21,Midwest,South Dakota,Sioux Falls,Women's Athletic Footwear,$38.00 ,58,"$2,204 ",$948 ,43%,Online
,Foot Locker,1185732,8/12/21,Midwest,South Dakota,Sioux Falls,Men's Apparel,$47.00 ,46,"$2,162 ",$995 ,46%,Online
,Foot Locker,1185732,8/12/21,Midwest,South Dakota,Sioux Falls,Women's Apparel,$53.00 ,88,"$4,664 ","$2,332 ",50%,Online
,Foot Locker,1185732,9/13/21,Midwest,South Dakota,Sioux Falls,Men's Street Footwear,$42.00 ,138,"$5,796 ","$2,608 ",45%,Online
,Foot Locker,1185732,9/13/21,Midwest,South Dakota,Sioux Falls,Men's Athletic Footwear,$39.00 ,80,"$3,120 ","$1,248 ",40%,Online
,Foot Locker,1185732,9/13/21,Midwest,South Dakota,Sioux Falls,Women's Street Footwear,$32.00 ,53,"$1,696 ",$678 ,40%,Online
,Foot Locker,1185732,9/13/21,Midwest,South Dakota,Sioux Falls,Women's Athletic Footwear,$34.00 ,39,"$1,326 ",$530 ,40%,Online
,Foot Locker,1185732,9/13/21,Midwest,South Dakota,Sioux Falls,Men's Apparel,$41.00 ,42,"$1,722 ",$861 ,50%,Online
,Foot Locker,1185732,9/13/21,Midwest,South Dakota,Sioux Falls,Women's Apparel,$46.00 ,65,"$2,990 ","$1,495 ",50%,Online
,Foot Locker,1185732,10/12/21,Midwest,South Dakota,Sioux Falls,Men's Street Footwear,$54.00 ,104,"$5,616 ","$2,583 ",46%,Online
,Foot Locker,1185732,10/12/21,Midwest,South Dakota,Sioux Falls,Men's Athletic Footwear,$41.00 ,75,"$3,075 ","$1,292 ",42%,Online
,Foot Locker,1185732,10/12/21,Midwest,South Dakota,Sioux Falls,Women's Street Footwear,$43.00 ,42,"$1,806 ",$722 ,40%,Online
,Foot Locker,1185732,10/12/21,Midwest,South Dakota,Sioux Falls,Women's Athletic Footwear,$43.00 ,36,"$1,548 ",$697 ,45%,Online
,Foot Locker,1185732,10/12/21,Midwest,South Dakota,Sioux Falls,Men's Apparel,$54.00 ,38,"$2,052 ",$964 ,47%,Online
,Sports Direct,1185732,10/12/21,Midwest,South Dakota,Sioux Falls,Women's Apparel,$55.00 ,70,"$3,850 ","$2,118 ",55%,Online
,Sports Direct,1185732,11/12/21,Midwest,South Dakota,Sioux Falls,Men's Street Footwear,$53.00 ,104,"$5,512 ","$2,701 ",49%,Online
,Sports Direct,1185732,11/12/21,Midwest,South Dakota,Sioux Falls,Men's Athletic Footwear,$41.00 ,63,"$2,583 ","$1,059 ",41%,Online
,Sports Direct,1185732,11/12/21,Midwest,South Dakota,Sioux Falls,Women's Street Footwear,$43.00 ,57,"$2,451 ","$1,078 ",44%,Online
,Sports Direct,1185732,11/12/21,Midwest,South Dakota,Sioux Falls,Women's Athletic Footwear,$43.00 ,44,"$1,892 ",$832 ,44%,Online
,Sports Direct,1185732,11/12/21,Midwest,South Dakota,Sioux Falls,Men's Apparel,$59.00 ,45,"$2,655 ","$1,221 ",46%,Online
,Sports Direct,1185732,11/12/21,Midwest,South Dakota,Sioux Falls,Women's Apparel,$61.00 ,65,"$3,965 ","$1,983 ",50%,Online
,Sports Direct,1185732,12/11/21,Midwest,South Dakota,Sioux Falls,Men's Street Footwear,$58.00 ,140,"$8,120 ","$3,735 ",46%,Online
,Sports Direct,1185732,12/11/21,Midwest,South Dakota,Sioux Falls,Men's Athletic Footwear,$45.00 ,75,"$3,375 ","$1,451 ",43%,Online
,Sports Direct,1185732,12/11/21,Midwest,South Dakota,Sioux Falls,Women's Street Footwear,$45.00 ,73,"$3,285 ","$1,380 ",42%,Online
,Sports Direct,1185732,12/11/21,Midwest,South Dakota,Sioux Falls,Women's Athletic Footwear,$45.00 ,50,"$2,250 ","$1,013 ",45%,Online
,Sports Direct,1185732,12/11/21,Midwest,South Dakota,Sioux Falls,Men's Apparel,$56.00 ,50,"$2,800 ","$1,260 ",45%,Online
,Sports Direct,1185732,12/11/21,Midwest,South Dakota,Sioux Falls,Women's Apparel,$64.00 ,75,"$4,800 ","$2,496 ",52%,Online
,Sports Direct,1185732,1/9/21,Midwest,South Dakota,Sioux Falls,Men's Street Footwear,$33.00 ,128,"$4,224 ","$1,901 ",45%,Online
,Sports Direct,1185732,1/9/21,Midwest,South Dakota,Sioux Falls,Men's Athletic Footwear,$32.00 ,74,"$2,368 ","$1,042 ",44%,Online
,Sports Direct,1185732,1/9/21,Midwest,South Dakota,Sioux Falls,Women's Street Footwear,$25.00 ,74,"$1,850 ",$740 ,40%,Online
,Sports Direct,1185732,1/9/21,Midwest,South Dakota,Sioux Falls,Women's Athletic Footwear,$28.00 ,33,$924 ,$416 ,45%,Online
,Sports Direct,1185732,1/9/21,Midwest,South Dakota,Sioux Falls,Men's Apparel,$43.00 ,49,"$2,107 ","$1,032 ",49%,Online
,Sports Direct,1185732,1/9/21,Midwest,South Dakota,Sioux Falls,Women's Apparel,$33.00 ,72,"$2,376 ","$1,212 ",51%,Online
,Sports Direct,1185732,2/9/21,Midwest,South Dakota,Sioux Falls,Men's Street Footwear,$34.00 ,152,"$5,168 ","$2,326 ",45%,Online
,Sports Direct,1185732,2/9/21,Midwest,South Dakota,Sioux Falls,Men's Athletic Footwear,$34.00 ,51,"$1,734 ",$746 ,43%,Online
,Sports Direct,1185732,2/9/21,Midwest,South Dakota,Sioux Falls,Women's Street Footwear,$24.00 ,68,"$1,632 ",$685 ,42%,Online
,Sports Direct,1185732,2/9/21,Midwest,North Dakota,Fargo,Women's Athletic Footwear,$29.00 ,30,$870 ,$392 ,45%,Online
,Sports Direct,1185732,2/9/21,Midwest,North Dakota,Fargo,Men's Apparel,$42.00 ,51,"$2,142 ","$1,050 ",49%,Online
,Sports Direct,1185732,2/9/21,Midwest,North Dakota,Fargo,Women's Apparel,$23.00 ,69,"$1,587 ",$809 ,51%,Online
,Sports Direct,1185732,3/8/21,Midwest,North Dakota,Fargo,Men's Street Footwear,$29.00 ,134,"$3,886 ","$1,826 ",47%,Online
,Sports Direct,1185732,3/8/21,Midwest,North Dakota,Fargo,Men's Athletic Footwear,$27.00 ,58,"$1,566 ",$658 ,42%,Online
,Sports Direct,1185732,3/8/21,Midwest,North Dakota,Fargo,Women's Street Footwear,$19.00 ,56,"$1,064 ",$447 ,42%,Online
,Sports Direct,1185732,3/8/21,Midwest,North Dakota,Fargo,Women's Athletic Footwear,$25.00 ,22,$550 ,$231 ,42%,Online
,Sports Direct,1185732,3/8/21,Midwest,North Dakota,Fargo,Men's Apparel,$36.00 ,36,"$1,296 ",$648 ,50%,Online
,Sports Direct,1185732,3/8/21,Midwest,North Dakota,Fargo,Women's Apparel,$28.00 ,63,"$1,764 ",$917 ,52%,Online
,Sports Direct,1185732,4/9/21,Midwest,North Dakota,Fargo,Men's Street Footwear,$28.00 ,113,"$3,164 ","$1,550 ",49%,Online
,Sports Direct,1185732,4/9/21,Midwest,North Dakota,Fargo,Men's Athletic Footwear,$28.00 ,44,"$1,232 ",$530 ,43%,Online
,Sports Direct,1185732,4/9/21,Midwest,North Dakota,Fargo,Women's Street Footwear,$19.00 ,41,$779 ,$327 ,42%,Online
,Sports Direct,1185732,4/9/21,Midwest,North Dakota,Fargo,Women's Athletic Footwear,$24.00 ,22,$528 ,$227 ,43%,Online
,Sports Direct,1185732,4/9/21,Midwest,North Dakota,Fargo,Men's Apparel,$58.00 ,30,"$1,740 ",$835 ,48%,Online
,Sports Direct,1185732,4/9/21,Midwest,North Dakota,Fargo,Women's Apparel,$49.00 ,68,"$3,332 ","$1,766 ",53%,Online
,Sports Direct,1185732,5/10/21,Midwest,North Dakota,Fargo,Men's Street Footwear,$55.00 ,129,"$7,095 ","$3,406 ",48%,Online
,Sports Direct,1185732,5/10/21,Midwest,North Dakota,Fargo,Men's Athletic Footwear,$41.00 ,54,"$2,214 ",$974 ,44%,Online
,Sports Direct,1185732,5/10/21,Midwest,North Dakota,Fargo,Women's Street Footwear,$37.00 ,51,"$1,887 ",$811 ,43%,Online
,Sports Direct,1185732,5/10/21,Midwest,North Dakota,Fargo,Women's Athletic Footwear,$36.00 ,26,$936 ,$412 ,44%,Online
,Sports Direct,1185732,5/10/21,Midwest,North Dakota,Fargo,Men's Apparel,$46.00 ,31,"$1,426 ",$684 ,48%,Online
,Sports Direct,1185732,5/10/21,Midwest,North Dakota,Fargo,Women's Apparel,$52.00 ,75,"$3,900 ","$1,989 ",51%,Online
,Sports Direct,1185732,6/9/21,Midwest,North Dakota,Fargo,Men's Street Footwear,$36.00 ,125,"$4,500 ","$2,025 ",45%,Online
,Sports Direct,1185732,6/9/21,Midwest,North Dakota,Fargo,Men's Athletic Footwear,$32.00 ,65,"$2,080 ",$894 ,43%,Online
,Sports Direct,1185732,6/9/21,Midwest,North Dakota,Fargo,Women's Street Footwear,$27.00 ,60,"$1,620 ",$648 ,40%,Online
,Sports Direct,1185732,6/9/21,Midwest,North Dakota,Fargo,Women's Athletic Footwear,$29.00 ,51,"$1,479 ",$621 ,42%,Online
,Sports Direct,1185732,6/9/21,Midwest,North Dakota,Fargo,Men's Apparel,$38.00 ,47,"$1,786 ",$822 ,46%,Online
,Sports Direct,1185732,6/9/21,Midwest,North Dakota,Fargo,Women's Apparel,$51.00 ,91,"$4,641 ","$2,506 ",54%,Online
,Sports Direct,1185732,7/8/21,Midwest,North Dakota,Fargo,Men's Street Footwear,$48.00 ,160,"$7,680 ","$3,763 ",49%,Online
,Sports Direct,1185732,7/8/21,Midwest,North Dakota,Fargo,Men's Athletic Footwear,$44.00 ,84,"$3,696 ","$1,589 ",43%,Online
,Sports Direct,1185732,7/8/21,Midwest,North Dakota,Fargo,Women's Street Footwear,$37.00 ,59,"$2,183 ",$873 ,40%,Online
,Sports Direct,1185732,7/8/21,Midwest,North Dakota,Fargo,Women's Athletic Footwear,$38.00 ,53,"$2,014 ",$866 ,43%,Online
,Sports Direct,1185732,7/8/21,Midwest,North Dakota,Fargo,Men's Apparel,$49.00 ,60,"$2,940 ","$1,352 ",46%,Online
,Sports Direct,1185732,7/8/21,Midwest,North Dakota,Fargo,Women's Apparel,$54.00 ,98,"$5,292 ","$2,858 ",54%,Online
,Sports Direct,1185732,8/9/21,Midwest,North Dakota,Fargo,Men's Street Footwear,$46.00 ,147,"$6,762 ","$3,313 ",49%,Online
,Sports Direct,1185732,8/9/21,Midwest,North Dakota,Fargo,Men's Athletic Footwear,$42.00 ,90,"$3,780 ","$1,512 ",40%,Online
,Sports Direct,1185732,8/9/21,Midwest,North Dakota,Fargo,Women's Street Footwear,$37.00 ,63,"$2,331 ",$956 ,41%,Online
,Sports Direct,1185732,8/9/21,Midwest,North Dakota,Fargo,Women's Athletic Footwear,$38.00 ,52,"$1,976 ",$810 ,41%,Online
,Sports Direct,1185732,8/9/21,Midwest,North Dakota,Fargo,Men's Apparel,$46.00 ,44,"$2,024 ",$931 ,46%,Online
,Sports Direct,1185732,8/9/21,Midwest,North Dakota,Fargo,Women's Apparel,$54.00 ,95,"$5,130 ","$2,719 ",53%,Online
,Sports Direct,1185732,9/10/21,Midwest,North Dakota,Fargo,Men's Street Footwear,$36.00 ,133,"$4,788 ","$2,394 ",50%,Online
,Sports Direct,1185732,9/10/21,Midwest,North Dakota,Fargo,Men's Athletic Footwear,$34.00 ,72,"$2,448 ","$1,053 ",43%,Online
,Sports Direct,1185732,9/10/21,Midwest,North Dakota,Fargo,Women's Street Footwear,$27.00 ,51,"$1,377 ",$606 ,44%,Online
,Sports Direct,1185732,9/10/21,Midwest,North Dakota,Fargo,Women's Athletic Footwear,$28.00 ,44,"$1,232 ",$505 ,41%,Online
,Sports Direct,1185732,9/10/21,Midwest,North Dakota,Fargo,Men's Apparel,$36.00 ,42,"$1,512 ",$741 ,49%,Online
,Sports Direct,1185732,9/10/21,Midwest,North Dakota,Fargo,Women's Apparel,$44.00 ,63,"$2,772 ","$1,525 ",55%,Online
,Sports Direct,1185732,10/9/21,Midwest,North Dakota,Fargo,Men's Street Footwear,$49.00 ,116,"$5,684 ","$2,671 ",47%,Online
,Sports Direct,1185732,10/9/21,Midwest,North Dakota,Fargo,Men's Athletic Footwear,$36.00 ,73,"$2,628 ","$1,077 ",41%,Online
,Sports Direct,1185732,10/9/21,Midwest,North Dakota,Fargo,Women's Street Footwear,$39.00 ,39,"$1,521 ",$669 ,44%,Online
,Sports Direct,1185732,10/9/21,Midwest,North Dakota,Fargo,Women's Athletic Footwear,$38.00 ,33,"$1,254 ",$502 ,40%,Online
,Sports Direct,1185732,10/9/21,Midwest,North Dakota,Fargo,Men's Apparel,$45.00 ,34,"$1,530 ",$719 ,47%,Online
,Foot Locker,1185732,10/9/21,Midwest,North Dakota,Fargo,Women's Apparel,$53.00 ,73,"$3,869 ","$2,051 ",53%,Online
,Foot Locker,1185732,11/9/21,Midwest,North Dakota,Fargo,Men's Street Footwear,$49.00 ,120,"$5,880 ","$2,940 ",50%,Online
,Foot Locker,1185732,11/9/21,Midwest,North Dakota,Fargo,Men's Athletic Footwear,$36.00 ,73,"$2,628 ","$1,183 ",45%,Online
,Foot Locker,1185732,11/9/21,Midwest,North Dakota,Fargo,Women's Street Footwear,$39.00 ,53,"$2,067 ",$909 ,44%,Online
,Foot Locker,1185732,11/9/21,Midwest,North Dakota,Fargo,Women's Athletic Footwear,$39.00 ,47,"$1,833 ",$788 ,43%,Online
,Foot Locker,1185732,11/9/21,Midwest,North Dakota,Fargo,Men's Apparel,$55.00 ,44,"$2,420 ","$1,089 ",45%,Online
,Foot Locker,1185732,11/9/21,Midwest,North Dakota,Fargo,Women's Apparel,$60.00 ,65,"$3,900 ","$1,989 ",51%,Online
,Foot Locker,1185732,12/8/21,Midwest,North Dakota,Fargo,Men's Street Footwear,$55.00 ,150,"$8,250 ","$3,795 ",46%,Online
,Foot Locker,1185732,12/8/21,Midwest,North Dakota,Fargo,Men's Athletic Footwear,$46.00 ,75,"$3,450 ","$1,553 ",45%,Online
,Foot Locker,1185732,12/8/21,Midwest,North Dakota,Fargo,Women's Street Footwear,$48.00 ,73,"$3,504 ","$1,577 ",45%,Online
,Foot Locker,1185732,12/8/21,Midwest,North Dakota,Fargo,Women's Athletic Footwear,$47.00 ,54,"$2,538 ","$1,041 ",41%,Online
,Foot Locker,1185732,12/8/21,Midwest,North Dakota,Fargo,Men's Apparel,$58.00 ,54,"$3,132 ","$1,409 ",45%,Online
,Foot Locker,1185732,12/8/21,Midwest,North Dakota,Fargo,Women's Apparel,$63.00 ,78,"$4,914 ","$2,604 ",53%,Online
,Foot Locker,1185732,1/6/21,Midwest,North Dakota,Fargo,Men's Street Footwear,$27.00 ,113,"$3,051 ","$1,373 ",45%,Online
,Foot Locker,1185732,1/6/21,Midwest,North Dakota,Fargo,Men's Athletic Footwear,$29.00 ,70,"$2,030 ",$934 ,46%,Online
,Foot Locker,1185732,1/6/21,Midwest,North Dakota,Fargo,Women's Street Footwear,$19.00 ,68,"$1,292 ",$581 ,45%,Online
,Foot Locker,1185732,1/6/21,Midwest,North Dakota,Fargo,Women's Athletic Footwear,$24.00 ,26,$624 ,$281 ,45%,Online
,Foot Locker,1185732,1/6/21,Midwest,North Dakota,Fargo,Men's Apparel,$38.00 ,42,"$1,596 ","$1,005 ",63%,Online
,Foot Locker,1185732,1/6/21,Midwest,North Dakota,Fargo,Women's Apparel,$28.00 ,75,"$2,100 ","$1,092 ",52%,Online
,Foot Locker,1185732,2/6/21,Midwest,North Dakota,Fargo,Men's Street Footwear,$28.00 ,145,"$4,060 ","$1,786 ",44%,Online
,Foot Locker,1185732,2/6/21,Midwest,North Dakota,Fargo,Men's Athletic Footwear,$28.00 ,45,"$1,260 ",$580 ,46%,Online
,Foot Locker,1185732,2/6/21,Midwest,North Dakota,Fargo,Women's Street Footwear,$19.00 ,56,"$1,064 ",$436 ,41%,Online
,Foot Locker,1185732,2/6/21,Midwest,Iowa,Des Moines,Women's Athletic Footwear,$25.00 ,23,$575 ,$253 ,44%,Online
,Foot Locker,1185732,2/6/21,Midwest,Iowa,Des Moines,Men's Apparel,$38.00 ,38,"$1,444 ",$939 ,65%,Online
,Foot Locker,1185732,2/6/21,Midwest,Iowa,Des Moines,Women's Apparel,$14.00 ,68,$952 ,$514 ,54%,Online
,Foot Locker,1185732,3/5/21,Midwest,Iowa,Des Moines,Men's Street Footwear,$19.00 ,136,"$2,584 ","$1,034 ",40%,Online
,Foot Locker,1185732,3/5/21,Midwest,Iowa,Des Moines,Men's Athletic Footwear,$19.00 ,47,$893 ,$402 ,45%,Online
,Foot Locker,1185732,3/5/21,Midwest,Iowa,Des Moines,Women's Street Footwear,$9.00 ,65,$585 ,$234 ,40%,Online
,Foot Locker,1185732,3/5/21,Midwest,Iowa,Des Moines,Women's Athletic Footwear,$14.00 ,28,$392 ,$165 ,42%,Online
,Foot Locker,1185732,3/5/21,Midwest,Iowa,Des Moines,Men's Apparel,$28.00 ,39,"$1,092 ",$699 ,64%,Online
,Foot Locker,1185732,3/5/21,Midwest,Iowa,Des Moines,Women's Apparel,$20.00 ,68,"$1,360 ",$721 ,53%,Online
,Foot Locker,1185732,4/6/21,Midwest,Iowa,Des Moines,Men's Street Footwear,$20.00 ,124,"$2,480 ","$1,116 ",45%,Online
,Foot Locker,1185732,4/6/21,Midwest,Iowa,Des Moines,Men's Athletic Footwear,$18.00 ,49,$882 ,$432 ,49%,Online
,Foot Locker,1185732,4/6/21,Midwest,Iowa,Des Moines,Women's Street Footwear,$10.00 ,53,$530 ,$233 ,44%,Online
,Foot Locker,1185732,4/6/21,Midwest,Iowa,Des Moines,Women's Athletic Footwear,$15.00 ,28,$420 ,$189 ,45%,Online
,Foot Locker,1185732,4/6/21,Midwest,Iowa,Des Moines,Men's Apparel,$55.00 ,34,"$1,870 ","$1,141 ",61%,Online
,Foot Locker,1185732,4/6/21,Midwest,Iowa,Des Moines,Women's Apparel,$46.00 ,63,"$2,898 ","$1,507 ",52%,Online
,Foot Locker,1185732,5/7/21,Midwest,Iowa,Des Moines,Men's Street Footwear,$57.00 ,146,"$8,322 ","$3,495 ",42%,Online
,Foot Locker,1185732,5/7/21,Midwest,Iowa,Des Moines,Men's Athletic Footwear,$37.00 ,63,"$2,331 ","$1,072 ",46%,Online
,Foot Locker,1185732,5/7/21,Midwest,Iowa,Des Moines,Women's Street Footwear,$33.00 ,54,"$1,782 ",$731 ,41%,Online
,Foot Locker,1185732,5/7/21,Midwest,Iowa,Des Moines,Women's Athletic Footwear,$33.00 ,34,"$1,122 ",$494 ,44%,Online
,Foot Locker,1185732,5/7/21,Midwest,Iowa,Des Moines,Men's Apparel,$43.00 ,42,"$1,806 ","$1,174 ",65%,Online
,Foot Locker,1185732,5/7/21,Midwest,Iowa,Des Moines,Women's Apparel,$46.00 ,69,"$3,174 ","$1,650 ",52%,Online
,Foot Locker,1185732,6/6/21,Midwest,Iowa,Des Moines,Men's Street Footwear,$32.00 ,137,"$4,384 ","$1,841 ",42%,Online
,Foot Locker,1185732,6/6/21,Midwest,Iowa,Des Moines,Men's Athletic Footwear,$28.00 ,77,"$2,156 ","$1,035 ",48%,Online
,Foot Locker,1185732,6/6/21,Midwest,Iowa,Des Moines,Women's Street Footwear,$23.00 ,50,"$1,150 ",$518 ,45%,Online
,Foot Locker,1185732,6/6/21,Midwest,Iowa,Des Moines,Women's Athletic Footwear,$24.00 ,44,"$1,056 ",$465 ,44%,Online
,Foot Locker,1185732,6/6/21,Midwest,Iowa,Des Moines,Men's Apparel,$34.00 ,44,"$1,496 ",$957 ,64%,Online
,Foot Locker,1185732,6/6/21,Midwest,Iowa,Des Moines,Women's Apparel,$51.00 ,85,"$4,335 ","$2,298 ",53%,Online
,Foot Locker,1185732,7/5/21,Midwest,Iowa,Des Moines,Men's Street Footwear,$49.00 ,138,"$6,762 ","$2,975 ",44%,Online
,Foot Locker,1185732,7/5/21,Midwest,Iowa,Des Moines,Men's Athletic Footwear,$44.00 ,87,"$3,828 ","$1,876 ",49%,Online
,Foot Locker,1185732,7/5/21,Midwest,Iowa,Des Moines,Women's Street Footwear,$36.00 ,68,"$2,448 ","$1,077 ",44%,Online
,Foot Locker,1185732,7/5/21,Midwest,Iowa,Des Moines,Women's Athletic Footwear,$37.00 ,47,"$1,739 ",$713 ,41%,Online
,Foot Locker,1185732,7/5/21,Midwest,Iowa,Des Moines,Men's Apparel,$46.00 ,60,"$2,760 ","$1,656 ",60%,Online
,Foot Locker,1185732,7/5/21,Midwest,Iowa,Des Moines,Women's Apparel,$51.00 ,94,"$4,794 ","$2,397 ",50%,Online
,Foot Locker,1185732,8/6/21,Midwest,Iowa,Des Moines,Men's Street Footwear,$49.00 ,131,"$6,419 ","$2,696 ",42%,Online
,Foot Locker,1185732,8/6/21,Midwest,Iowa,Des Moines,Men's Athletic Footwear,$42.00 ,78,"$3,276 ","$1,507 ",46%,Online
,Foot Locker,1185732,8/6/21,Midwest,Iowa,Des Moines,Women's Street Footwear,$39.00 ,61,"$2,379 ","$1,023 ",43%,Online
,Foot Locker,1185732,8/6/21,Midwest,Iowa,Des Moines,Women's Athletic Footwear,$37.00 ,54,"$1,998 ",$819 ,41%,Online
,Foot Locker,1185732,8/6/21,Midwest,Iowa,Des Moines,Men's Apparel,$48.00 ,51,"$2,448 ","$1,469 ",60%,Online
,Foot Locker,1185732,8/6/21,Midwest,Iowa,Des Moines,Women's Apparel,$53.00 ,98,"$5,194 ","$2,857 ",55%,Online
,Foot Locker,1185732,9/7/21,Midwest,Iowa,Des Moines,Men's Street Footwear,$34.00 ,133,"$4,522 ","$1,809 ",40%,Online
,Foot Locker,1185732,9/7/21,Midwest,Iowa,Des Moines,Men's Athletic Footwear,$27.00 ,77,"$2,079 ",$977 ,47%,Online
,Foot Locker,1185732,9/7/21,Midwest,Iowa,Des Moines,Women's Street Footwear,$24.00 ,49,"$1,176 ",$470 ,40%,Online
,Foot Locker,1185732,9/7/21,Midwest,Iowa,Des Moines,Women's Athletic Footwear,$23.00 ,38,$874 ,$393 ,45%,Online
,Foot Locker,1185732,9/7/21,Midwest,Iowa,Des Moines,Men's Apparel,$34.00 ,45,"$1,530 ",$933 ,61%,Online
,Foot Locker,1185732,9/7/21,Midwest,Iowa,Des Moines,Women's Apparel,$36.00 ,61,"$2,196 ","$1,098 ",50%,Online
,Foot Locker,1185732,10/6/21,Midwest,Iowa,Des Moines,Men's Street Footwear,$43.00 ,112,"$4,816 ","$1,975 ",41%,Online
,Foot Locker,1185732,10/6/21,Midwest,Iowa,Des Moines,Men's Athletic Footwear,$32.00 ,75,"$2,400 ","$1,104 ",46%,Online
,Foot Locker,1185732,10/6/21,Midwest,Iowa,Des Moines,Women's Street Footwear,$34.00 ,39,"$1,326 ",$544 ,41%,Online
,Foot Locker,1185732,10/6/21,Midwest,Iowa,Des Moines,Women's Athletic Footwear,$34.00 ,31,"$1,054 ",$443 ,42%,Online
,Foot Locker,1185732,10/6/21,Midwest,Iowa,Des Moines,Men's Apparel,$42.00 ,38,"$1,596 ","$1,021 ",64%,Online
,West Gear,1185732,10/6/21,Midwest,Iowa,Des Moines,Women's Apparel,$49.00 ,73,"$3,577 ","$1,896 ",53%,Online
,West Gear,1185732,11/6/21,Midwest,Iowa,Des Moines,Men's Street Footwear,$41.00 ,112,"$4,592 ","$2,020 ",44%,Online
,West Gear,1185732,11/6/21,Midwest,Iowa,Des Moines,Men's Athletic Footwear,$32.00 ,72,"$2,304 ","$1,129 ",49%,Online
,West Gear,1185732,11/6/21,Midwest,Iowa,Des Moines,Women's Street Footwear,$32.00 ,57,"$1,824 ",$803 ,44%,Online
,West Gear,1185732,11/6/21,Midwest,Iowa,Des Moines,Women's Athletic Footwear,$34.00 ,52,"$1,768 ",$725 ,41%,Online
,West Gear,1185732,11/6/21,Midwest,Iowa,Des Moines,Men's Apparel,$55.00 ,49,"$2,695 ","$1,617 ",60%,Online
,West Gear,1185732,11/6/21,Midwest,Iowa,Des Moines,Women's Apparel,$59.00 ,72,"$4,248 ","$2,209 ",52%,Online
,West Gear,1185732,12/5/21,Midwest,Iowa,Des Moines,Men's Street Footwear,$54.00 ,147,"$7,938 ","$3,334 ",42%,Online
,West Gear,1185732,12/5/21,Midwest,Iowa,Des Moines,Men's Athletic Footwear,$47.00 ,91,"$4,277 ","$2,010 ",47%,Online
,West Gear,1185732,12/5/21,Midwest,Iowa,Des Moines,Women's Street Footwear,$47.00 ,83,"$3,901 ","$1,638 ",42%,Online
,West Gear,1185732,12/5/21,Midwest,Iowa,Des Moines,Women's Athletic Footwear,$49.00 ,61,"$2,989 ","$1,285 ",43%,Online
,West Gear,1185732,12/5/21,Midwest,Iowa,Des Moines,Men's Apparel,$59.00 ,59,"$3,481 ","$2,123 ",61%,Online
,West Gear,1185732,12/5/21,Midwest,Iowa,Des Moines,Women's Apparel,$59.00 ,88,"$5,192 ","$2,856 ",55%,Online
,West Gear,1185732,1/3/21,Midwest,Iowa,Des Moines,Men's Street Footwear,$28.00 ,126,"$3,528 ","$1,588 ",45%,Online
,West Gear,1185732,1/3/21,Midwest,Iowa,Des Moines,Men's Athletic Footwear,$29.00 ,70,"$2,030 ",$934 ,46%,Online
,West Gear,1185732,1/3/21,Midwest,Iowa,Des Moines,Women's Street Footwear,$18.00 ,65,"$1,170 ",$480 ,41%,Online
,West Gear,1185732,1/3/21,Midwest,Iowa,Des Moines,Women's Athletic Footwear,$23.00 ,29,$667 ,$300 ,45%,Online
,West Gear,1185732,1/3/21,Midwest,Iowa,Des Moines,Men's Apparel,$38.00 ,45,"$1,710 ","$1,060 ",62%,Online
,West Gear,1185732,1/3/21,Midwest,Iowa,Des Moines,Women's Apparel,$28.00 ,73,"$2,044 ","$1,124 ",55%,Online
,West Gear,1185732,2/3/21,Midwest,Iowa,Des Moines,Men's Street Footwear,$29.00 ,140,"$4,060 ","$1,665 ",41%,Online
,West Gear,1185732,2/3/21,Midwest,Iowa,Des Moines,Men's Athletic Footwear,$29.00 ,39,"$1,131 ",$554 ,49%,Online
,West Gear,1185732,2/3/21,Midwest,Iowa,Des Moines,Women's Street Footwear,$20.00 ,60,"$1,200 ",$516 ,43%,Online
,West Gear,1185732,2/3/21,Midwest,Wisconsin,Milwaukee,Women's Athletic Footwear,$23.00 ,20,$460 ,$198 ,43%,Online
,West Gear,1185732,2/3/21,Midwest,Wisconsin,Milwaukee,Men's Apparel,$38.00 ,38,"$1,444 ",$881 ,61%,Online
,West Gear,1185732,2/3/21,Midwest,Wisconsin,Milwaukee,Women's Apparel,$14.00 ,65,$910 ,$464 ,51%,Online
,West Gear,1185732,3/2/21,Midwest,Wisconsin,Milwaukee,Men's Street Footwear,$19.00 ,141,"$2,679 ","$1,098 ",41%,Online
,West Gear,1185732,3/2/21,Midwest,Wisconsin,Milwaukee,Men's Athletic Footwear,$19.00 ,44,$836 ,$418 ,50%,Online
,West Gear,1185732,3/2/21,Midwest,Wisconsin,Milwaukee,Women's Street Footwear,$9.00 ,59,$531 ,$234 ,44%,Online
,West Gear,1185732,3/2/21,Midwest,Wisconsin,Milwaukee,Women's Athletic Footwear,$14.00 ,20,$280 ,$115 ,41%,Online
,West Gear,1185732,3/2/21,Midwest,Wisconsin,Milwaukee,Men's Apparel,$29.00 ,34,$986 ,$601 ,61%,Online
,West Gear,1185732,3/2/21,Midwest,Wisconsin,Milwaukee,Women's Apparel,$18.00 ,63,"$1,134 ",$612 ,54%,Online
,West Gear,1185732,4/3/21,Midwest,Wisconsin,Milwaukee,Men's Street Footwear,$18.00 ,122,"$2,196 ",$900 ,41%,Online
,West Gear,1185732,4/3/21,Midwest,Wisconsin,Milwaukee,Men's Athletic Footwear,$20.00 ,39,$780 ,$359 ,46%,Online
,West Gear,1185732,4/3/21,Midwest,Wisconsin,Milwaukee,Women's Street Footwear,$9.00 ,41,$369 ,$159 ,43%,Online
,West Gear,1185732,4/3/21,Midwest,Wisconsin,Milwaukee,Women's Athletic Footwear,$15.00 ,22,$330 ,$135 ,41%,Online
,West Gear,1185732,4/3/21,Midwest,Wisconsin,Milwaukee,Men's Apparel,$55.00 ,26,"$1,430 ",$887 ,62%,Online
,West Gear,1185732,4/3/21,Midwest,Wisconsin,Milwaukee,Women's Apparel,$49.00 ,61,"$2,989 ","$1,644 ",55%,Online
,West Gear,1185732,5/4/21,Midwest,Wisconsin,Milwaukee,Men's Street Footwear,$58.00 ,134,"$7,772 ","$3,187 ",41%,Online
,West Gear,1185732,5/4/21,Midwest,Wisconsin,Milwaukee,Men's Athletic Footwear,$39.00 ,50,"$1,950 ",$956 ,49%,Online
,West Gear,1185732,5/4/21,Midwest,Wisconsin,Milwaukee,Women's Street Footwear,$33.00 ,49,"$1,617 ",$728 ,45%,Online
,West Gear,1185732,5/4/21,Midwest,Wisconsin,Milwaukee,Women's Athletic Footwear,$32.00 ,38,"$1,216 ",$535 ,44%,Online
,West Gear,1185732,5/4/21,Midwest,Wisconsin,Milwaukee,Men's Apparel,$44.00 ,53,"$2,332 ","$1,423 ",61%,Online
,West Gear,1185732,5/4/21,Midwest,Wisconsin,Milwaukee,Women's Apparel,$47.00 ,90,"$4,230 ","$2,157 ",51%,Online
,West Gear,1185732,6/3/21,Midwest,Wisconsin,Milwaukee,Men's Street Footwear,$32.00 ,160,"$5,120 ","$2,253 ",44%,Online
,West Gear,1185732,6/3/21,Midwest,Wisconsin,Milwaukee,Men's Athletic Footwear,$27.00 ,90,"$2,430 ","$1,191 ",49%,Online
,West Gear,1185732,6/3/21,Midwest,Wisconsin,Milwaukee,Women's Street Footwear,$24.00 ,52,"$1,248 ",$549 ,44%,Online
,West Gear,1185732,6/3/21,Midwest,Wisconsin,Milwaukee,Women's Athletic Footwear,$24.00 ,47,"$1,128 ",$462 ,41%,Online
,West Gear,1185732,6/3/21,Midwest,Wisconsin,Milwaukee,Men's Apparel,$34.00 ,46,"$1,564 ",$938 ,60%,Online
,West Gear,1185732,6/3/21,Midwest,Wisconsin,Milwaukee,Women's Apparel,$51.00 ,98,"$4,998 ","$2,749 ",55%,Online
,West Gear,1185732,7/2/21,Midwest,Wisconsin,Milwaukee,Men's Street Footwear,$45.00 ,149,"$6,705 ","$2,816 ",42%,Online
,West Gear,1185732,7/2/21,Midwest,Wisconsin,Milwaukee,Men's Athletic Footwear,$42.00 ,87,"$3,654 ","$1,790 ",49%,Online
,West Gear,1185732,7/2/21,Midwest,Wisconsin,Milwaukee,Women's Street Footwear,$38.00 ,61,"$2,318 ",$997 ,43%,Online
,West Gear,1185732,7/2/21,Midwest,Wisconsin,Milwaukee,Women's Athletic Footwear,$38.00 ,51,"$1,938 ",$814 ,42%,Online
,West Gear,1185732,7/2/21,Midwest,Wisconsin,Milwaukee,Men's Apparel,$48.00 ,50,"$2,400 ","$1,488 ",62%,Online
,West Gear,1185732,7/2/21,Midwest,Wisconsin,Milwaukee,Women's Apparel,$52.00 ,94,"$4,888 ","$2,640 ",54%,Online
,West Gear,1185732,8/3/21,Midwest,Wisconsin,Milwaukee,Men's Street Footwear,$46.00 ,158,"$7,268 ","$3,053 ",42%,Online
,West Gear,1185732,8/3/21,Midwest,Wisconsin,Milwaukee,Men's Athletic Footwear,$43.00 ,84,"$3,612 ","$1,698 ",47%,Online
,West Gear,1185732,8/3/21,Midwest,Wisconsin,Milwaukee,Women's Street Footwear,$39.00 ,56,"$2,184 ",$874 ,40%,Online
,West Gear,1185732,8/3/21,Midwest,Wisconsin,Milwaukee,Women's Athletic Footwear,$39.00 ,50,"$1,950 ",$878 ,45%,Online
,West Gear,1185732,8/3/21,Midwest,Wisconsin,Milwaukee,Men's Apparel,$48.00 ,46,"$2,208 ","$1,435 ",65%,Online
,West Gear,1185732,8/3/21,Midwest,Wisconsin,Milwaukee,Women's Apparel,$52.00 ,102,"$5,304 ","$2,705 ",51%,Online
,West Gear,1185732,9/4/21,Midwest,Wisconsin,Milwaukee,Men's Street Footwear,$33.00 ,143,"$4,719 ","$1,935 ",41%,Online
,West Gear,1185732,9/4/21,Midwest,Wisconsin,Milwaukee,Men's Athletic Footwear,$29.00 ,65,"$1,885 ",$848 ,45%,Online
,West Gear,1185732,9/4/21,Midwest,Wisconsin,Milwaukee,Women's Street Footwear,$24.00 ,44,"$1,056 ",$475 ,45%,Online
,West Gear,1185732,9/4/21,Midwest,Wisconsin,Milwaukee,Women's Athletic Footwear,$23.00 ,34,$782 ,$352 ,45%,Online
,West Gear,1185732,9/4/21,Midwest,Wisconsin,Milwaukee,Men's Apparel,$33.00 ,33,"$1,089 ",$708 ,65%,Online
,West Gear,1185732,9/4/21,Midwest,Wisconsin,Milwaukee,Women's Apparel,$38.00 ,52,"$1,976 ",$988 ,50%,Online
,West Gear,1185732,10/3/21,Midwest,Wisconsin,Milwaukee,Men's Street Footwear,$43.00 ,113,"$4,859 ","$2,041 ",42%,Online
,West Gear,1185732,10/3/21,Midwest,Wisconsin,Milwaukee,Men's Athletic Footwear,$33.00 ,68,"$2,244 ","$1,077 ",48%,Online
,West Gear,1185732,10/3/21,Midwest,Wisconsin,Milwaukee,Women's Street Footwear,$34.00 ,33,"$1,122 ",$482 ,43%,Online
,West Gear,1185732,10/3/21,Midwest,Wisconsin,Milwaukee,Women's Athletic Footwear,$32.00 ,33,"$1,056 ",$433 ,41%,Online
,West Gear,1185732,10/3/21,Midwest,Wisconsin,Milwaukee,Men's Apparel,$44.00 ,33,"$1,452 ",$915 ,63%,Online
,West Gear,1185732,10/3/21,Midwest,Wisconsin,Milwaukee,Women's Apparel,$46.00 ,65,"$2,990 ","$1,525 ",51%,Online
,West Gear,1185732,11/3/21,Midwest,Wisconsin,Milwaukee,Men's Street Footwear,$41.00 ,104,"$4,264 ","$1,834 ",43%,Online
,West Gear,1185732,11/3/21,Midwest,Wisconsin,Milwaukee,Men's Athletic Footwear,$32.00 ,78,"$2,496 ","$1,173 ",47%,Online
,West Gear,1185732,11/3/21,Midwest,Wisconsin,Milwaukee,Women's Street Footwear,$33.00 ,69,"$2,277 ",$956 ,42%,Online
,West Gear,1185732,11/3/21,Midwest,Wisconsin,Milwaukee,Women's Athletic Footwear,$33.00 ,65,"$2,145 ",$965 ,45%,Online
,West Gear,1185732,11/3/21,Midwest,Wisconsin,Milwaukee,Men's Apparel,$58.00 ,56,"$3,248 ","$2,014 ",62%,Online
,West Gear,1185732,11/3/21,Midwest,Wisconsin,Milwaukee,Women's Apparel,$61.00 ,75,"$4,575 ","$2,333 ",51%,Online
,West Gear,1185732,12/2/21,Midwest,Wisconsin,Milwaukee,Men's Street Footwear,$58.00 ,138,"$8,004 ","$3,282 ",41%,Online
,West Gear,1185732,12/2/21,Midwest,Wisconsin,Milwaukee,Men's Athletic Footwear,$49.00 ,102,"$4,998 ","$2,349 ",47%,Online
,West Gear,1185732,12/2/21,Midwest,Wisconsin,Milwaukee,Women's Street Footwear,$45.00 ,87,"$3,915 ","$1,723 ",44%,Online
,West Gear,1185732,12/2/21,Midwest,Wisconsin,Milwaukee,Women's Athletic Footwear,$48.00 ,73,"$3,504 ","$1,577 ",45%,Online
,West Gear,1185732,12/2/21,Midwest,Wisconsin,Milwaukee,Men's Apparel,$57.00 ,73,"$4,161 ","$2,497 ",60%,Online
,West Gear,1185732,12/2/21,Midwest,Wisconsin,Milwaukee,Women's Apparel,$59.00 ,88,"$5,192 ","$2,700 ",52%,Online
,West Gear,1185732,1/10/21,Midwest,Wisconsin,Milwaukee,Men's Street Footwear,$32.00 ,140,"$4,480 ","$2,330 ",52%,Online
,West Gear,1185732,1/10/21,Midwest,Wisconsin,Milwaukee,Men's Athletic Footwear,$32.00 ,78,"$2,496 ","$1,273 ",51%,Online
,West Gear,1185732,1/10/21,Midwest,Wisconsin,Milwaukee,Women's Street Footwear,$24.00 ,87,"$2,088 ",$940 ,45%,Online
,West Gear,1185732,1/10/21,Midwest,Wisconsin,Milwaukee,Women's Athletic Footwear,$28.00 ,44,"$1,232 ",$591 ,48%,Online
,West Gear,1185732,1/10/21,Midwest,Wisconsin,Milwaukee,Men's Apparel,$41.00 ,58,"$2,378 ","$1,046 ",44%,Online
,West Gear,1185732,1/10/21,Midwest,Wisconsin,Milwaukee,Women's Apparel,$32.00 ,84,"$2,688 ","$1,344 ",50%,Online
,West Gear,1185732,2/10/21,Midwest,Wisconsin,Milwaukee,Men's Street Footwear,$34.00 ,160,"$5,440 ","$2,992 ",55%,Online
,West Gear,1185732,2/10/21,Midwest,Wisconsin,Milwaukee,Men's Athletic Footwear,$34.00 ,52,"$1,768 ",$902 ,51%,Online
,West Gear,1185732,2/10/21,Midwest,Wisconsin,Milwaukee,Women's Street Footwear,$24.00 ,73,"$1,752 ",$876 ,50%,Online
,West Gear,1185732,2/10/21,Midwest,Indiana,Indianapolis,Women's Athletic Footwear,$29.00 ,36,"$1,044 ",$491 ,47%,Online
,West Gear,1185732,2/10/21,Midwest,Indiana,Indianapolis,Men's Apparel,$41.00 ,58,"$2,378 ","$1,046 ",44%,Online
,West Gear,1185732,2/10/21,Midwest,Indiana,Indianapolis,Women's Apparel,$19.00 ,75,"$1,425 ",$727 ,51%,Online
,West Gear,1185732,3/9/21,Midwest,Indiana,Indianapolis,Men's Street Footwear,$23.00 ,151,"$3,473 ","$1,771 ",51%,Online
,West Gear,1185732,3/9/21,Midwest,Indiana,Indianapolis,Men's Athletic Footwear,$23.00 ,61,"$1,403 ",$772 ,55%,Online
,West Gear,1185732,3/9/21,Midwest,Indiana,Indianapolis,Women's Street Footwear,$14.00 ,72,"$1,008 ",$504 ,50%,Online
,West Gear,1185732,3/9/21,Midwest,Indiana,Indianapolis,Women's Athletic Footwear,$19.00 ,31,$589 ,$265 ,45%,Online
,West Gear,1185732,3/9/21,Midwest,Indiana,Indianapolis,Men's Apparel,$32.00 ,44,"$1,408 ",$605 ,43%,Online
,West Gear,1185732,3/9/21,Midwest,Indiana,Indianapolis,Women's Apparel,$24.00 ,74,"$1,776 ",$924 ,52%,Online
,West Gear,1185732,4/10/21,Midwest,Indiana,Indianapolis,Men's Street Footwear,$23.00 ,125,"$2,875 ","$1,581 ",55%,Online
,West Gear,1185732,4/10/21,Midwest,Indiana,Indianapolis,Men's Athletic Footwear,$23.00 ,54,"$1,242 ",$646 ,52%,Online
,West Gear,1185732,4/10/21,Midwest,Indiana,Indianapolis,Women's Street Footwear,$14.00 ,52,$728 ,$364 ,50%,Online
,West Gear,1185732,4/10/21,Midwest,Indiana,Indianapolis,Women's Athletic Footwear,$19.00 ,36,$684 ,$328 ,48%,Online
,West Gear,1185732,4/10/21,Midwest,Indiana,Indianapolis,Men's Apparel,$61.00 ,45,"$2,745 ","$1,208 ",44%,Online
,West Gear,1185732,4/10/21,Midwest,Indiana,Indianapolis,Women's Apparel,$47.00 ,72,"$3,384 ","$1,861 ",55%,Online
,West Gear,1185732,5/11/21,Midwest,Indiana,Indianapolis,Men's Street Footwear,$54.00 ,164,"$8,856 ","$4,428 ",50%,Online
,West Gear,1185732,5/11/21,Midwest,Indiana,Indianapolis,Men's Athletic Footwear,$37.00 ,73,"$2,701 ","$1,486 ",55%,Online
,West Gear,1185732,5/11/21,Midwest,Indiana,Indianapolis,Women's Street Footwear,$34.00 ,56,"$1,904 ",$895 ,47%,Online
,West Gear,1185732,5/11/21,Midwest,Indiana,Indianapolis,Women's Athletic Footwear,$34.00 ,49,"$1,666 ",$816 ,49%,Online
,West Gear,1185732,5/11/21,Midwest,Indiana,Indianapolis,Men's Apparel,$44.00 ,58,"$2,552 ","$1,148 ",45%,Online
,West Gear,1185732,5/11/21,Midwest,Indiana,Indianapolis,Women's Apparel,$53.00 ,91,"$4,823 ","$2,508 ",52%,Online
,West Gear,1185732,6/10/21,Midwest,Indiana,Indianapolis,Men's Street Footwear,$36.00 ,155,"$5,580 ","$3,069 ",55%,Online
,West Gear,1185732,6/10/21,Midwest,Indiana,Indianapolis,Men's Athletic Footwear,$32.00 ,94,"$3,008 ","$1,594 ",53%,Online
,West Gear,1185732,6/10/21,Midwest,Indiana,Indianapolis,Women's Street Footwear,$27.00 ,50,"$1,350 ",$608 ,45%,Online
,West Gear,1185732,6/10/21,Midwest,Indiana,Indianapolis,Women's Athletic Footwear,$29.00 ,46,"$1,334 ",$627 ,47%,Online
,West Gear,1185732,6/10/21,Midwest,Indiana,Indianapolis,Men's Apparel,$36.00 ,53,"$1,908 ",$859 ,45%,Online
,West Gear,1185732,6/10/21,Midwest,Indiana,Indianapolis,Women's Apparel,$56.00 ,91,"$5,096 ","$2,599 ",51%,Online
,West Gear,1185732,7/9/21,Midwest,Indiana,Indianapolis,Men's Street Footwear,$51.00 ,149,"$7,599 ","$4,027 ",53%,Online
,West Gear,1185732,7/9/21,Midwest,Indiana,Indianapolis,Men's Athletic Footwear,$49.00 ,84,"$4,116 ","$2,058 ",50%,Online
,West Gear,1185732,7/9/21,Midwest,Indiana,Indianapolis,Women's Street Footwear,$42.00 ,68,"$2,856 ","$1,285 ",45%,Online
,West Gear,1185732,7/9/21,Midwest,Indiana,Indianapolis,Women's Athletic Footwear,$42.00 ,49,"$2,058 ",$967 ,47%,Online
,West Gear,1185732,7/9/21,Midwest,Indiana,Indianapolis,Men's Apparel,$51.00 ,50,"$2,550 ","$1,071 ",42%,Online
,West Gear,1185732,7/9/21,Midwest,Indiana,Indianapolis,Women's Apparel,$54.00 ,101,"$5,454 ","$2,782 ",51%,Online
,West Gear,1185732,8/10/21,Midwest,Indiana,Indianapolis,Men's Street Footwear,$47.00 ,152,"$7,144 ","$3,929 ",55%,Online
,West Gear,1185732,8/10/21,Midwest,Indiana,Indianapolis,Men's Athletic Footwear,$41.00 ,87,"$3,567 ","$1,926 ",54%,Online
,West Gear,1185732,8/10/21,Midwest,Indiana,Indianapolis,Women's Street Footwear,$37.00 ,56,"$2,072 ",$974 ,47%,Online
,West Gear,1185732,8/10/21,Midwest,Indiana,Indianapolis,Women's Athletic Footwear,$38.00 ,60,"$2,280 ","$1,072 ",47%,Online
,West Gear,1185732,8/10/21,Midwest,Indiana,Indianapolis,Men's Apparel,$47.00 ,53,"$2,491 ","$1,121 ",45%,Online
,West Gear,1185732,8/10/21,Midwest,Indiana,Indianapolis,Women's Apparel,$54.00 ,91,"$4,914 ","$2,604 ",53%,Online
,West Gear,1185732,9/11/21,Midwest,Indiana,Indianapolis,Men's Street Footwear,$33.00 ,133,"$4,389 ","$2,370 ",54%,Online
,West Gear,1185732,9/11/21,Midwest,Indiana,Indianapolis,Men's Athletic Footwear,$29.00 ,74,"$2,146 ","$1,073 ",50%,Online
,West Gear,1185732,9/11/21,Midwest,Indiana,Indianapolis,Women's Street Footwear,$23.00 ,49,"$1,127 ",$530 ,47%,Online
,West Gear,1185732,9/11/21,Midwest,Indiana,Indianapolis,Women's Athletic Footwear,$24.00 ,41,$984 ,$462 ,47%,Online
,West Gear,1185732,9/11/21,Midwest,Indiana,Indianapolis,Men's Apparel,$33.00 ,42,"$1,386 ",$554 ,40%,Online
,West Gear,1185732,9/11/21,Midwest,Indiana,Indianapolis,Women's Apparel,$36.00 ,68,"$2,448 ","$1,273 ",52%,Online
,West Gear,1185732,10/10/21,Midwest,Indiana,Indianapolis,Men's Street Footwear,$41.00 ,116,"$4,756 ","$2,521 ",53%,Online
,West Gear,1185732,10/10/21,Midwest,Indiana,Indianapolis,Men's Athletic Footwear,$32.00 ,65,"$2,080 ","$1,144 ",55%,Online
,West Gear,1185732,10/10/21,Midwest,Indiana,Indianapolis,Women's Street Footwear,$32.00 ,38,"$1,216 ",$572 ,47%,Online
,West Gear,1185732,10/10/21,Midwest,Indiana,Indianapolis,Women's Athletic Footwear,$33.00 ,44,"$1,452 ",$668 ,46%,Online
,West Gear,1185732,10/10/21,Midwest,Indiana,Indianapolis,Men's Apparel,$41.00 ,38,"$1,558 ",$686 ,44%,Online
,West Gear,1185732,10/10/21,Midwest,Indiana,Indianapolis,Women's Apparel,$48.00 ,83,"$3,984 ","$2,112 ",53%,Online
,West Gear,1185732,11/10/21,Midwest,Indiana,Indianapolis,Men's Street Footwear,$41.00 ,123,"$5,043 ","$2,572 ",51%,Online
,West Gear,1185732,11/10/21,Midwest,Indiana,Indianapolis,Men's Athletic Footwear,$33.00 ,98,"$3,234 ","$1,779 ",55%,Online
,West Gear,1185732,11/10/21,Midwest,Indiana,Indianapolis,Women's Street Footwear,$32.00 ,81,"$2,592 ","$1,244 ",48%,Online
,West Gear,1185732,11/10/21,Midwest,Indiana,Indianapolis,Women's Athletic Footwear,$34.00 ,83,"$2,822 ","$1,411 ",50%,Online
,West Gear,1185732,11/10/21,Midwest,Indiana,Indianapolis,Men's Apparel,$55.00 ,75,"$4,125 ","$1,650 ",40%,Online
,West Gear,1185732,11/10/21,Midwest,Indiana,Indianapolis,Women's Apparel,$61.00 ,91,"$5,551 ","$2,998 ",54%,Online
,West Gear,1185732,12/9/21,Midwest,Indiana,Indianapolis,Men's Street Footwear,$58.00 ,150,"$8,700 ","$4,437 ",51%,Online
,West Gear,1185732,12/9/21,Midwest,Indiana,Indianapolis,Men's Athletic Footwear,$49.00 ,108,"$5,292 ","$2,911 ",55%,Online
,West Gear,1185732,12/9/21,Midwest,Indiana,Indianapolis,Women's Street Footwear,$49.00 ,105,"$5,145 ","$2,367 ",46%,Online
,West Gear,1185732,12/9/21,Midwest,Indiana,Indianapolis,Women's Athletic Footwear,$45.00 ,87,"$3,915 ","$1,958 ",50%,Online
,West Gear,1185732,12/9/21,Midwest,Indiana,Indianapolis,Men's Apparel,$54.00 ,84,"$4,536 ","$1,950 ",43%,Online
,West Gear,1185732,12/9/21,Midwest,Indiana,Indianapolis,Women's Apparel,$62.00 ,120,"$7,440 ","$3,720 ",50%,Online
,West Gear,1185732,1/17/21,Midwest,Indiana,Indianapolis,Men's Street Footwear,$32.00 ,125,"$4,000 ","$2,080 ",52%,Online
,West Gear,1185732,1/17/21,Midwest,Indiana,Indianapolis,Men's Athletic Footwear,$32.00 ,75,"$2,400 ","$1,320 ",55%,Online
,West Gear,1185732,1/17/21,Midwest,Indiana,Indianapolis,Women's Street Footwear,$25.00 ,87,"$2,175 ","$1,196 ",55%,Online
,West Gear,1185732,1/17/21,Midwest,Indiana,Indianapolis,Women's Athletic Footwear,$29.00 ,45,"$1,305 ",$705 ,54%,Online
,West Gear,1185732,1/17/21,Midwest,Indiana,Indianapolis,Men's Apparel,$41.00 ,54,"$2,214 ","$1,129 ",51%,Online
,West Gear,1185732,1/17/21,Midwest,Indiana,Indianapolis,Women's Apparel,$34.00 ,75,"$2,550 ","$1,275 ",50%,Online
,West Gear,1185732,2/17/21,Midwest,Indiana,Indianapolis,Men's Street Footwear,$33.00 ,149,"$4,917 ","$2,655 ",54%,Online
,West Gear,1185732,2/17/21,Midwest,Indiana,Indianapolis,Men's Athletic Footwear,$38.00 ,50,"$1,900 ","$1,045 ",55%,Online
,West Gear,1185732,2/17/21,Midwest,Indiana,Indianapolis,Women's Street Footwear,$27.00 ,75,"$2,025 ","$1,033 ",51%,Online
,West Gear,1185732,2/17/21,Northeast,West Virginia,Charleston,Women's Athletic Footwear,$34.00 ,49,"$1,666 ",$883 ,53%,Online
,West Gear,1185732,2/17/21,Northeast,West Virginia,Charleston,Men's Apparel,$48.00 ,65,"$3,120 ","$1,654 ",53%,Online
,West Gear,1185732,2/17/21,Northeast,West Virginia,Charleston,Women's Apparel,$24.00 ,105,"$2,520 ","$1,361 ",54%,Online
,West Gear,1185732,3/16/21,Northeast,West Virginia,Charleston,Men's Street Footwear,$28.00 ,165,"$4,620 ","$2,356 ",51%,Online
,West Gear,1185732,3/16/21,Northeast,West Virginia,Charleston,Men's Athletic Footwear,$27.00 ,69,"$1,863 ","$1,006 ",54%,Online
,West Gear,1185732,3/16/21,Northeast,West Virginia,Charleston,Women's Street Footwear,$19.00 ,91,"$1,729 ",$934 ,54%,Online
,West Gear,1185732,3/16/21,Northeast,West Virginia,Charleston,Women's Athletic Footwear,$23.00 ,49,"$1,127 ",$597 ,53%,Online
,West Gear,1185732,3/16/21,Northeast,West Virginia,Charleston,Men's Apparel,$37.00 ,59,"$2,183 ","$1,092 ",50%,Online
,West Gear,1185732,3/16/21,Northeast,West Virginia,Charleston,Women's Apparel,$29.00 ,81,"$2,349 ","$1,268 ",54%,Online
,West Gear,1185732,4/17/21,Northeast,West Virginia,Charleston,Men's Street Footwear,$27.00 ,143,"$3,861 ","$1,969 ",51%,Online
,West Gear,1185732,4/17/21,Northeast,West Virginia,Charleston,Men's Athletic Footwear,$28.00 ,75,"$2,100 ","$1,155 ",55%,Online
,West Gear,1185732,4/17/21,Northeast,West Virginia,Charleston,Women's Street Footwear,$19.00 ,68,"$1,292 ",$698 ,54%,Online
,West Gear,1185732,4/17/21,Northeast,West Virginia,Charleston,Women's Athletic Footwear,$25.00 ,47,"$1,175 ",$611 ,52%,Online
,West Gear,1185732,4/17/21,Northeast,West Virginia,Charleston,Men's Apparel,$60.00 ,56,"$3,360 ","$1,848 ",55%,Online
,West Gear,1185732,4/17/21,Northeast,West Virginia,Charleston,Women's Apparel,$47.00 ,94,"$4,418 ","$2,253 ",51%,Online
,West Gear,1185732,5/18/21,Northeast,West Virginia,Charleston,Men's Street Footwear,$58.00 ,179,"$10,382 ","$5,399 ",52%,Online
,West Gear,1185732,5/18/21,Northeast,West Virginia,Charleston,Men's Athletic Footwear,$37.00 ,87,"$3,219 ","$1,642 ",51%,Online
,West Gear,1185732,5/18/21,Northeast,West Virginia,Charleston,Women's Street Footwear,$32.00 ,77,"$2,464 ","$1,355 ",55%,Online
,West Gear,1185732,5/18/21,Northeast,West Virginia,Charleston,Women's Athletic Footwear,$33.00 ,50,"$1,650 ",$908 ,55%,Online
,West Gear,1185732,5/18/21,Northeast,West Virginia,Charleston,Men's Apparel,$42.00 ,68,"$2,856 ","$1,542 ",54%,Online
,West Gear,1185732,5/18/21,Northeast,West Virginia,Charleston,Women's Apparel,$52.00 ,95,"$4,940 ","$2,717 ",55%,Online
,West Gear,1185732,6/17/21,Northeast,West Virginia,Charleston,Men's Street Footwear,$43.00 ,150,"$6,450 ","$3,354 ",52%,Online
,West Gear,1185732,6/17/21,Northeast,West Virginia,Charleston,Men's Athletic Footwear,$37.00 ,119,"$4,403 ","$2,202 ",50%,Online
,West Gear,1185732,6/17/21,Northeast,West Virginia,Charleston,Women's Street Footwear,$33.00 ,81,"$2,673 ","$1,443 ",54%,Online
,West Gear,1185732,6/17/21,Northeast,West Virginia,Charleston,Women's Athletic Footwear,$33.00 ,69,"$2,277 ","$1,184 ",52%,Online
,West Gear,1185732,6/17/21,Northeast,West Virginia,Charleston,Men's Apparel,$41.00 ,74,"$3,034 ","$1,669 ",55%,Online
,West Gear,1185732,6/17/21,Northeast,West Virginia,Charleston,Women's Apparel,$59.00 ,115,"$6,785 ","$3,528 ",52%,Online
,West Gear,1185732,7/16/21,Northeast,West Virginia,Charleston,Men's Street Footwear,$55.00 ,182,"$10,010 ","$5,205 ",52%,Online
,West Gear,1185732,7/16/21,Northeast,West Virginia,Charleston,Men's Athletic Footwear,$50.00 ,116,"$5,800 ","$3,074 ",53%,Online
,West Gear,1185732,7/16/21,Northeast,West Virginia,Charleston,Women's Street Footwear,$49.00 ,98,"$4,802 ","$2,545 ",53%,Online
,West Gear,1185732,7/16/21,Northeast,West Virginia,Charleston,Women's Athletic Footwear,$48.00 ,77,"$3,696 ","$1,885 ",51%,Online
,West Gear,1185732,7/16/21,Northeast,West Virginia,Charleston,Men's Apparel,$54.00 ,87,"$4,698 ","$2,537 ",54%,Online
,West Gear,1185732,7/16/21,Northeast,West Virginia,Charleston,Women's Apparel,$63.00 ,133,"$8,379 ","$4,525 ",54%,Online
,West Gear,1185732,8/17/21,Northeast,West Virginia,Charleston,Men's Street Footwear,$46.00 ,131,"$6,026 ","$3,134 ",52%,Online
,West Gear,1185732,8/17/21,Northeast,West Virginia,Charleston,Men's Athletic Footwear,$42.00 ,90,"$3,780 ","$2,079 ",55%,Online
,West Gear,1185732,8/17/21,Northeast,West Virginia,Charleston,Women's Street Footwear,$38.00 ,87,"$3,306 ","$1,719 ",52%,Online
,West Gear,1185732,8/17/21,Northeast,West Virginia,Charleston,Women's Athletic Footwear,$36.00 ,72,"$2,592 ","$1,322 ",51%,Online
,West Gear,1185732,8/17/21,Northeast,West Virginia,Charleston,Men's Apparel,$49.00 ,68,"$3,332 ","$1,799 ",54%,Online
,West Gear,1185732,8/17/21,Northeast,West Virginia,Charleston,Women's Apparel,$54.00 ,115,"$6,210 ","$3,353 ",54%,Online
,West Gear,1185732,9/18/21,Northeast,West Virginia,Charleston,Men's Street Footwear,$34.00 ,154,"$5,236 ","$2,670 ",51%,Online
,West Gear,1185732,9/18/21,Northeast,West Virginia,Charleston,Men's Athletic Footwear,$29.00 ,91,"$2,639 ","$1,399 ",53%,Online
,West Gear,1185732,9/18/21,Northeast,West Virginia,Charleston,Women's Street Footwear,$24.00 ,68,"$1,632 ",$881 ,54%,Online
,West Gear,1185732,9/18/21,Northeast,West Virginia,Charleston,Women's Athletic Footwear,$23.00 ,59,"$1,357 ",$679 ,50%,Online
,West Gear,1185732,9/18/21,Northeast,West Virginia,Charleston,Men's Apparel,$32.00 ,61,"$1,952 ","$1,015 ",52%,Online
,West Gear,1185732,9/18/21,Northeast,West Virginia,Charleston,Women's Apparel,$36.00 ,75,"$2,700 ","$1,377 ",51%,Online
,West Gear,1185732,10/17/21,Northeast,West Virginia,Charleston,Men's Street Footwear,$41.00 ,115,"$4,715 ","$2,546 ",54%,Online
,West Gear,1185732,10/17/21,Northeast,West Virginia,Charleston,Men's Athletic Footwear,$32.00 ,80,"$2,560 ","$1,331 ",52%,Online
,West Gear,1185732,10/17/21,Northeast,West Virginia,Charleston,Women's Street Footwear,$33.00 ,44,"$1,452 ",$770 ,53%,Online
,West Gear,1185732,10/17/21,Northeast,West Virginia,Charleston,Women's Athletic Footwear,$32.00 ,47,"$1,504 ",$797 ,53%,Online
,West Gear,1185732,10/17/21,Northeast,West Virginia,Charleston,Men's Apparel,$41.00 ,53,"$2,173 ","$1,195 ",55%,Online
,Foot Locker,1185732,10/17/21,Northeast,West Virginia,Charleston,Women's Apparel,$47.00 ,84,"$3,948 ","$1,974 ",50%,Online
,Foot Locker,1185732,11/17/21,Northeast,West Virginia,Charleston,Men's Street Footwear,$44.00 ,117,"$5,148 ","$2,677 ",52%,Online
,Foot Locker,1185732,11/17/21,Northeast,West Virginia,Charleston,Men's Athletic Footwear,$33.00 ,95,"$3,135 ","$1,662 ",53%,Online
,Foot Locker,1185732,11/17/21,Northeast,West Virginia,Charleston,Women's Street Footwear,$32.00 ,77,"$2,464 ","$1,232 ",50%,Online
,Foot Locker,1185732,11/17/21,Northeast,West Virginia,Charleston,Women's Athletic Footwear,$38.00 ,91,"$3,458 ","$1,902 ",55%,Online
,Foot Locker,1185732,11/17/21,Northeast,West Virginia,Charleston,Men's Apparel,$62.00 ,78,"$4,836 ","$2,563 ",53%,Online
,Foot Locker,1185732,11/17/21,Northeast,West Virginia,Charleston,Women's Apparel,$64.00 ,100,"$6,400 ","$3,264 ",51%,Online
,Foot Locker,1185732,12/16/21,Northeast,West Virginia,Charleston,Men's Street Footwear,$60.00 ,176,"$10,560 ","$5,491 ",52%,Online
,Foot Locker,1185732,12/16/21,Northeast,West Virginia,Charleston,Men's Athletic Footwear,$52.00 ,135,"$7,020 ","$3,650 ",52%,Online
,West Gear,1185732,12/16/21,Northeast,West Virginia,Charleston,Women's Street Footwear,$50.00 ,112,"$5,600 ","$2,968 ",53%,Online
,Foot Locker,1185732,12/16/21,Northeast,West Virginia,Charleston,Women's Athletic Footwear,$53.00 ,102,"$5,406 ","$2,757 ",51%,Online
,Foot Locker,1185732,12/16/21,Northeast,West Virginia,Charleston,Men's Apparel,$61.00 ,95,"$5,795 ","$2,898 ",50%,Online
,Foot Locker,1185732,12/16/21,Northeast,West Virginia,Charleston,Women's Apparel,$68.00 ,122,"$8,296 ","$4,563 ",55%,Online
,Foot Locker,1185732,1/24/21,Northeast,West Virginia,Charleston,Men's Street Footwear,$33.00 ,106,"$3,498 ","$1,749 ",50%,Online
,Foot Locker,1185732,1/24/21,Northeast,West Virginia,Charleston,Men's Athletic Footwear,$34.00 ,68,"$2,312 ","$1,087 ",47%,Online
,Foot Locker,1185732,1/24/21,Northeast,West Virginia,Charleston,Women's Street Footwear,$24.00 ,63,"$1,512 ",$696 ,46%,Online
,Foot Locker,1185732,1/24/21,Northeast,West Virginia,Charleston,Women's Athletic Footwear,$28.00 ,20,$560 ,$280 ,50%,Online
,Foot Locker,1185732,1/24/21,Northeast,West Virginia,Charleston,Men's Apparel,$42.00 ,33,"$1,386 ",$596 ,43%,Online
,Foot Locker,1185732,1/24/21,Northeast,West Virginia,Charleston,Women's Apparel,$33.00 ,59,"$1,947 ",$779 ,40%,Online
,Foot Locker,1185732,2/22/21,Northeast,West Virginia,Charleston,Men's Street Footwear,$32.00 ,138,"$4,416 ","$2,340 ",53%,Online
,West Gear,1185732,2/22/21,Northeast,West Virginia,Charleston,Men's Athletic Footwear,$34.00 ,38,"$1,292 ",$594 ,46%,Online
,West Gear,1185732,2/22/21,Northeast,West Virginia,Charleston,Women's Street Footwear,$24.00 ,46,"$1,104 ",$519 ,47%,Online
,West Gear,1185732,2/22/21,Northeast,Maryland,Baltimore,Women's Athletic Footwear,$28.00 ,14,$392 ,$196 ,50%,Online
,West Gear,1185732,2/22/21,Northeast,Maryland,Baltimore,Men's Apparel,$41.00 ,31,"$1,271 ",$572 ,45%,Online
,West Gear,1185732,2/22/21,Northeast,Maryland,Baltimore,Women's Apparel,$34.00 ,63,"$2,142 ",$921 ,43%,Online
,West Gear,1185732,3/20/21,Northeast,Maryland,Baltimore,Men's Street Footwear,$32.00 ,125,"$4,000 ","$2,120 ",53%,Online
,West Gear,1185732,3/20/21,Northeast,Maryland,Baltimore,Men's Athletic Footwear,$34.00 ,39,"$1,326 ",$623 ,47%,Online
,West Gear,1185732,3/20/21,Northeast,Maryland,Baltimore,Women's Street Footwear,$24.00 ,53,"$1,272 ",$623 ,49%,Online
,West Gear,1185732,3/20/21,Northeast,Maryland,Baltimore,Women's Athletic Footwear,$29.00 ,7,$203 ,$93 ,46%,Online
,West Gear,1185732,3/20/21,Northeast,Maryland,Baltimore,Men's Apparel,$43.00 ,22,$946 ,$407 ,43%,Online
,West Gear,1185732,3/20/21,Northeast,Maryland,Baltimore,Women's Apparel,$33.00 ,49,"$1,617 ",$728 ,45%,Online
,West Gear,1185732,4/21/21,Northeast,Maryland,Baltimore,Men's Street Footwear,$33.00 ,128,"$4,224 ","$2,154 ",51%,Online
,West Gear,1185732,4/21/21,Northeast,Maryland,Baltimore,Men's Athletic Footwear,$32.00 ,31,$992 ,$466 ,47%,Online
,West Gear,1185732,4/21/21,Northeast,Maryland,Baltimore,Women's Street Footwear,$24.00 ,33,$792 ,$388 ,49%,Online
,West Gear,1185732,4/21/21,Northeast,Maryland,Baltimore,Women's Athletic Footwear,$27.00 ,13,$351 ,$165 ,47%,Online
,West Gear,1185732,4/21/21,Northeast,Maryland,Baltimore,Men's Apparel,$41.00 ,15,$615 ,$277 ,45%,Online
,West Gear,1185732,4/21/21,Northeast,Maryland,Baltimore,Women's Apparel,$32.00 ,52,"$1,664 ",$732 ,44%,Online
,West Gear,1185732,5/20/21,Northeast,Maryland,Baltimore,Men's Street Footwear,$49.00 ,118,"$5,782 ","$3,007 ",52%,Online
,West Gear,1185732,5/20/21,Northeast,Maryland,Baltimore,Men's Athletic Footwear,$42.00 ,47,"$1,974 ",$908 ,46%,Online
,West Gear,1185732,5/20/21,Northeast,Maryland,Baltimore,Women's Street Footwear,$36.00 ,38,"$1,368 ",$657 ,48%,Online
,West Gear,1185732,5/20/21,Northeast,Maryland,Baltimore,Women's Athletic Footwear,$37.00 ,30,"$1,110 ",$533 ,48%,Online
,West Gear,1185732,5/20/21,Northeast,Maryland,Baltimore,Men's Apparel,$49.00 ,36,"$1,764 ",$741 ,42%,Online
,West Gear,1185732,5/20/21,Northeast,Maryland,Baltimore,Women's Apparel,$52.00 ,63,"$3,276 ","$1,343 ",41%,Online
,West Gear,1185732,6/22/21,Northeast,Maryland,Baltimore,Men's Street Footwear,$47.00 ,125,"$5,875 ","$2,938 ",50%,Online
,West Gear,1185732,6/22/21,Northeast,Maryland,Baltimore,Men's Athletic Footwear,$41.00 ,75,"$3,075 ","$1,445 ",47%,Online
,Foot Locker,1185732,6/22/21,Northeast,Maryland,Baltimore,Women's Street Footwear,$37.00 ,47,"$1,739 ",$870 ,50%,Online
,Foot Locker,1185732,6/22/21,Northeast,Maryland,Baltimore,Women's Athletic Footwear,$37.00 ,44,"$1,628 ",$814 ,50%,Online
,Foot Locker,1185732,6/22/21,Northeast,Maryland,Baltimore,Men's Apparel,$49.00 ,42,"$2,058 ",$906 ,44%,Online
,Foot Locker,1185732,6/22/21,Northeast,Maryland,Baltimore,Women's Apparel,$53.00 ,84,"$4,452 ","$2,003 ",45%,Online
,Foot Locker,1185732,7/20/21,Northeast,Maryland,Baltimore,Men's Street Footwear,$49.00 ,131,"$6,419 ","$3,338 ",52%,Online
,Sports Direct,1185732,7/20/21,Northeast,Maryland,Baltimore,Men's Athletic Footwear,$42.00 ,72,"$3,024 ","$1,452 ",48%,Online
,Sports Direct,1185732,7/20/21,Northeast,Maryland,Baltimore,Women's Street Footwear,$37.00 ,60,"$2,220 ","$1,088 ",49%,Online
,Sports Direct,1185732,7/20/21,Northeast,Maryland,Baltimore,Women's Athletic Footwear,$36.00 ,45,"$1,620 ",$761 ,47%,Online
,Sports Direct,1185732,7/20/21,Northeast,Maryland,Baltimore,Men's Apparel,$46.00 ,51,"$2,346 ","$1,056 ",45%,Online
,Sports Direct,1185732,7/20/21,Northeast,Maryland,Baltimore,Women's Apparel,$54.00 ,102,"$5,508 ","$2,313 ",42%,Online
,Sports Direct,1185732,8/21/21,Northeast,Maryland,Baltimore,Men's Street Footwear,$48.00 ,135,"$6,480 ","$3,434 ",53%,Online
,Sports Direct,1185732,8/21/21,Northeast,Maryland,Baltimore,Men's Athletic Footwear,$41.00 ,83,"$3,403 ","$1,702 ",50%,Online
,Sports Direct,1185732,8/21/21,Northeast,Maryland,Baltimore,Women's Street Footwear,$39.00 ,60,"$2,340 ","$1,170 ",50%,Online
,Sports Direct,1185732,8/21/21,Northeast,Maryland,Baltimore,Women's Athletic Footwear,$37.00 ,44,"$1,628 ",$749 ,46%,Online
,Sports Direct,1185732,8/21/21,Northeast,Maryland,Baltimore,Men's Apparel,$47.00 ,38,"$1,786 ",$804 ,45%,Online
,Sports Direct,1185732,8/21/21,Northeast,Maryland,Baltimore,Women's Apparel,$53.00 ,81,"$4,293 ","$1,846 ",43%,Online
,Sports Direct,1185732,9/20/21,Northeast,Maryland,Baltimore,Men's Street Footwear,$49.00 ,128,"$6,272 ","$3,199 ",51%,Online
,Sports Direct,1185732,9/20/21,Northeast,Maryland,Baltimore,Men's Athletic Footwear,$44.00 ,63,"$2,772 ","$1,247 ",45%,Online
,Sports Direct,1185732,9/20/21,Northeast,Maryland,Baltimore,Women's Street Footwear,$38.00 ,36,"$1,368 ",$684 ,50%,Online
,Sports Direct,1185732,9/20/21,Northeast,Maryland,Baltimore,Women's Athletic Footwear,$36.00 ,25,$900 ,$405 ,45%,Online
,Sports Direct,1185732,9/20/21,Northeast,Maryland,Baltimore,Men's Apparel,$48.00 ,30,"$1,440 ",$619 ,43%,Online
,Sports Direct,1185732,9/20/21,Northeast,Maryland,Baltimore,Women's Apparel,$54.00 ,50,"$2,700 ","$1,080 ",40%,Online
,Sports Direct,1185732,10/22/21,Northeast,Maryland,Baltimore,Men's Street Footwear,$52.00 ,113,"$5,876 ","$3,173 ",54%,Online
,Sports Direct,1185732,10/22/21,Northeast,Maryland,Baltimore,Men's Athletic Footwear,$48.00 ,58,"$2,784 ","$1,281 ",46%,Online
,Sports Direct,1185732,10/22/21,Northeast,Maryland,Baltimore,Women's Street Footwear,$49.00 ,25,"$1,225 ",$564 ,46%,Online
,Foot Locker,1185732,10/22/21,Northeast,Maryland,Baltimore,Women's Athletic Footwear,$49.00 ,21,"$1,029 ",$515 ,50%,Online
,Foot Locker,1185732,10/22/21,Northeast,Maryland,Baltimore,Men's Apparel,$56.00 ,20,"$1,120 ",$448 ,40%,Online
,Foot Locker,1185732,10/22/21,Northeast,Maryland,Baltimore,Women's Apparel,$60.00 ,52,"$3,120 ","$1,248 ",40%,Online
,Foot Locker,1185732,11/21/21,Northeast,Maryland,Baltimore,Men's Street Footwear,$58.00 ,88,"$5,104 ","$2,807 ",55%,Online
,Foot Locker,1185732,11/21/21,Northeast,Maryland,Baltimore,Men's Athletic Footwear,$45.00 ,51,"$2,295 ","$1,079 ",47%,Online
,Foot Locker,1185732,11/21/21,Northeast,Maryland,Baltimore,Women's Street Footwear,$49.00 ,48,"$2,352 ","$1,176 ",50%,Online
,Foot Locker,1185732,11/21/21,Northeast,Maryland,Baltimore,Women's Athletic Footwear,$48.00 ,41,"$1,968 ",$905 ,46%,Online
,Foot Locker,1185732,11/21/21,Northeast,Maryland,Baltimore,Men's Apparel,$56.00 ,31,"$1,736 ",$764 ,44%,Online
,Foot Locker,1185732,11/21/21,Northeast,Maryland,Baltimore,Women's Apparel,$62.00 ,63,"$3,906 ","$1,680 ",43%,Online
,Foot Locker,1185732,12/20/21,Northeast,Maryland,Baltimore,Men's Street Footwear,$57.00 ,122,"$6,954 ","$3,477 ",50%,Online
,Foot Locker,1185732,12/20/21,Northeast,Maryland,Baltimore,Men's Athletic Footwear,$46.00 ,65,"$2,990 ","$1,495 ",50%,Online
,Foot Locker,1185732,12/20/21,Northeast,Maryland,Baltimore,Women's Street Footwear,$45.00 ,65,"$2,925 ","$1,375 ",47%,Online
,Foot Locker,1185732,12/20/21,Northeast,Maryland,Baltimore,Women's Athletic Footwear,$49.00 ,44,"$2,156 ","$1,013 ",47%,Online
,Foot Locker,1185732,12/20/21,Northeast,Maryland,Baltimore,Men's Apparel,$54.00 ,51,"$2,754 ","$1,129 ",41%,Online
,Foot Locker,1185732,12/20/21,Northeast,Maryland,Baltimore,Women's Apparel,$61.00 ,72,"$4,392 ","$1,845 ",42%,Online
,Foot Locker,1185732,1/17/21,Northeast,Maryland,Baltimore,Men's Street Footwear,$36.00 ,137,"$4,932 ","$2,219 ",45%,Online
,Foot Locker,1185732,1/17/21,Northeast,Maryland,Baltimore,Men's Athletic Footwear,$38.00 ,81,"$3,078 ","$1,539 ",50%,Online
,Foot Locker,1185732,1/17/21,Northeast,Maryland,Baltimore,Women's Street Footwear,$29.00 ,91,"$2,639 ","$1,399 ",53%,Online
,Foot Locker,1185732,1/17/21,Northeast,Maryland,Baltimore,Women's Athletic Footwear,$32.00 ,47,"$1,504 ",$827 ,55%,Online
,Foot Locker,1185732,1/17/21,Northeast,Maryland,Baltimore,Men's Apparel,$49.00 ,59,"$2,891 ","$1,214 ",42%,Online
,Foot Locker,1185732,1/17/21,Northeast,Maryland,Baltimore,Women's Apparel,$36.00 ,81,"$2,916 ","$1,487 ",51%,Online
,Foot Locker,1185732,2/15/21,Northeast,Maryland,Baltimore,Men's Street Footwear,$39.00 ,144,"$5,616 ","$2,808 ",50%,Online
,Foot Locker,1185732,2/15/21,Northeast,Maryland,Baltimore,Men's Athletic Footwear,$37.00 ,61,"$2,257 ","$1,038 ",46%,Online
,Foot Locker,1185732,2/15/21,Northeast,Maryland,Baltimore,Women's Street Footwear,$27.00 ,69,"$1,863 ",$950 ,51%,Online
,Foot Locker,1185732,2/15/21,Northeast,Delaware,Wilmington,Women's Athletic Footwear,$33.00 ,45,"$1,485 ",$817 ,55%,Online
,Foot Locker,1185732,2/15/21,Northeast,Delaware,Wilmington,Men's Apparel,$45.00 ,65,"$2,925 ","$1,199 ",41%,Online
,Foot Locker,1185732,2/15/21,Northeast,Delaware,Wilmington,Women's Apparel,$39.00 ,98,"$3,822 ","$2,026 ",53%,Online
,Foot Locker,1185732,3/13/21,Northeast,Delaware,Wilmington,Men's Street Footwear,$36.00 ,158,"$5,688 ","$2,616 ",46%,Online
,Foot Locker,1185732,3/13/21,Northeast,Delaware,Wilmington,Men's Athletic Footwear,$39.00 ,68,"$2,652 ","$1,193 ",45%,Online
,Foot Locker,1185732,3/13/21,Northeast,Delaware,Wilmington,Women's Street Footwear,$29.00 ,69,"$2,001 ","$1,081 ",54%,Online
,Foot Locker,1185732,3/13/21,Northeast,Delaware,Wilmington,Women's Athletic Footwear,$32.00 ,31,$992 ,$526 ,53%,Online
,Foot Locker,1185732,3/13/21,Northeast,Delaware,Wilmington,Men's Apparel,$46.00 ,49,"$2,254 ",$924 ,41%,Online
,Foot Locker,1185732,3/13/21,Northeast,Delaware,Wilmington,Women's Apparel,$39.00 ,72,"$2,808 ","$1,404 ",50%,Online
,Foot Locker,1185732,4/14/21,Northeast,Delaware,Wilmington,Men's Street Footwear,$36.00 ,131,"$4,716 ","$2,358 ",50%,Online
,Foot Locker,1185732,4/14/21,Northeast,Delaware,Wilmington,Men's Athletic Footwear,$38.00 ,61,"$2,318 ","$1,089 ",47%,Online
,Foot Locker,1185732,4/14/21,Northeast,Delaware,Wilmington,Women's Street Footwear,$27.00 ,59,"$1,593 ",$876 ,55%,Online
,Foot Locker,1185732,4/14/21,Northeast,Delaware,Wilmington,Women's Athletic Footwear,$32.00 ,44,"$1,408 ",$718 ,51%,Online
,Foot Locker,1185732,4/14/21,Northeast,Delaware,Wilmington,Men's Apparel,$47.00 ,45,"$2,115 ",$952 ,45%,Online
,Foot Locker,1185732,4/14/21,Northeast,Delaware,Wilmington,Women's Apparel,$38.00 ,78,"$2,964 ","$1,601 ",54%,Online
,Foot Locker,1185732,5/13/21,Northeast,Delaware,Wilmington,Men's Street Footwear,$51.00 ,160,"$8,160 ","$3,917 ",48%,Online
,Foot Locker,1185732,5/13/21,Northeast,Delaware,Wilmington,Men's Athletic Footwear,$47.00 ,69,"$3,243 ","$1,459 ",45%,Online
,Foot Locker,1185732,5/13/21,Northeast,Delaware,Wilmington,Women's Street Footwear,$41.00 ,81,"$3,321 ","$1,727 ",52%,Online
,Foot Locker,1185732,5/13/21,Northeast,Delaware,Wilmington,Women's Athletic Footwear,$41.00 ,65,"$2,665 ","$1,386 ",52%,Online
,Foot Locker,1185732,5/13/21,Northeast,Delaware,Wilmington,Men's Apparel,$50.00 ,74,"$3,700 ","$1,554 ",42%,Online
,Foot Locker,1185732,5/13/21,Northeast,Delaware,Wilmington,Women's Apparel,$54.00 ,104,"$5,616 ","$3,089 ",55%,Online
,Foot Locker,1185732,6/15/21,Northeast,Delaware,Wilmington,Men's Street Footwear,$51.00 ,189,"$9,639 ","$4,434 ",46%,Online
,Foot Locker,1185732,6/15/21,Northeast,Delaware,Wilmington,Men's Athletic Footwear,$48.00 ,120,"$5,760 ","$2,592 ",45%,Online
,Foot Locker,1185732,6/15/21,Northeast,Delaware,Wilmington,Women's Street Footwear,$43.00 ,85,"$3,655 ","$1,937 ",53%,Online
,Foot Locker,1185732,6/15/21,Northeast,Delaware,Wilmington,Women's Athletic Footwear,$41.00 ,75,"$3,075 ","$1,691 ",55%,Online
,Foot Locker,1185732,6/15/21,Northeast,Delaware,Wilmington,Men's Apparel,$50.00 ,75,"$3,750 ","$1,500 ",40%,Online
,Foot Locker,1185732,6/15/21,Northeast,Delaware,Wilmington,Women's Apparel,$56.00 ,135,"$7,560 ","$4,007 ",53%,Online
,Foot Locker,1185732,7/13/21,Northeast,Delaware,Wilmington,Men's Street Footwear,$53.00 ,182,"$9,646 ","$4,823 ",50%,Online
,Foot Locker,1185732,7/13/21,Northeast,Delaware,Wilmington,Men's Athletic Footwear,$47.00 ,119,"$5,593 ","$2,517 ",45%,Online
,Foot Locker,1185732,7/13/21,Northeast,Delaware,Wilmington,Women's Street Footwear,$41.00 ,102,"$4,182 ","$2,258 ",54%,Online
,Foot Locker,1185732,7/13/21,Northeast,Delaware,Wilmington,Women's Athletic Footwear,$43.00 ,90,"$3,870 ","$2,051 ",53%,Online
,Foot Locker,1185732,7/13/21,Northeast,Delaware,Wilmington,Men's Apparel,$51.00 ,94,"$4,794 ","$1,966 ",41%,Online
,Foot Locker,1185732,7/13/21,Northeast,Delaware,Wilmington,Women's Apparel,$55.00 ,145,"$7,975 ","$3,988 ",50%,Online
,Foot Locker,1185732,8/14/21,Northeast,Delaware,Wilmington,Men's Street Footwear,$50.00 ,163,"$8,150 ","$3,994 ",49%,Online
,Foot Locker,1185732,8/14/21,Northeast,Delaware,Wilmington,Men's Athletic Footwear,$47.00 ,128,"$6,016 ","$2,767 ",46%,Online
,Foot Locker,1185732,8/14/21,Northeast,Delaware,Wilmington,Women's Street Footwear,$42.00 ,105,"$4,410 ","$2,205 ",50%,Online
,Foot Locker,1185732,8/14/21,Northeast,Delaware,Wilmington,Women's Athletic Footwear,$41.00 ,63,"$2,583 ","$1,292 ",50%,Online
,Foot Locker,1185732,8/14/21,Northeast,Delaware,Wilmington,Men's Apparel,$50.00 ,63,"$3,150 ","$1,418 ",45%,Online
,Foot Locker,1185732,8/14/21,Northeast,Delaware,Wilmington,Women's Apparel,$59.00 ,120,"$7,080 ","$3,682 ",52%,Online
,Foot Locker,1185732,9/13/21,Northeast,Delaware,Wilmington,Men's Street Footwear,$50.00 ,142,"$7,100 ","$3,479 ",49%,Online
,Foot Locker,1185732,9/13/21,Northeast,Delaware,Wilmington,Men's Athletic Footwear,$47.00 ,85,"$3,995 ","$1,798 ",45%,Online
,Foot Locker,1185732,9/13/21,Northeast,Delaware,Wilmington,Women's Street Footwear,$43.00 ,61,"$2,623 ","$1,338 ",51%,Online
,Foot Locker,1185732,9/13/21,Northeast,Delaware,Wilmington,Women's Athletic Footwear,$41.00 ,60,"$2,460 ","$1,255 ",51%,Online
,Foot Locker,1185732,9/13/21,Northeast,Delaware,Wilmington,Men's Apparel,$50.00 ,60,"$3,000 ","$1,320 ",44%,Online
,Foot Locker,1185732,9/13/21,Northeast,Delaware,Wilmington,Women's Apparel,$58.00 ,84,"$4,872 ","$2,631 ",54%,Online
,Foot Locker,1185732,10/15/21,Northeast,Delaware,Wilmington,Men's Street Footwear,$56.00 ,128,"$7,168 ","$3,226 ",45%,Online
,Foot Locker,1185732,10/15/21,Northeast,Delaware,Wilmington,Men's Athletic Footwear,$51.00 ,90,"$4,590 ","$2,111 ",46%,Online
,Foot Locker,1185732,10/15/21,Northeast,Delaware,Wilmington,Women's Street Footwear,$50.00 ,52,"$2,600 ","$1,430 ",55%,Online
,Foot Locker,1185732,10/15/21,Northeast,Delaware,Wilmington,Women's Athletic Footwear,$52.00 ,44,"$2,288 ","$1,144 ",50%,Online
,Foot Locker,1185732,10/15/21,Northeast,Delaware,Wilmington,Men's Apparel,$62.00 ,49,"$3,038 ","$1,215 ",40%,Online
,Kohl's,1185732,10/15/21,Northeast,Delaware,Wilmington,Women's Apparel,$63.00 ,78,"$4,914 ","$2,703 ",55%,Online
,Kohl's,1185732,11/14/21,Northeast,Delaware,Wilmington,Men's Street Footwear,$60.00 ,135,"$8,100 ","$3,807 ",47%,Online
,Kohl's,1185732,11/14/21,Northeast,Delaware,Wilmington,Men's Athletic Footwear,$53.00 ,85,"$4,505 ","$2,072 ",46%,Online
,Kohl's,1185732,11/14/21,Northeast,Delaware,Wilmington,Women's Street Footwear,$52.00 ,86,"$4,472 ","$2,281 ",51%,Online
,Kohl's,1185732,11/14/21,Northeast,Delaware,Wilmington,Women's Athletic Footwear,$51.00 ,84,"$4,284 ","$2,271 ",53%,Online
,Kohl's,1185732,11/14/21,Northeast,Delaware,Wilmington,Men's Apparel,$60.00 ,72,"$4,320 ","$1,728 ",40%,Online
,Kohl's,1185732,11/14/21,Northeast,Delaware,Wilmington,Women's Apparel,$64.00 ,98,"$6,272 ","$3,450 ",55%,Online
,Kohl's,1185732,12/13/21,Northeast,Delaware,Wilmington,Men's Street Footwear,$62.00 ,168,"$10,416 ","$4,896 ",47%,Online
,Kohl's,1185732,12/13/21,Northeast,Delaware,Wilmington,Men's Athletic Footwear,$50.00 ,100,"$5,000 ","$2,400 ",48%,Online
,Kohl's,1185732,12/13/21,Northeast,Delaware,Wilmington,Women's Street Footwear,$50.00 ,109,"$5,450 ","$2,943 ",54%,Online
,Kohl's,1185732,12/13/21,Northeast,Delaware,Wilmington,Women's Athletic Footwear,$53.00 ,98,"$5,194 ","$2,805 ",54%,Online
,Kohl's,1185732,12/13/21,Northeast,Delaware,Wilmington,Men's Apparel,$61.00 ,91,"$5,551 ","$2,220 ",40%,Online
,Kohl's,1185732,12/13/21,Northeast,Delaware,Wilmington,Women's Apparel,$65.00 ,123,"$7,995 ","$3,998 ",50%,Online
,Kohl's,1185732,1/10/21,Northeast,Delaware,Wilmington,Men's Street Footwear,$32.00 ,138,"$4,416 ","$2,208 ",50%,Online
,Kohl's,1185732,1/10/21,Northeast,Delaware,Wilmington,Men's Athletic Footwear,$33.00 ,77,"$2,541 ","$1,194 ",47%,Online
,Kohl's,1185732,1/10/21,Northeast,Delaware,Wilmington,Women's Street Footwear,$24.00 ,72,"$1,728 ",$881 ,51%,Online
,Kohl's,1185732,1/10/21,Northeast,Delaware,Wilmington,Women's Athletic Footwear,$27.00 ,38,"$1,026 ",$513 ,50%,Online
,Kohl's,1185732,1/10/21,Northeast,Delaware,Wilmington,Men's Apparel,$41.00 ,47,"$1,927 ",$771 ,40%,Online
,Kohl's,1185732,1/10/21,Northeast,Delaware,Wilmington,Women's Apparel,$33.00 ,69,"$2,277 ","$1,252 ",55%,Online
,Kohl's,1185732,2/8/21,Northeast,Delaware,Wilmington,Men's Street Footwear,$34.00 ,147,"$4,998 ","$2,399 ",48%,Online
,Kohl's,1185732,2/8/21,Northeast,Delaware,Wilmington,Men's Athletic Footwear,$32.00 ,53,"$1,696 ",$848 ,50%,Online
,Kohl's,1185732,2/8/21,Northeast,Delaware,Wilmington,Women's Street Footwear,$24.00 ,63,"$1,512 ",$771 ,51%,Online
,Kohl's,1185732,2/8/21,Northeast,New Jersey,Newark,Women's Athletic Footwear,$29.00 ,30,$870 ,$461 ,53%,Online
,Kohl's,1185732,2/8/21,Northeast,New Jersey,Newark,Men's Apparel,$41.00 ,47,"$1,927 ",$771 ,40%,Online
,Kohl's,1185732,2/8/21,Northeast,New Jersey,Newark,Women's Apparel,$32.00 ,74,"$2,368 ","$1,255 ",53%,Online
,Kohl's,1185732,3/6/21,Northeast,New Jersey,Newark,Men's Street Footwear,$32.00 ,144,"$4,608 ","$2,120 ",46%,Online
,Kohl's,1185732,3/6/21,Northeast,New Jersey,Newark,Men's Athletic Footwear,$32.00 ,58,"$1,856 ",$909 ,49%,Online
,Kohl's,1185732,3/6/21,Northeast,New Jersey,Newark,Women's Street Footwear,$24.00 ,59,"$1,416 ",$750 ,53%,Online
,Kohl's,1185732,3/6/21,Northeast,New Jersey,Newark,Women's Athletic Footwear,$27.00 ,22,$594 ,$309 ,52%,Online
,Kohl's,1185732,3/6/21,Northeast,New Jersey,Newark,Men's Apparel,$43.00 ,34,"$1,462 ",$658 ,45%,Online
,Kohl's,1185732,3/6/21,Northeast,New Jersey,Newark,Women's Apparel,$32.00 ,61,"$1,952 ",$976 ,50%,Online
,Kohl's,1185732,4/7/21,Northeast,New Jersey,Newark,Men's Street Footwear,$34.00 ,133,"$4,522 ","$2,261 ",50%,Online
,Kohl's,1185732,4/7/21,Northeast,New Jersey,Newark,Men's Athletic Footwear,$33.00 ,51,"$1,683 ",$774 ,46%,Online
,Kohl's,1185732,4/7/21,Northeast,New Jersey,Newark,Women's Street Footwear,$24.00 ,51,"$1,224 ",$612 ,50%,Online
,Kohl's,1185732,4/7/21,Northeast,New Jersey,Newark,Women's Athletic Footwear,$27.00 ,27,$729 ,$372 ,51%,Online
,Kohl's,1185732,4/7/21,Northeast,New Jersey,Newark,Men's Apparel,$44.00 ,27,"$1,188 ",$523 ,44%,Online
,Kohl's,1185732,4/7/21,Northeast,New Jersey,Newark,Women's Apparel,$33.00 ,68,"$2,244 ","$1,212 ",54%,Online
,Kohl's,1185732,5/6/21,Northeast,New Jersey,Newark,Men's Street Footwear,$48.00 ,130,"$6,240 ","$2,933 ",47%,Online
,Kohl's,1185732,5/6/21,Northeast,New Jersey,Newark,Men's Athletic Footwear,$41.00 ,68,"$2,788 ","$1,394 ",50%,Online
,Kohl's,1185732,5/6/21,Northeast,New Jersey,Newark,Women's Street Footwear,$38.00 ,75,"$2,850 ","$1,425 ",50%,Online
,Kohl's,1185732,5/6/21,Northeast,New Jersey,Newark,Women's Athletic Footwear,$38.00 ,56,"$2,128 ","$1,064 ",50%,Online
,Kohl's,1185732,5/6/21,Northeast,New Jersey,Newark,Men's Apparel,$47.00 ,68,"$3,196 ","$1,310 ",41%,Online
,Kohl's,1185732,5/6/21,Northeast,New Jersey,Newark,Women's Apparel,$51.00 ,102,"$5,202 ","$2,705 ",52%,Online
,Kohl's,1185732,6/8/21,Northeast,New Jersey,Newark,Men's Street Footwear,$45.00 ,156,"$7,020 ","$3,229 ",46%,Online
,Kohl's,1185732,6/8/21,Northeast,New Jersey,Newark,Men's Athletic Footwear,$44.00 ,105,"$4,620 ","$2,125 ",46%,Online
,Kohl's,1185732,6/8/21,Northeast,New Jersey,Newark,Women's Street Footwear,$38.00 ,69,"$2,622 ","$1,390 ",53%,Online
,Kohl's,1185732,6/8/21,Northeast,New Jersey,Newark,Women's Athletic Footwear,$39.00 ,65,"$2,535 ","$1,369 ",54%,Online
,Kohl's,1185732,6/8/21,Northeast,New Jersey,Newark,Men's Apparel,$46.00 ,65,"$2,990 ","$1,346 ",45%,Online
,Kohl's,1185732,6/8/21,Northeast,New Jersey,Newark,Women's Apparel,$50.00 ,120,"$6,000 ","$3,000 ",50%,Online
,Kohl's,1185732,7/6/21,Northeast,New Jersey,Newark,Men's Street Footwear,$47.00 ,188,"$8,836 ","$4,153 ",47%,Online
,Kohl's,1185732,7/6/21,Northeast,New Jersey,Newark,Men's Athletic Footwear,$42.00 ,98,"$4,116 ","$2,058 ",50%,Online
,Kohl's,1185732,7/6/21,Northeast,New Jersey,Newark,Women's Street Footwear,$37.00 ,81,"$2,997 ","$1,558 ",52%,Online
,Kohl's,1185732,7/6/21,Northeast,New Jersey,Newark,Women's Athletic Footwear,$36.00 ,63,"$2,268 ","$1,225 ",54%,Online
,Kohl's,1185732,7/6/21,Northeast,New Jersey,Newark,Men's Apparel,$48.00 ,74,"$3,552 ","$1,527 ",43%,Online
,Kohl's,1185732,7/6/21,Northeast,New Jersey,Newark,Women's Apparel,$54.00 ,131,"$7,074 ","$3,749 ",53%,Online
,Kohl's,1185732,8/7/21,Northeast,New Jersey,Newark,Men's Street Footwear,$47.00 ,180,"$8,460 ","$4,061 ",48%,Online
,Kohl's,1185732,8/7/21,Northeast,New Jersey,Newark,Men's Athletic Footwear,$42.00 ,101,"$4,242 ","$1,994 ",47%,Online
,Kohl's,1185732,8/7/21,Northeast,New Jersey,Newark,Women's Street Footwear,$37.00 ,75,"$2,775 ","$1,499 ",54%,Online
,Kohl's,1185732,8/7/21,Northeast,New Jersey,Newark,Women's Athletic Footwear,$36.00 ,52,"$1,872 ",$955 ,51%,Online
,Kohl's,1185732,8/7/21,Northeast,New Jersey,Newark,Men's Apparel,$46.00 ,46,"$2,116 ",$910 ,43%,Online
,Kohl's,1185732,8/7/21,Northeast,New Jersey,Newark,Women's Apparel,$52.00 ,105,"$5,460 ","$2,894 ",53%,Online
,Kohl's,1185732,9/6/21,Northeast,New Jersey,Newark,Men's Street Footwear,$46.00 ,124,"$5,704 ","$2,795 ",49%,Online
,Kohl's,1185732,9/6/21,Northeast,New Jersey,Newark,Men's Athletic Footwear,$41.00 ,72,"$2,952 ","$1,476 ",50%,Online
,Kohl's,1185732,9/6/21,Northeast,New Jersey,Newark,Women's Street Footwear,$39.00 ,51,"$1,989 ","$1,054 ",53%,Online
,Kohl's,1185732,9/6/21,Northeast,New Jersey,Newark,Women's Athletic Footwear,$37.00 ,38,"$1,406 ",$745 ,53%,Online
,Kohl's,1185732,9/6/21,Northeast,New Jersey,Newark,Men's Apparel,$47.00 ,41,"$1,927 ",$790 ,41%,Online
,Kohl's,1185732,9/6/21,Northeast,New Jersey,Newark,Women's Apparel,$50.00 ,73,"$3,650 ","$1,935 ",53%,Online
,Kohl's,1185732,10/8/21,Northeast,New Jersey,Newark,Men's Street Footwear,$53.00 ,119,"$6,307 ","$2,901 ",46%,Online
,Kohl's,1185732,10/8/21,Northeast,New Jersey,Newark,Men's Athletic Footwear,$48.00 ,63,"$3,024 ","$1,512 ",50%,Online
,Kohl's,1185732,10/8/21,Northeast,New Jersey,Newark,Women's Street Footwear,$46.00 ,42,"$1,932 ",$966 ,50%,Online
,Kohl's,1185732,10/8/21,Northeast,New Jersey,Newark,Women's Athletic Footwear,$48.00 ,31,"$1,488 ",$774 ,52%,Online
,Kohl's,1185732,10/8/21,Northeast,New Jersey,Newark,Men's Apparel,$58.00 ,38,"$2,204 ",$904 ,41%,Online
,Sports Direct,1185732,10/8/21,Northeast,New Jersey,Newark,Women's Apparel,$62.00 ,68,"$4,216 ","$2,234 ",53%,Online
,Sports Direct,1185732,11/7/21,Northeast,New Jersey,Newark,Men's Street Footwear,$59.00 ,108,"$6,372 ","$3,059 ",48%,Online
,Sports Direct,1185732,11/7/21,Northeast,New Jersey,Newark,Men's Athletic Footwear,$46.00 ,80,"$3,680 ","$1,803 ",49%,Online
,Sports Direct,1185732,11/7/21,Northeast,New Jersey,Newark,Women's Street Footwear,$48.00 ,68,"$3,264 ","$1,665 ",51%,Online
,Sports Direct,1185732,11/7/21,Northeast,New Jersey,Newark,Women's Athletic Footwear,$49.00 ,65,"$3,185 ","$1,752 ",55%,Online
,Sports Direct,1185732,11/7/21,Northeast,New Jersey,Newark,Men's Apparel,$55.00 ,59,"$3,245 ","$1,428 ",44%,Online
,Sports Direct,1185732,11/7/21,Northeast,New Jersey,Newark,Women's Apparel,$59.00 ,91,"$5,369 ","$2,846 ",53%,Online
,Sports Direct,1185732,12/6/21,Northeast,New Jersey,Newark,Men's Street Footwear,$55.00 ,149,"$8,195 ","$3,934 ",48%,Online
,Sports Direct,1185732,12/6/21,Northeast,New Jersey,Newark,Men's Athletic Footwear,$49.00 ,105,"$5,145 ","$2,470 ",48%,Online
,Sports Direct,1185732,12/6/21,Northeast,New Jersey,Newark,Women's Street Footwear,$49.00 ,91,"$4,459 ","$2,230 ",50%,Online
,Sports Direct,1185732,12/6/21,Northeast,New Jersey,Newark,Women's Athletic Footwear,$47.00 ,83,"$3,901 ","$1,990 ",51%,Online
,Sports Direct,1185732,12/6/21,Northeast,New Jersey,Newark,Men's Apparel,$55.00 ,83,"$4,565 ","$2,054 ",45%,Online
,Sports Direct,1185732,12/6/21,Northeast,New Jersey,Newark,Women's Apparel,$59.00 ,101,"$5,959 ","$3,218 ",54%,Online
,Sports Direct,1185732,1/7/21,Northeast,New Jersey,Newark,Men's Street Footwear,$38.00 ,125,"$4,750 ","$2,423 ",51%,Online
,Sports Direct,1185732,1/7/21,Northeast,New Jersey,Newark,Men's Athletic Footwear,$37.00 ,87,"$3,219 ","$1,674 ",52%,Online
,Sports Direct,1185732,1/7/21,Northeast,New Jersey,Newark,Women's Street Footwear,$28.00 ,90,"$2,520 ","$1,008 ",40%,Online
,Sports Direct,1185732,1/7/21,Northeast,New Jersey,Newark,Women's Athletic Footwear,$33.00 ,42,"$1,386 ",$610 ,44%,Online
,Sports Direct,1185732,1/7/21,Northeast,New Jersey,Newark,Men's Apparel,$49.00 ,60,"$2,940 ","$1,205 ",41%,Online
,Sports Direct,1185732,1/7/21,Northeast,New Jersey,Newark,Women's Apparel,$37.00 ,81,"$2,997 ","$1,499 ",50%,Online
,Sports Direct,1185732,2/5/21,Northeast,New Jersey,Newark,Men's Street Footwear,$39.00 ,149,"$5,811 ","$2,906 ",50%,Online
,Sports Direct,1185732,2/5/21,Northeast,New Jersey,Newark,Men's Athletic Footwear,$37.00 ,54,"$1,998 ",$999 ,50%,Online
,Sports Direct,1185732,2/5/21,Northeast,New Jersey,Newark,Women's Street Footwear,$29.00 ,65,"$1,885 ",$848 ,45%,Online
,Sports Direct,1185732,2/5/21,Northeast,Connecticut,Hartford,Women's Athletic Footwear,$32.00 ,34,"$1,088 ",$479 ,44%,Online
,Sports Direct,1185732,2/5/21,Northeast,Connecticut,Hartford,Men's Apparel,$49.00 ,60,"$2,940 ","$1,294 ",44%,Online
,Sports Direct,1185732,2/5/21,Northeast,Connecticut,Hartford,Women's Apparel,$39.00 ,84,"$3,276 ","$1,474 ",45%,Online
,Sports Direct,1185732,3/3/21,Northeast,Connecticut,Hartford,Men's Street Footwear,$39.00 ,130,"$5,070 ","$2,535 ",50%,Online
,Sports Direct,1185732,3/3/21,Northeast,Connecticut,Hartford,Men's Athletic Footwear,$38.00 ,56,"$2,128 ","$1,149 ",54%,Online
,Sports Direct,1185732,3/3/21,Northeast,Connecticut,Hartford,Women's Street Footwear,$29.00 ,68,"$1,972 ",$887 ,45%,Online
,Sports Direct,1185732,3/3/21,Northeast,Connecticut,Hartford,Women's Athletic Footwear,$32.00 ,30,$960 ,$403 ,42%,Online
,Sports Direct,1185732,3/3/21,Northeast,Connecticut,Hartford,Men's Apparel,$48.00 ,39,"$1,872 ",$749 ,40%,Online
,Sports Direct,1185732,3/3/21,Northeast,Connecticut,Hartford,Women's Apparel,$38.00 ,73,"$2,774 ","$1,359 ",49%,Online
,Sports Direct,1185732,4/4/21,Northeast,Connecticut,Hartford,Men's Street Footwear,$36.00 ,150,"$5,400 ","$2,700 ",50%,Online
,Sports Direct,1185732,4/4/21,Northeast,Connecticut,Hartford,Men's Athletic Footwear,$38.00 ,58,"$2,204 ","$1,212 ",55%,Online
,Sports Direct,1185732,4/4/21,Northeast,Connecticut,Hartford,Women's Street Footwear,$29.00 ,56,"$1,624 ",$698 ,43%,Online
,Sports Direct,1185732,4/4/21,Northeast,Connecticut,Hartford,Women's Athletic Footwear,$32.00 ,38,"$1,216 ",$547 ,45%,Online
,Sports Direct,1185732,4/4/21,Northeast,Connecticut,Hartford,Men's Apparel,$46.00 ,35,"$1,610 ",$725 ,45%,Online
,Sports Direct,1185732,4/4/21,Northeast,Connecticut,Hartford,Women's Apparel,$36.00 ,69,"$2,484 ","$1,242 ",50%,Online
,Sports Direct,1185732,5/3/21,Northeast,Connecticut,Hartford,Men's Street Footwear,$54.00 ,142,"$7,668 ","$3,911 ",51%,Online
,Sports Direct,1185732,5/3/21,Northeast,Connecticut,Hartford,Men's Athletic Footwear,$48.00 ,73,"$3,504 ","$1,857 ",53%,Online
,Sports Direct,1185732,5/3/21,Northeast,Connecticut,Hartford,Women's Street Footwear,$43.00 ,74,"$3,182 ","$1,273 ",40%,Online
,Sports Direct,1185732,5/3/21,Northeast,Connecticut,Hartford,Women's Athletic Footwear,$44.00 ,63,"$2,772 ","$1,137 ",41%,Online
,Sports Direct,1185732,5/3/21,Northeast,Connecticut,Hartford,Men's Apparel,$50.00 ,70,"$3,500 ","$1,540 ",44%,Online
,Sports Direct,1185732,5/3/21,Northeast,Connecticut,Hartford,Women's Apparel,$55.00 ,113,"$6,215 ","$3,045 ",49%,Online
,Sports Direct,1185732,6/5/21,Northeast,Connecticut,Hartford,Men's Street Footwear,$50.00 ,175,"$8,750 ","$4,813 ",55%,Online
,Sports Direct,1185732,6/5/21,Northeast,Connecticut,Hartford,Men's Athletic Footwear,$48.00 ,94,"$4,512 ","$2,256 ",50%,Online
,Sports Direct,1185732,6/5/21,Northeast,Connecticut,Hartford,Women's Street Footwear,$42.00 ,87,"$3,654 ","$1,644 ",45%,Online
,Sports Direct,1185732,6/5/21,Northeast,Connecticut,Hartford,Women's Athletic Footwear,$42.00 ,80,"$3,360 ","$1,411 ",42%,Online
,Sports Direct,1185732,6/5/21,Northeast,Connecticut,Hartford,Men's Apparel,$53.00 ,74,"$3,922 ","$1,726 ",44%,Online
,Sports Direct,1185732,6/5/21,Northeast,Connecticut,Hartford,Women's Apparel,$56.00 ,123,"$6,888 ","$3,375 ",49%,Online
,Sports Direct,1185732,7/3/21,Northeast,Connecticut,Hartford,Men's Street Footwear,$54.00 ,189,"$10,206 ","$5,511 ",54%,Online
,Sports Direct,1185732,7/3/21,Northeast,Connecticut,Hartford,Men's Athletic Footwear,$48.00 ,112,"$5,376 ","$2,849 ",53%,Online
,Sports Direct,1185732,7/3/21,Northeast,Connecticut,Hartford,Women's Street Footwear,$44.00 ,81,"$3,564 ","$1,568 ",44%,Online
,Sports Direct,1185732,7/3/21,Northeast,Connecticut,Hartford,Women's Athletic Footwear,$42.00 ,80,"$3,360 ","$1,478 ",44%,Online
,Sports Direct,1185732,7/3/21,Northeast,Connecticut,Hartford,Men's Apparel,$53.00 ,81,"$4,293 ","$1,889 ",44%,Online
,Sports Direct,1185732,7/3/21,Northeast,Connecticut,Hartford,Women's Apparel,$56.00 ,143,"$8,008 ","$3,844 ",48%,Online
,Sports Direct,1185732,8/4/21,Northeast,Connecticut,Hartford,Men's Street Footwear,$51.00 ,163,"$8,313 ","$4,572 ",55%,Online
,Sports Direct,1185732,8/4/21,Northeast,Connecticut,Hartford,Men's Athletic Footwear,$48.00 ,108,"$5,184 ","$2,851 ",55%,Online
,Sports Direct,1185732,8/4/21,Northeast,Connecticut,Hartford,Women's Street Footwear,$41.00 ,85,"$3,485 ","$1,464 ",42%,Online
,Sports Direct,1185732,8/4/21,Northeast,Connecticut,Hartford,Women's Athletic Footwear,$41.00 ,68,"$2,788 ","$1,143 ",41%,Online
,Sports Direct,1185732,8/4/21,Northeast,Connecticut,Hartford,Men's Apparel,$51.00 ,52,"$2,652 ","$1,167 ",44%,Online
,Sports Direct,1185732,8/4/21,Northeast,Connecticut,Hartford,Women's Apparel,$55.00 ,105,"$5,775 ","$2,888 ",50%,Online
,Sports Direct,1185732,9/3/21,Northeast,Connecticut,Hartford,Men's Street Footwear,$52.00 ,125,"$6,500 ","$3,510 ",54%,Online
,Sports Direct,1185732,9/3/21,Northeast,Connecticut,Hartford,Men's Athletic Footwear,$47.00 ,75,"$3,525 ","$1,833 ",52%,Online
,Sports Direct,1185732,9/3/21,Northeast,Connecticut,Hartford,Women's Street Footwear,$41.00 ,60,"$2,460 ","$1,082 ",44%,Online
,Sports Direct,1185732,9/3/21,Northeast,Connecticut,Hartford,Women's Athletic Footwear,$41.00 ,46,"$1,886 ",$849 ,45%,Online
,Sports Direct,1185732,9/3/21,Northeast,Connecticut,Hartford,Men's Apparel,$50.00 ,51,"$2,550 ","$1,071 ",42%,Online
,Sports Direct,1185732,9/3/21,Northeast,Connecticut,Hartford,Women's Apparel,$54.00 ,83,"$4,482 ","$2,196 ",49%,Online
,Sports Direct,1185732,10/5/21,Northeast,Connecticut,Hartford,Men's Street Footwear,$59.00 ,113,"$6,667 ","$3,667 ",55%,Online
,Sports Direct,1185732,10/5/21,Northeast,Connecticut,Hartford,Men's Athletic Footwear,$52.00 ,72,"$3,744 ","$1,872 ",50%,Online
,Sports Direct,1185732,10/5/21,Northeast,Connecticut,Hartford,Women's Street Footwear,$53.00 ,49,"$2,597 ","$1,117 ",43%,Online
,Sports Direct,1185732,10/5/21,Northeast,Connecticut,Hartford,Women's Athletic Footwear,$50.00 ,38,"$1,900 ",$760 ,40%,Online
,Sports Direct,1185732,10/5/21,Northeast,Connecticut,Hartford,Men's Apparel,$64.00 ,42,"$2,688 ","$1,129 ",42%,Online
,Foot Locker,1185732,10/5/21,Northeast,Connecticut,Hartford,Women's Apparel,$63.00 ,74,"$4,662 ","$2,331 ",50%,Online
,Foot Locker,1185732,11/4/21,Northeast,Connecticut,Hartford,Men's Street Footwear,$60.00 ,111,"$6,660 ","$3,330 ",50%,Online
,Foot Locker,1185732,11/4/21,Northeast,Connecticut,Hartford,Men's Athletic Footwear,$51.00 ,84,"$4,284 ","$2,228 ",52%,Online
,Foot Locker,1185732,11/4/21,Northeast,Connecticut,Hartford,Women's Street Footwear,$51.00 ,80,"$4,080 ","$1,836 ",45%,Online
,Foot Locker,1185732,11/4/21,Northeast,Connecticut,Hartford,Women's Athletic Footwear,$50.00 ,80,"$4,000 ","$1,680 ",42%,Online
,Foot Locker,1185732,11/4/21,Northeast,Connecticut,Hartford,Men's Apparel,$60.00 ,68,"$4,080 ","$1,795 ",44%,Online
,Foot Locker,1185732,11/4/21,Northeast,Connecticut,Hartford,Women's Apparel,$67.00 ,95,"$6,365 ","$2,992 ",47%,Online
,Foot Locker,1185732,12/3/21,Northeast,Connecticut,Hartford,Men's Street Footwear,$59.00 ,150,"$8,850 ","$4,514 ",51%,Online
,Foot Locker,1185732,12/3/21,Northeast,Connecticut,Hartford,Men's Athletic Footwear,$51.00 ,101,"$5,151 ","$2,627 ",51%,Online
,Foot Locker,1185732,12/3/21,Northeast,Connecticut,Hartford,Women's Street Footwear,$50.00 ,88,"$4,400 ","$1,980 ",45%,Online
,Foot Locker,1185732,12/3/21,Northeast,Connecticut,Hartford,Women's Athletic Footwear,$53.00 ,87,"$4,611 ","$1,937 ",42%,Online
,Foot Locker,1185732,12/3/21,Northeast,Connecticut,Hartford,Men's Apparel,$60.00 ,78,"$4,680 ","$2,106 ",45%,Online
,Foot Locker,1185732,12/3/21,Northeast,Connecticut,Hartford,Women's Apparel,$67.00 ,112,"$7,504 ","$3,452 ",46%,Online
,Foot Locker,1185732,1/10/21,Northeast,Connecticut,Hartford,Men's Street Footwear,$34.00 ,115,"$3,910 ","$1,799 ",46%,Online
,Foot Locker,1185732,1/10/21,Northeast,Connecticut,Hartford,Men's Athletic Footwear,$34.00 ,63,"$2,142 ",$964 ,45%,Online
,Foot Locker,1185732,1/10/21,Northeast,Connecticut,Hartford,Women's Street Footwear,$24.00 ,63,"$1,512 ",$832 ,55%,Online
,Foot Locker,1185732,1/10/21,Northeast,Connecticut,Hartford,Women's Athletic Footwear,$29.00 ,20,$580 ,$307 ,53%,Online
,Foot Locker,1185732,1/10/21,Northeast,Connecticut,Hartford,Men's Apparel,$44.00 ,33,"$1,452 ",$581 ,40%,Online
,Foot Locker,1185732,1/10/21,Northeast,Connecticut,Hartford,Women's Apparel,$33.00 ,63,"$2,079 ","$1,123 ",54%,Online
,Foot Locker,1185732,2/8/21,Northeast,Connecticut,Hartford,Men's Street Footwear,$34.00 ,119,"$4,046 ","$1,983 ",49%,Online
,Foot Locker,1185732,2/8/21,Northeast,Connecticut,Hartford,Men's Athletic Footwear,$34.00 ,36,"$1,224 ",$575 ,47%,Online
,Foot Locker,1185732,2/8/21,Northeast,Connecticut,Hartford,Women's Street Footwear,$24.00 ,49,"$1,176 ",$588 ,50%,Online
,Foot Locker,1185732,2/8/21,Northeast,Rhode Island,Providence,Women's Athletic Footwear,$29.00 ,13,$377 ,$204 ,54%,Online
,Foot Locker,1185732,2/8/21,Northeast,Rhode Island,Providence,Men's Apparel,$41.00 ,35,"$1,435 ",$588 ,41%,Online
,Foot Locker,1185732,2/8/21,Northeast,Rhode Island,Providence,Women's Apparel,$33.00 ,65,"$2,145 ","$1,137 ",53%,Online
,Foot Locker,1185732,3/6/21,Northeast,Rhode Island,Providence,Men's Street Footwear,$34.00 ,111,"$3,774 ","$1,887 ",50%,Online
,Foot Locker,1185732,3/6/21,Northeast,Rhode Island,Providence,Men's Athletic Footwear,$34.00 ,44,"$1,496 ",$673 ,45%,Online
,Foot Locker,1185732,3/6/21,Northeast,Rhode Island,Providence,Women's Street Footwear,$23.00 ,51,"$1,173 ",$610 ,52%,Online
,Foot Locker,1185732,3/6/21,Northeast,Rhode Island,Providence,Women's Athletic Footwear,$29.00 ,8,$232 ,$116 ,50%,Online
,Foot Locker,1185732,3/6/21,Northeast,Rhode Island,Providence,Men's Apparel,$44.00 ,20,$880 ,$396 ,45%,Online
,Foot Locker,1185732,3/6/21,Northeast,Rhode Island,Providence,Women's Apparel,$32.00 ,51,"$1,632 ",$881 ,54%,Online
,Foot Locker,1185732,4/7/21,Northeast,Rhode Island,Providence,Men's Street Footwear,$32.00 ,111,"$3,552 ","$1,740 ",49%,Online
,Foot Locker,1185732,4/7/21,Northeast,Rhode Island,Providence,Men's Athletic Footwear,$32.00 ,33,"$1,056 ",$528 ,50%,Online
,Foot Locker,1185732,4/7/21,Northeast,Rhode Island,Providence,Women's Street Footwear,$24.00 ,36,$864 ,$449 ,52%,Online
,Foot Locker,1185732,4/7/21,Northeast,Rhode Island,Providence,Women's Athletic Footwear,$29.00 ,13,$377 ,$200 ,53%,Online
,Foot Locker,1185732,4/7/21,Northeast,Rhode Island,Providence,Men's Apparel,$44.00 ,15,$660 ,$264 ,40%,Online
,Foot Locker,1185732,4/7/21,Northeast,Rhode Island,Providence,Women's Apparel,$33.00 ,50,"$1,650 ",$858 ,52%,Online
,Foot Locker,1185732,5/6/21,Northeast,Rhode Island,Providence,Men's Street Footwear,$49.00 ,122,"$5,978 ","$2,989 ",50%,Online
,Foot Locker,1185732,5/6/21,Northeast,Rhode Island,Providence,Men's Athletic Footwear,$43.00 ,49,"$2,107 ",$948 ,45%,Online
,Foot Locker,1185732,5/6/21,Northeast,Rhode Island,Providence,Women's Street Footwear,$39.00 ,60,"$2,340 ","$1,264 ",54%,Online
,Foot Locker,1185732,5/6/21,Northeast,Rhode Island,Providence,Women's Athletic Footwear,$39.00 ,44,"$1,716 ",$892 ,52%,Online
,Foot Locker,1185732,5/6/21,Northeast,Rhode Island,Providence,Men's Apparel,$49.00 ,46,"$2,254 ",$902 ,40%,Online
,Foot Locker,1185732,5/6/21,Northeast,Rhode Island,Providence,Women's Apparel,$52.00 ,81,"$4,212 ","$2,232 ",53%,Online
,Foot Locker,1185732,6/8/21,Northeast,Rhode Island,Providence,Men's Street Footwear,$47.00 ,138,"$6,486 ","$2,919 ",45%,Online
,Foot Locker,1185732,6/8/21,Northeast,Rhode Island,Providence,Men's Athletic Footwear,$41.00 ,90,"$3,690 ","$1,808 ",49%,Online
,Foot Locker,1185732,6/8/21,Northeast,Rhode Island,Providence,Women's Street Footwear,$39.00 ,65,"$2,535 ","$1,394 ",55%,Online
,Foot Locker,1185732,6/8/21,Northeast,Rhode Island,Providence,Women's Athletic Footwear,$39.00 ,60,"$2,340 ","$1,264 ",54%,Online
,Foot Locker,1185732,6/8/21,Northeast,Rhode Island,Providence,Men's Apparel,$48.00 ,58,"$2,784 ","$1,141 ",41%,Online
,Foot Locker,1185732,6/8/21,Northeast,Rhode Island,Providence,Women's Apparel,$51.00 ,88,"$4,488 ","$2,289 ",51%,Online
,Foot Locker,1185732,7/6/21,Northeast,Rhode Island,Providence,Men's Street Footwear,$46.00 ,167,"$7,682 ","$3,457 ",45%,Online
,Foot Locker,1185732,7/6/21,Northeast,Rhode Island,Providence,Men's Athletic Footwear,$41.00 ,81,"$3,321 ","$1,661 ",50%,Online
,Foot Locker,1185732,7/6/21,Northeast,Rhode Island,Providence,Women's Street Footwear,$37.00 ,65,"$2,405 ","$1,251 ",52%,Online
,Foot Locker,1185732,7/6/21,Northeast,Rhode Island,Providence,Women's Athletic Footwear,$37.00 ,58,"$2,146 ","$1,116 ",52%,Online
,Foot Locker,1185732,7/6/21,Northeast,Rhode Island,Providence,Men's Apparel,$47.00 ,63,"$2,961 ","$1,184 ",40%,Online
,Foot Locker,1185732,7/6/21,Northeast,Rhode Island,Providence,Women's Apparel,$50.00 ,116,"$5,800 ","$2,900 ",50%,Online
,Foot Locker,1185732,8/7/21,Northeast,Rhode Island,Providence,Men's Street Footwear,$46.00 ,143,"$6,578 ","$3,157 ",48%,Online
,Foot Locker,1185732,8/7/21,Northeast,Rhode Island,Providence,Men's Athletic Footwear,$42.00 ,91,"$3,822 ","$1,796 ",47%,Online
,Foot Locker,1185732,8/7/21,Northeast,Rhode Island,Providence,Women's Street Footwear,$38.00 ,75,"$2,850 ","$1,568 ",55%,Online
,Foot Locker,1185732,8/7/21,Northeast,Rhode Island,Providence,Women's Athletic Footwear,$37.00 ,39,"$1,443 ",$765 ,53%,Online
,Foot Locker,1185732,8/7/21,Northeast,Rhode Island,Providence,Men's Apparel,$45.00 ,31,"$1,395 ",$558 ,40%,Online
,Foot Locker,1185732,8/7/21,Northeast,Rhode Island,Providence,Women's Apparel,$52.00 ,87,"$4,524 ","$2,443 ",54%,Online
,Foot Locker,1185732,9/6/21,Northeast,Rhode Island,Providence,Men's Street Footwear,$45.00 ,111,"$4,995 ","$2,248 ",45%,Online
,Foot Locker,1185732,9/6/21,Northeast,Rhode Island,Providence,Men's Athletic Footwear,$43.00 ,56,"$2,408 ","$1,156 ",48%,Online
,Foot Locker,1185732,9/6/21,Northeast,Rhode Island,Providence,Women's Street Footwear,$36.00 ,38,"$1,368 ",$698 ,51%,Online
,Foot Locker,1185732,9/6/21,Northeast,Rhode Island,Providence,Women's Athletic Footwear,$39.00 ,27,"$1,053 ",$569 ,54%,Online
,Foot Locker,1185732,9/6/21,Northeast,Rhode Island,Providence,Men's Apparel,$47.00 ,27,"$1,269 ",$520 ,41%,Online
,Foot Locker,1185732,9/6/21,Northeast,Rhode Island,Providence,Women's Apparel,$52.00 ,58,"$3,016 ","$1,538 ",51%,Online
,Foot Locker,1185732,10/8/21,Northeast,Rhode Island,Providence,Men's Street Footwear,$53.00 ,94,"$4,982 ","$2,491 ",50%,Online
,Foot Locker,1185732,10/8/21,Northeast,Rhode Island,Providence,Men's Athletic Footwear,$46.00 ,56,"$2,576 ","$1,262 ",49%,Online
,Foot Locker,1185732,10/8/21,Northeast,Rhode Island,Providence,Women's Street Footwear,$45.00 ,29,"$1,305 ",$679 ,52%,Online
,Foot Locker,1185732,10/8/21,Northeast,Rhode Island,Providence,Women's Athletic Footwear,$47.00 ,23,"$1,081 ",$541 ,50%,Online
,Foot Locker,1185732,10/8/21,Northeast,Rhode Island,Providence,Men's Apparel,$55.00 ,19,"$1,045 ",$418 ,40%,Online
,Sports Direct,1185732,10/8/21,Northeast,Rhode Island,Providence,Women's Apparel,$64.00 ,58,"$3,712 ","$1,893 ",51%,Online
,Sports Direct,1185732,11/7/21,Northeast,Rhode Island,Providence,Men's Street Footwear,$55.00 ,95,"$5,225 ","$2,560 ",49%,Online
,Sports Direct,1185732,11/7/21,Northeast,Rhode Island,Providence,Men's Athletic Footwear,$46.00 ,63,"$2,898 ","$1,304 ",45%,Online
,Sports Direct,1185732,11/7/21,Northeast,Rhode Island,Providence,Women's Street Footwear,$48.00 ,64,"$3,072 ","$1,659 ",54%,Online
,Sports Direct,1185732,11/7/21,Northeast,Rhode Island,Providence,Women's Athletic Footwear,$48.00 ,58,"$2,784 ","$1,531 ",55%,Online
,Sports Direct,1185732,11/7/21,Northeast,Rhode Island,Providence,Men's Apparel,$58.00 ,44,"$2,552 ","$1,123 ",44%,Online
,Sports Direct,1185732,11/7/21,Northeast,Rhode Island,Providence,Women's Apparel,$60.00 ,77,"$4,620 ","$2,402 ",52%,Online
,Sports Direct,1185732,12/6/21,Northeast,Rhode Island,Providence,Men's Street Footwear,$54.00 ,135,"$7,290 ","$3,645 ",50%,Online
,Sports Direct,1185732,12/6/21,Northeast,Rhode Island,Providence,Men's Athletic Footwear,$45.00 ,78,"$3,510 ","$1,685 ",48%,Online
,Sports Direct,1185732,12/6/21,Northeast,Rhode Island,Providence,Women's Street Footwear,$47.00 ,74,"$3,478 ","$1,774 ",51%,Online
,Sports Direct,1185732,12/6/21,Northeast,Rhode Island,Providence,Women's Athletic Footwear,$48.00 ,65,"$3,120 ","$1,560 ",50%,Online
,Sports Direct,1185732,12/6/21,Northeast,Rhode Island,Providence,Men's Apparel,$56.00 ,68,"$3,808 ","$1,637 ",43%,Online
,Sports Direct,1185732,12/6/21,Northeast,Rhode Island,Providence,Women's Apparel,$60.00 ,85,"$5,100 ","$2,805 ",55%,Online
,Sports Direct,1185732,1/17/21,Northeast,Rhode Island,Providence,Men's Street Footwear,$38.00 ,126,"$4,788 ","$2,059 ",43%,Online
,Sports Direct,1185732,1/17/21,Northeast,Rhode Island,Providence,Men's Athletic Footwear,$38.00 ,68,"$2,584 ","$1,137 ",44%,Online
,Sports Direct,1185732,1/17/21,Northeast,Rhode Island,Providence,Women's Street Footwear,$27.00 ,73,"$1,971 ",$710 ,36%,Online
,Sports Direct,1185732,1/17/21,Northeast,Rhode Island,Providence,Women's Athletic Footwear,$34.00 ,26,$884 ,$336 ,38%,Online
,Sports Direct,1185732,1/17/21,Northeast,Rhode Island,Providence,Men's Apparel,$48.00 ,41,"$1,968 ",$768 ,39%,Online
,Sports Direct,1185732,1/17/21,Northeast,Rhode Island,Providence,Women's Apparel,$38.00 ,70,"$2,660 ","$1,091 ",41%,Online
,Sports Direct,1185732,2/15/21,Northeast,Rhode Island,Providence,Men's Street Footwear,$36.00 ,140,"$5,040 ","$2,066 ",41%,Online
,Sports Direct,1185732,2/15/21,Northeast,Rhode Island,Providence,Men's Athletic Footwear,$38.00 ,41,"$1,558 ",$654 ,42%,Online
,Sports Direct,1185732,2/15/21,Northeast,Rhode Island,Providence,Women's Street Footwear,$29.00 ,60,"$1,740 ",$661 ,38%,Online
,Sports Direct,1185732,2/15/21,Northeast,Massachusetts,Boston,Women's Athletic Footwear,$32.00 ,68,"$2,176 ",$827 ,38%,Online
,Sports Direct,1185732,2/15/21,Northeast,Massachusetts,Boston,Men's Apparel,$48.00 ,41,"$1,968 ",$748 ,38%,Online
,Sports Direct,1185732,2/15/21,Northeast,Massachusetts,Boston,Women's Apparel,$38.00 ,75,"$2,850 ","$1,254 ",44%,Online
,Sports Direct,1185732,3/13/21,Northeast,Massachusetts,Boston,Men's Street Footwear,$38.00 ,127,"$4,826 ","$2,123 ",44%,Online
,Sports Direct,1185732,3/13/21,Northeast,Massachusetts,Boston,Men's Athletic Footwear,$38.00 ,47,"$1,786 ",$804 ,45%,Online
,Sports Direct,1185732,3/13/21,Northeast,Massachusetts,Boston,Women's Street Footwear,$28.00 ,50,"$1,400 ",$546 ,39%,Online
,Sports Direct,1185732,3/13/21,Northeast,Massachusetts,Boston,Women's Athletic Footwear,$34.00 ,87,"$2,958 ","$1,065 ",36%,Online
,Sports Direct,1185732,3/13/21,Northeast,Massachusetts,Boston,Men's Apparel,$46.00 ,29,"$1,334 ",$520 ,39%,Online
,Sports Direct,1185732,3/13/21,Northeast,Massachusetts,Boston,Women's Apparel,$39.00 ,54,"$2,106 ",$863 ,41%,Online
,Sports Direct,1185732,4/14/21,Northeast,Massachusetts,Boston,Men's Street Footwear,$38.00 ,117,"$4,446 ","$2,001 ",45%,Online
,Sports Direct,1185732,4/14/21,Northeast,Massachusetts,Boston,Men's Athletic Footwear,$37.00 ,45,"$1,665 ",$733 ,44%,Online
,Sports Direct,1185732,4/14/21,Northeast,Massachusetts,Boston,Women's Street Footwear,$29.00 ,41,"$1,189 ",$416 ,35%,Online
,Sports Direct,1185732,4/14/21,Northeast,Massachusetts,Boston,Women's Athletic Footwear,$32.00 ,35,"$1,120 ",$437 ,39%,Online
,Sports Direct,1185732,4/14/21,Northeast,Massachusetts,Boston,Men's Apparel,$49.00 ,33,"$1,617 ",$614 ,38%,Online
,Sports Direct,1185732,4/14/21,Northeast,Massachusetts,Boston,Women's Apparel,$39.00 ,83,"$3,237 ","$1,424 ",44%,Online
,Sports Direct,1185732,5/13/21,Northeast,Massachusetts,Boston,Men's Street Footwear,$53.00 ,129,"$6,837 ","$2,940 ",43%,Online
,Sports Direct,1185732,5/13/21,Northeast,Massachusetts,Boston,Men's Athletic Footwear,$47.00 ,54,"$2,538 ","$1,091 ",43%,Online
,Sports Direct,1185732,5/13/21,Northeast,Massachusetts,Boston,Women's Street Footwear,$41.00 ,56,"$2,296 ",$918 ,40%,Online
,Sports Direct,1185732,5/13/21,Northeast,Massachusetts,Boston,Women's Athletic Footwear,$44.00 ,47,"$2,068 ",$807 ,39%,Online
,Sports Direct,1185732,5/13/21,Northeast,Massachusetts,Boston,Men's Apparel,$50.00 ,54,"$2,700 ","$1,026 ",38%,Online
,Sports Direct,1185732,5/13/21,Northeast,Massachusetts,Boston,Women's Apparel,$55.00 ,88,"$4,840 ","$1,984 ",41%,Online
,Sports Direct,1185732,6/15/21,Northeast,Massachusetts,Boston,Men's Street Footwear,$51.00 ,155,"$7,905 ","$3,320 ",42%,Online
,Sports Direct,1185732,6/15/21,Northeast,Massachusetts,Boston,Men's Athletic Footwear,$47.00 ,94,"$4,418 ","$1,856 ",42%,Online
,Sports Direct,1185732,6/15/21,Northeast,Massachusetts,Boston,Women's Street Footwear,$42.00 ,68,"$2,856 ","$1,028 ",36%,Online
,Sports Direct,1185732,6/15/21,Northeast,Massachusetts,Boston,Women's Athletic Footwear,$41.00 ,65,"$2,665 ",$933 ,35%,Online
,Sports Direct,1185732,6/15/21,Northeast,Massachusetts,Boston,Men's Apparel,$51.00 ,59,"$3,009 ","$1,143 ",38%,Online
,Sports Direct,1185732,6/15/21,Northeast,Massachusetts,Boston,Women's Apparel,$54.00 ,101,"$5,454 ","$2,182 ",40%,Online
,Sports Direct,1185732,7/13/21,Northeast,Massachusetts,Boston,Men's Street Footwear,$52.00 ,150,"$7,800 ","$3,276 ",42%,Online
,Sports Direct,1185732,7/13/21,Northeast,Massachusetts,Boston,Men's Athletic Footwear,$49.00 ,105,"$5,145 ","$2,212 ",43%,Online
,Sports Direct,1185732,7/13/21,Northeast,Massachusetts,Boston,Women's Street Footwear,$41.00 ,77,"$3,157 ","$1,168 ",37%,Online
,Sports Direct,1185732,7/13/21,Northeast,Massachusetts,Boston,Women's Athletic Footwear,$44.00 ,56,"$2,464 ",$887 ,36%,Online
,Sports Direct,1185732,7/13/21,Northeast,Massachusetts,Boston,Men's Apparel,$53.00 ,68,"$3,604 ","$1,406 ",39%,Online
,Sports Direct,1185732,7/13/21,Northeast,Massachusetts,Boston,Women's Apparel,$55.00 ,128,"$7,040 ","$2,957 ",42%,Online
,Sports Direct,1185732,8/14/21,Northeast,Massachusetts,Boston,Men's Street Footwear,$50.00 ,161,"$8,050 ","$3,542 ",44%,Online
,Sports Direct,1185732,8/14/21,Northeast,Massachusetts,Boston,Men's Athletic Footwear,$47.00 ,88,"$4,136 ","$1,696 ",41%,Online
,Sports Direct,1185732,8/14/21,Northeast,Massachusetts,Boston,Women's Street Footwear,$42.00 ,69,"$2,898 ","$1,014 ",35%,Online
,Sports Direct,1185732,8/14/21,Northeast,Massachusetts,Boston,Women's Athletic Footwear,$42.00 ,51,"$2,142 ",$771 ,36%,Online
,Sports Direct,1185732,8/14/21,Northeast,Massachusetts,Boston,Men's Apparel,$50.00 ,44,"$2,200 ",$814 ,37%,Online
,Sports Direct,1185732,8/14/21,Northeast,Massachusetts,Boston,Women's Apparel,$58.00 ,91,"$5,278 ","$2,375 ",45%,Online
,Sports Direct,1185732,9/13/21,Northeast,Massachusetts,Boston,Men's Street Footwear,$53.00 ,135,"$7,155 ","$3,005 ",42%,Online
,Sports Direct,1185732,9/13/21,Northeast,Massachusetts,Boston,Men's Athletic Footwear,$49.00 ,63,"$3,087 ","$1,235 ",40%,Online
,Sports Direct,1185732,9/13/21,Northeast,Massachusetts,Boston,Women's Street Footwear,$41.00 ,39,"$1,599 ",$592 ,37%,Online
,Sports Direct,1185732,9/13/21,Northeast,Massachusetts,Boston,Women's Athletic Footwear,$42.00 ,36,"$1,512 ",$605 ,40%,Online
,Sports Direct,1185732,9/13/21,Northeast,Massachusetts,Boston,Men's Apparel,$52.00 ,34,"$1,768 ",$636 ,36%,Online
,Sports Direct,1185732,9/13/21,Northeast,Massachusetts,Boston,Women's Apparel,$57.00 ,63,"$3,591 ","$1,616 ",45%,Online
,Sports Direct,1185732,10/15/21,Northeast,Massachusetts,Boston,Men's Street Footwear,$57.00 ,120,"$6,840 ","$3,078 ",45%,Online
,Sports Direct,1185732,10/15/21,Northeast,Massachusetts,Boston,Men's Athletic Footwear,$53.00 ,56,"$2,968 ","$1,336 ",45%,Online
,Sports Direct,1185732,10/15/21,Northeast,Massachusetts,Boston,Women's Street Footwear,$53.00 ,34,"$1,802 ",$631 ,35%,Online
,Sports Direct,1185732,10/15/21,Northeast,Massachusetts,Boston,Women's Athletic Footwear,$54.00 ,27,"$1,458 ",$554 ,38%,Online
,Sports Direct,1185732,10/15/21,Northeast,Massachusetts,Boston,Men's Apparel,$62.00 ,27,"$1,674 ",$586 ,35%,Online
,Amazon,1185732,10/15/21,Northeast,Massachusetts,Boston,Women's Apparel,$66.00 ,65,"$4,290 ","$1,888 ",44%,Online
,Amazon,1185732,11/14/21,Northeast,Massachusetts,Boston,Men's Street Footwear,$62.00 ,113,"$7,006 ","$3,013 ",43%,Online
,Amazon,1185732,11/14/21,Northeast,Massachusetts,Boston,Men's Athletic Footwear,$52.00 ,90,"$4,680 ","$2,059 ",44%,Online
,Amazon,1185732,11/14/21,Northeast,Massachusetts,Boston,Women's Street Footwear,$50.00 ,83,"$4,150 ","$1,494 ",36%,Online
,Amazon,1185732,11/14/21,Northeast,Massachusetts,Boston,Women's Athletic Footwear,$51.00 ,80,"$4,080 ","$1,591 ",39%,Online
,Amazon,1185732,11/14/21,Northeast,Massachusetts,Boston,Men's Apparel,$63.00 ,70,"$4,410 ","$1,676 ",38%,Online
,Amazon,1185732,11/14/21,Northeast,Massachusetts,Boston,Women's Apparel,$64.00 ,98,"$6,272 ","$2,822 ",45%,Online
,Amazon,1185732,12/13/21,Northeast,Massachusetts,Boston,Men's Street Footwear,$64.00 ,150,"$9,600 ","$3,936 ",41%,Online
,Amazon,1185732,12/13/21,Northeast,Massachusetts,Boston,Men's Athletic Footwear,$53.00 ,105,"$5,565 ","$2,226 ",40%,Online
,Amazon,1185732,12/13/21,Northeast,Massachusetts,Boston,Women's Street Footwear,$51.00 ,98,"$4,998 ","$1,949 ",39%,Online
,Amazon,1185732,12/13/21,Northeast,Massachusetts,Boston,Women's Athletic Footwear,$52.00 ,75,"$3,900 ","$1,482 ",38%,Online
,Amazon,1185732,12/13/21,Northeast,Massachusetts,Boston,Men's Apparel,$62.00 ,84,"$5,208 ","$2,031 ",39%,Online
,Amazon,1185732,12/13/21,Northeast,Massachusetts,Boston,Women's Apparel,$65.00 ,112,"$7,280 ","$3,203 ",44%,Online
,Amazon,1185732,1/14/21,Northeast,Massachusetts,Boston,Men's Street Footwear,$44.00 ,152,"$6,688 ","$3,678 ",55%,Online
,Amazon,1185732,1/14/21,Northeast,Massachusetts,Boston,Men's Athletic Footwear,$42.00 ,94,"$3,948 ","$2,369 ",60%,Online
,Amazon,1185732,1/14/21,Northeast,Massachusetts,Boston,Women's Street Footwear,$32.00 ,91,"$2,912 ","$1,310 ",45%,Online
,Amazon,1185732,1/14/21,Northeast,Massachusetts,Boston,Women's Athletic Footwear,$39.00 ,44,"$1,716 ",$841 ,49%,Online
,Amazon,1185732,1/14/21,Northeast,Massachusetts,Boston,Men's Apparel,$52.00 ,68,"$3,536 ","$1,662 ",47%,Online
,Amazon,1185732,1/14/21,Northeast,Massachusetts,Boston,Women's Apparel,$44.00 ,98,"$4,312 ","$2,199 ",51%,Online
,Amazon,1185732,2/12/21,Northeast,Massachusetts,Boston,Men's Street Footwear,$41.00 ,167,"$6,847 ","$3,834 ",56%,Online
,Amazon,1185732,2/12/21,Northeast,Massachusetts,Boston,Men's Athletic Footwear,$44.00 ,61,"$2,684 ","$1,610 ",60%,Online
,Amazon,1185732,2/12/21,Northeast,Massachusetts,Boston,Women's Street Footwear,$33.00 ,74,"$2,442 ","$1,221 ",50%,Online
,Amazon,1185732,2/12/21,Northeast,Vermont,Burlington,Women's Athletic Footwear,$36.00 ,45,"$1,620 ",$745 ,46%,Online
,Amazon,1185732,2/12/21,Northeast,Vermont,Burlington,Men's Apparel,$54.00 ,63,"$3,402 ","$1,701 ",50%,Online
,Amazon,1185732,2/12/21,Northeast,Vermont,Burlington,Women's Apparel,$43.00 ,85,"$3,655 ","$1,974 ",54%,Online
,Amazon,1185732,3/10/21,Northeast,Vermont,Burlington,Men's Street Footwear,$44.00 ,142,"$6,248 ","$3,749 ",60%,Online
,Amazon,1185732,3/10/21,Northeast,Vermont,Burlington,Men's Athletic Footwear,$42.00 ,70,"$2,940 ","$1,676 ",57%,Online
,Amazon,1185732,3/10/21,Northeast,Vermont,Burlington,Women's Street Footwear,$34.00 ,77,"$2,618 ","$1,283 ",49%,Online
,Amazon,1185732,3/10/21,Northeast,Vermont,Burlington,Women's Athletic Footwear,$36.00 ,38,"$1,368 ",$670 ,49%,Online
,Amazon,1185732,3/10/21,Northeast,Vermont,Burlington,Men's Apparel,$51.00 ,47,"$2,397 ","$1,175 ",49%,Online
,Amazon,1185732,3/10/21,Northeast,Vermont,Burlington,Women's Apparel,$41.00 ,80,"$3,280 ","$1,804 ",55%,Online
,Amazon,1185732,4/11/21,Northeast,Vermont,Burlington,Men's Street Footwear,$41.00 ,137,"$5,617 ","$3,146 ",56%,Online
,Amazon,1185732,4/11/21,Northeast,Vermont,Burlington,Men's Athletic Footwear,$43.00 ,56,"$2,408 ","$1,397 ",58%,Online
,Amazon,1185732,4/11/21,Northeast,Vermont,Burlington,Women's Street Footwear,$32.00 ,65,"$2,080 ","$1,040 ",50%,Online
,Amazon,1185732,4/11/21,Northeast,Vermont,Burlington,Women's Athletic Footwear,$36.00 ,44,"$1,584 ",$792 ,50%,Online
,Amazon,1185732,4/11/21,Northeast,Vermont,Burlington,Men's Apparel,$51.00 ,38,"$1,938 ",$891 ,46%,Online
,Amazon,1185732,4/11/21,Northeast,Vermont,Burlington,Women's Apparel,$44.00 ,90,"$3,960 ","$2,020 ",51%,Online
,Amazon,1185732,5/10/21,Northeast,Vermont,Burlington,Men's Street Footwear,$55.00 ,154,"$8,470 ","$4,828 ",57%,Online
,Amazon,1185732,5/10/21,Northeast,Vermont,Burlington,Men's Athletic Footwear,$54.00 ,80,"$4,320 ","$2,419 ",56%,Online
,Amazon,1185732,5/10/21,Northeast,Vermont,Burlington,Women's Street Footwear,$49.00 ,75,"$3,675 ","$1,691 ",46%,Online
,Amazon,1185732,5/10/21,Northeast,Vermont,Burlington,Women's Athletic Footwear,$46.00 ,65,"$2,990 ","$1,405 ",47%,Online
,Amazon,1185732,5/10/21,Northeast,Vermont,Burlington,Men's Apparel,$55.00 ,72,"$3,960 ","$1,861 ",47%,Online
,Amazon,1185732,5/10/21,Northeast,Vermont,Burlington,Women's Apparel,$60.00 ,120,"$7,200 ","$3,744 ",52%,Online
,Amazon,1185732,6/12/21,Northeast,Vermont,Burlington,Men's Street Footwear,$58.00 ,163,"$9,454 ","$5,483 ",58%,Online
,Amazon,1185732,6/12/21,Northeast,Vermont,Burlington,Men's Athletic Footwear,$53.00 ,116,"$6,148 ","$3,627 ",59%,Online
,Amazon,1185732,6/12/21,Northeast,Vermont,Burlington,Women's Street Footwear,$45.00 ,81,"$3,645 ","$1,713 ",47%,Online
,Amazon,1185732,6/12/21,Northeast,Vermont,Burlington,Women's Athletic Footwear,$47.00 ,90,"$4,230 ","$1,904 ",45%,Online
,Amazon,1185732,6/12/21,Northeast,Vermont,Burlington,Men's Apparel,$58.00 ,81,"$4,698 ","$2,349 ",50%,Online
,Amazon,1185732,6/12/21,Northeast,Vermont,Burlington,Women's Apparel,$62.00 ,117,"$7,254 ","$3,772 ",52%,Online
,Amazon,1185732,7/10/21,Northeast,Vermont,Burlington,Men's Street Footwear,$54.00 ,182,"$9,828 ","$5,602 ",57%,Online
,Amazon,1185732,7/10/21,Northeast,Vermont,Burlington,Men's Athletic Footwear,$51.00 ,115,"$5,865 ","$3,284 ",56%,Online
,Amazon,1185732,7/10/21,Northeast,Vermont,Burlington,Women's Street Footwear,$46.00 ,98,"$4,508 ","$2,164 ",48%,Online
,Amazon,1185732,7/10/21,Northeast,Vermont,Burlington,Women's Athletic Footwear,$46.00 ,90,"$4,140 ","$2,029 ",49%,Online
,Amazon,1185732,7/10/21,Northeast,Vermont,Burlington,Men's Apparel,$54.00 ,94,"$5,076 ","$2,386 ",47%,Online
,Amazon,1185732,7/10/21,Northeast,Vermont,Burlington,Women's Apparel,$61.00 ,125,"$7,625 ","$3,965 ",52%,Online
,Amazon,1185732,8/11/21,Northeast,Vermont,Burlington,Men's Street Footwear,$58.00 ,176,"$10,208 ","$6,125 ",60%,Online
,Amazon,1185732,8/11/21,Northeast,Vermont,Burlington,Men's Athletic Footwear,$53.00 ,106,"$5,618 ","$3,315 ",59%,Online
,Amazon,1185732,8/11/21,Northeast,Vermont,Burlington,Women's Street Footwear,$48.00 ,105,"$5,040 ","$2,318 ",46%,Online
,Amazon,1185732,8/11/21,Northeast,Vermont,Burlington,Women's Athletic Footwear,$49.00 ,68,"$3,332 ","$1,566 ",47%,Online
,Amazon,1185732,8/11/21,Northeast,Vermont,Burlington,Men's Apparel,$57.00 ,65,"$3,705 ","$1,815 ",49%,Online
,Amazon,1185732,8/11/21,Northeast,Vermont,Burlington,Women's Apparel,$61.00 ,104,"$6,344 ","$3,235 ",51%,Online
,Amazon,1185732,9/10/21,Northeast,Vermont,Burlington,Men's Street Footwear,$56.00 ,137,"$7,672 ","$4,373 ",57%,Online
,Amazon,1185732,9/10/21,Northeast,Vermont,Burlington,Men's Athletic Footwear,$50.00 ,85,"$4,250 ","$2,550 ",60%,Online
,Amazon,1185732,9/10/21,Northeast,Vermont,Burlington,Women's Street Footwear,$46.00 ,56,"$2,576 ","$1,288 ",50%,Online
,Amazon,1185732,9/10/21,Northeast,Vermont,Burlington,Women's Athletic Footwear,$45.00 ,52,"$2,340 ","$1,147 ",49%,Online
,Amazon,1185732,9/10/21,Northeast,Vermont,Burlington,Men's Apparel,$58.00 ,50,"$2,900 ","$1,363 ",47%,Online
,Amazon,1185732,9/10/21,Northeast,Vermont,Burlington,Women's Apparel,$59.00 ,78,"$4,602 ","$2,531 ",55%,Online
,Amazon,1185732,10/12/21,Northeast,Vermont,Burlington,Men's Street Footwear,$62.00 ,133,"$8,246 ","$4,948 ",60%,Online
,Amazon,1185732,10/12/21,Northeast,Vermont,Burlington,Men's Athletic Footwear,$54.00 ,75,"$4,050 ","$2,390 ",59%,Online
,Amazon,1185732,10/12/21,Northeast,Vermont,Burlington,Women's Street Footwear,$59.00 ,54,"$3,186 ","$1,593 ",50%,Online
,Amazon,1185732,10/12/21,Northeast,Vermont,Burlington,Women's Athletic Footwear,$55.00 ,46,"$2,530 ","$1,214 ",48%,Online
,Amazon,1185732,10/12/21,Northeast,Vermont,Burlington,Men's Apparel,$66.00 ,51,"$3,366 ","$1,616 ",48%,Online
,West Gear,1185732,10/12/21,Northeast,Vermont,Burlington,Women's Apparel,$71.00 ,81,"$5,751 ","$3,048 ",53%,Online
,West Gear,1185732,11/11/21,Northeast,Vermont,Burlington,Men's Street Footwear,$64.00 ,126,"$8,064 ","$4,838 ",60%,Online
,West Gear,1185732,11/11/21,Northeast,Vermont,Burlington,Men's Athletic Footwear,$55.00 ,81,"$4,455 ","$2,584 ",58%,Online
,West Gear,1185732,11/11/21,Northeast,Vermont,Burlington,Women's Street Footwear,$57.00 ,96,"$5,472 ","$2,627 ",48%,Online
,Amazon,1185732,11/11/21,Northeast,Vermont,Burlington,Women's Athletic Footwear,$55.00 ,75,"$4,125 ","$2,063 ",50%,Online
,Amazon,1185732,11/11/21,Northeast,Vermont,Burlington,Men's Apparel,$67.00 ,80,"$5,360 ","$2,680 ",50%,Online
,Amazon,1185732,11/11/21,Northeast,Vermont,Burlington,Women's Apparel,$70.00 ,94,"$6,580 ","$3,487 ",53%,Online
,Amazon,1185732,12/10/21,Northeast,Vermont,Burlington,Men's Street Footwear,$64.00 ,168,"$10,752 ","$6,451 ",60%,Online
,Amazon,1185732,12/10/21,Northeast,Vermont,Burlington,Men's Athletic Footwear,$55.00 ,100,"$5,500 ","$3,025 ",55%,Online
,Amazon,1185732,12/10/21,Northeast,Vermont,Burlington,Women's Street Footwear,$55.00 ,113,"$6,215 ","$2,921 ",47%,Online
,Amazon,1185732,12/10/21,Northeast,Vermont,Burlington,Women's Athletic Footwear,$56.00 ,81,"$4,536 ","$2,041 ",45%,Online
,Amazon,1185732,12/10/21,Northeast,Vermont,Burlington,Men's Apparel,$67.00 ,81,"$5,427 ","$2,605 ",48%,Online
,Amazon,1185732,12/10/21,Northeast,Vermont,Burlington,Women's Apparel,$68.00 ,106,"$7,208 ","$3,748 ",52%,Online
,Amazon,1185732,1/21/21,Northeast,Vermont,Burlington,Men's Street Footwear,$49.00 ,131,"$6,419 ","$3,530 ",55%,Online
,Amazon,1185732,1/21/21,Northeast,Vermont,Burlington,Men's Athletic Footwear,$45.00 ,91,"$4,095 ","$2,170 ",53%,Online
,Amazon,1185732,1/21/21,Northeast,Vermont,Burlington,Women's Street Footwear,$38.00 ,81,"$3,078 ","$1,385 ",45%,Online
,Amazon,1185732,1/21/21,Northeast,Vermont,Burlington,Women's Athletic Footwear,$43.00 ,46,"$1,978 ",$791 ,40%,Online
,Amazon,1185732,1/21/21,Northeast,Vermont,Burlington,Men's Apparel,$59.00 ,56,"$3,304 ","$1,454 ",44%,Online
,Amazon,1185732,1/21/21,Northeast,Vermont,Burlington,Women's Apparel,$49.00 ,88,"$4,312 ","$1,940 ",45%,Online
,Amazon,1185732,2/19/21,Northeast,Vermont,Burlington,Men's Street Footwear,$49.00 ,180,"$8,820 ","$4,675 ",53%,Online
,Amazon,1185732,2/19/21,Northeast,Vermont,Burlington,Men's Athletic Footwear,$45.00 ,75,"$3,375 ","$1,721 ",51%,Online
,Amazon,1185732,2/19/21,Northeast,Vermont,Burlington,Women's Street Footwear,$39.00 ,90,"$3,510 ","$1,544 ",44%,Online
,Amazon,1185732,2/19/21,Northeast,New Hampshire,Manchester,Women's Athletic Footwear,$42.00 ,58,"$2,436 ","$1,047 ",43%,Online
,Amazon,1185732,2/19/21,Northeast,New Hampshire,Manchester,Men's Apparel,$56.00 ,83,"$4,648 ","$1,999 ",43%,Online
,Amazon,1185732,2/19/21,Northeast,New Hampshire,Manchester,Women's Apparel,$46.00 ,98,"$4,508 ","$2,164 ",48%,Online
,Amazon,1185732,3/17/21,Northeast,New Hampshire,Manchester,Men's Street Footwear,$49.00 ,165,"$8,085 ","$4,043 ",50%,Online
,Amazon,1185732,3/17/21,Northeast,New Hampshire,Manchester,Men's Athletic Footwear,$49.00 ,69,"$3,381 ","$1,724 ",51%,Online
,Amazon,1185732,3/17/21,Northeast,New Hampshire,Manchester,Women's Street Footwear,$38.00 ,75,"$2,850 ","$1,169 ",41%,Online
,Amazon,1185732,3/17/21,Northeast,New Hampshire,Manchester,Women's Athletic Footwear,$44.00 ,38,"$1,672 ",$702 ,42%,Online
,Amazon,1185732,3/17/21,Northeast,New Hampshire,Manchester,Men's Apparel,$58.00 ,60,"$3,480 ","$1,566 ",45%,Online
,Amazon,1185732,3/17/21,Northeast,New Hampshire,Manchester,Women's Apparel,$45.00 ,75,"$3,375 ","$1,586 ",47%,Online
,Amazon,1185732,4/18/21,Northeast,New Hampshire,Manchester,Men's Street Footwear,$48.00 ,154,"$7,392 ","$3,918 ",53%,Online
,Amazon,1185732,4/18/21,Northeast,New Hampshire,Manchester,Men's Athletic Footwear,$49.00 ,68,"$3,332 ","$1,833 ",55%,Online
,Amazon,1185732,4/18/21,Northeast,New Hampshire,Manchester,Women's Street Footwear,$38.00 ,73,"$2,774 ","$1,221 ",44%,Online
,Amazon,1185732,4/18/21,Northeast,New Hampshire,Manchester,Women's Athletic Footwear,$44.00 ,49,"$2,156 ",$884 ,41%,Online
,Amazon,1185732,4/18/21,Northeast,New Hampshire,Manchester,Men's Apparel,$57.00 ,53,"$3,021 ","$1,359 ",45%,Online
,Amazon,1185732,4/18/21,Northeast,New Hampshire,Manchester,Women's Apparel,$46.00 ,98,"$4,508 ","$2,074 ",46%,Online
,Amazon,1185732,5/17/21,Northeast,New Hampshire,Manchester,Men's Street Footwear,$64.00 ,173,"$11,072 ","$5,868 ",53%,Online
,Amazon,1185732,5/17/21,Northeast,New Hampshire,Manchester,Men's Athletic Footwear,$54.00 ,87,"$4,698 ","$2,537 ",54%,Online
,Amazon,1185732,5/17/21,Northeast,New Hampshire,Manchester,Women's Street Footwear,$51.00 ,98,"$4,998 ","$2,099 ",42%,Online
,Amazon,1185732,5/17/21,Northeast,New Hampshire,Manchester,Women's Athletic Footwear,$52.00 ,80,"$4,160 ","$1,664 ",40%,Online
,Amazon,1185732,5/17/21,Northeast,New Hampshire,Manchester,Men's Apparel,$63.00 ,78,"$4,914 ","$2,211 ",45%,Online
,Amazon,1185732,5/17/21,Northeast,New Hampshire,Manchester,Women's Apparel,$65.00 ,115,"$7,475 ","$3,439 ",46%,Online
,Amazon,1185732,6/19/21,Northeast,New Hampshire,Manchester,Men's Street Footwear,$59.00 ,169,"$9,971 ","$5,285 ",53%,Online
,Amazon,1185732,6/19/21,Northeast,New Hampshire,Manchester,Men's Athletic Footwear,$56.00 ,123,"$6,888 ","$3,513 ",51%,Online
,Amazon,1185732,6/19/21,Northeast,New Hampshire,Manchester,Women's Street Footwear,$53.00 ,88,"$4,664 ","$2,052 ",44%,Online
,Amazon,1185732,6/19/21,Northeast,New Hampshire,Manchester,Women's Athletic Footwear,$52.00 ,91,"$4,732 ","$1,987 ",42%,Online
,Amazon,1185732,6/19/21,Northeast,New Hampshire,Manchester,Men's Apparel,$60.00 ,94,"$5,640 ","$2,425 ",43%,Online
,Amazon,1185732,6/19/21,Northeast,New Hampshire,Manchester,Women's Apparel,$66.00 ,138,"$9,108 ","$4,281 ",47%,Online
,Amazon,1185732,7/17/21,Northeast,New Hampshire,Manchester,Men's Street Footwear,$64.00 ,196,"$12,544 ","$6,648 ",53%,Online
,Amazon,1185732,7/17/21,Northeast,New Hampshire,Manchester,Men's Athletic Footwear,$55.00 ,131,"$7,205 ","$3,603 ",50%,Online
,Amazon,1185732,7/17/21,Northeast,New Hampshire,Manchester,Women's Street Footwear,$54.00 ,109,"$5,886 ","$2,413 ",41%,Online
,Amazon,1185732,7/17/21,Northeast,New Hampshire,Manchester,Women's Athletic Footwear,$53.00 ,85,"$4,505 ","$1,982 ",44%,Online
,Amazon,1185732,7/17/21,Northeast,New Hampshire,Manchester,Men's Apparel,$60.00 ,102,"$6,120 ","$2,509 ",41%,Online
,Amazon,1185732,7/17/21,Northeast,New Hampshire,Manchester,Women's Apparel,$64.00 ,137,"$8,768 ","$4,296 ",49%,Online
,Amazon,1185732,8/18/21,Northeast,New Hampshire,Manchester,Men's Street Footwear,$60.00 ,196,"$11,760 ","$5,998 ",51%,Online
,Amazon,1185732,8/18/21,Northeast,New Hampshire,Manchester,Men's Athletic Footwear,$58.00 ,135,"$7,830 ","$4,228 ",54%,Online
,Amazon,1185732,8/18/21,Northeast,New Hampshire,Manchester,Women's Street Footwear,$52.00 ,105,"$5,460 ","$2,457 ",45%,Online
,Amazon,1185732,8/18/21,Northeast,New Hampshire,Manchester,Women's Athletic Footwear,$51.00 ,72,"$3,672 ","$1,542 ",42%,Online
,Amazon,1185732,8/18/21,Northeast,New Hampshire,Manchester,Men's Apparel,$59.00 ,73,"$4,307 ","$1,938 ",45%,Online
,Amazon,1185732,8/18/21,Northeast,New Hampshire,Manchester,Women's Apparel,$64.00 ,106,"$6,784 ","$3,188 ",47%,Online
,Amazon,1185732,9/17/21,Northeast,New Hampshire,Manchester,Men's Street Footwear,$59.00 ,154,"$9,086 ","$4,725 ",52%,Online
,Amazon,1185732,9/17/21,Northeast,New Hampshire,Manchester,Men's Athletic Footwear,$54.00 ,95,"$5,130 ","$2,668 ",52%,Online
,Amazon,1185732,9/17/21,Northeast,New Hampshire,Manchester,Women's Street Footwear,$52.00 ,75,"$3,900 ","$1,677 ",43%,Online
,Amazon,1185732,9/17/21,Northeast,New Hampshire,Manchester,Women's Athletic Footwear,$53.00 ,56,"$2,968 ","$1,247 ",42%,Online
,Amazon,1185732,9/17/21,Northeast,New Hampshire,Manchester,Men's Apparel,$64.00 ,63,"$4,032 ","$1,734 ",43%,Online
,Amazon,1185732,9/17/21,Northeast,New Hampshire,Manchester,Women's Apparel,$68.00 ,98,"$6,664 ","$3,065 ",46%,Online
,Foot Locker,1185732,10/19/21,Northeast,New Hampshire,Manchester,Men's Street Footwear,$64.00 ,119,"$7,616 ","$4,036 ",53%,Online
,Foot Locker,1185732,10/19/21,Northeast,New Hampshire,Manchester,Men's Athletic Footwear,$62.00 ,84,"$5,208 ","$2,760 ",53%,Online
,Foot Locker,1185732,10/19/21,Northeast,New Hampshire,Manchester,Women's Street Footwear,$59.00 ,54,"$3,186 ","$1,402 ",44%,Online
,Foot Locker,1185732,10/19/21,Northeast,New Hampshire,Manchester,Women's Athletic Footwear,$62.00 ,47,"$2,914 ","$1,253 ",43%,Online
,Foot Locker,1185732,10/19/21,Northeast,New Hampshire,Manchester,Men's Apparel,$71.00 ,46,"$3,266 ","$1,404 ",43%,Online
,Foot Locker,1185732,10/19/21,Northeast,New Hampshire,Manchester,Women's Apparel,$72.00 ,81,"$5,832 ","$2,799 ",48%,Online
,Foot Locker,1185732,11/18/21,Northeast,New Hampshire,Manchester,Men's Street Footwear,$68.00 ,117,"$7,956 ","$4,217 ",53%,Online
,Foot Locker,1185732,11/18/21,Northeast,New Hampshire,Manchester,Men's Athletic Footwear,$62.00 ,98,"$6,076 ","$3,160 ",52%,Online
,Foot Locker,1185732,11/18/21,Northeast,New Hampshire,Manchester,Women's Street Footwear,$63.00 ,104,"$6,552 ","$2,948 ",45%,Online
,Foot Locker,1185732,11/18/21,Northeast,New Hampshire,Manchester,Women's Athletic Footwear,$64.00 ,85,"$5,440 ","$2,176 ",40%,Online
,Foot Locker,1185732,11/18/21,Northeast,New Hampshire,Manchester,Men's Apparel,$71.00 ,81,"$5,751 ","$2,415 ",42%,Online
,Foot Locker,1185732,11/18/21,Northeast,New Hampshire,Manchester,Women's Apparel,$78.00 ,116,"$9,048 ","$4,253 ",47%,Online
,Foot Locker,1185732,12/17/21,Northeast,New Hampshire,Manchester,Men's Street Footwear,$71.00 ,169,"$11,999 ","$6,599 ",55%,Online
,Foot Locker,1185732,12/17/21,Northeast,New Hampshire,Manchester,Men's Athletic Footwear,$59.00 ,115,"$6,785 ","$3,732 ",55%,Online
,Foot Locker,1185732,12/17/21,Northeast,New Hampshire,Manchester,Women's Street Footwear,$62.00 ,108,"$6,696 ","$2,812 ",42%,Online
,Foot Locker,1185732,12/17/21,Northeast,New Hampshire,Manchester,Women's Athletic Footwear,$62.00 ,88,"$5,456 ","$2,401 ",44%,Online
,Foot Locker,1185732,12/17/21,Northeast,New Hampshire,Manchester,Men's Apparel,$74.00 ,105,"$7,770 ","$3,341 ",43%,Online
,Foot Locker,1185732,12/17/21,Northeast,New Hampshire,Manchester,Women's Apparel,$74.00 ,117,"$8,658 ","$4,242 ",49%,Online
,Foot Locker,1185732,1/24/21,Northeast,New Hampshire,Manchester,Men's Street Footwear,$52.00 ,145,"$7,540 ","$3,468 ",46%,Online
,Foot Locker,1185732,1/24/21,Northeast,New Hampshire,Manchester,Men's Athletic Footwear,$50.00 ,84,"$4,200 ","$1,974 ",47%,Online
,Foot Locker,1185732,1/24/21,Northeast,New Hampshire,Manchester,Women's Street Footwear,$44.00 ,90,"$3,960 ","$1,386 ",35%,Online
,Foot Locker,1185732,1/24/21,Northeast,New Hampshire,Manchester,Women's Athletic Footwear,$49.00 ,39,"$1,911 ",$707 ,37%,Online
,Foot Locker,1185732,1/24/21,Northeast,New Hampshire,Manchester,Men's Apparel,$60.00 ,54,"$3,240 ","$1,199 ",37%,Online
,Foot Locker,1185732,1/24/21,Northeast,New Hampshire,Manchester,Women's Apparel,$54.00 ,78,"$4,212 ","$1,895 ",45%,Online
,Foot Locker,1185732,2/22/21,Northeast,New Hampshire,Manchester,Men's Street Footwear,$52.00 ,173,"$8,996 ","$4,048 ",45%,Online
,Foot Locker,1185732,2/22/21,Northeast,New Hampshire,Manchester,Men's Athletic Footwear,$53.00 ,59,"$3,127 ","$1,438 ",46%,Online
,Foot Locker,1185732,2/22/21,Northeast,New Hampshire,Manchester,Women's Street Footwear,$43.00 ,83,"$3,569 ","$1,428 ",40%,Online
,Foot Locker,1185732,1/1/20,Northeast,New York,New York,Men's Street Footwear,$34.00 ,384,"$13,056 ","$6,789 ",52%,Outlet
,Foot Locker,1185732,1/2/20,Northeast,New York,New York,Men's Athletic Footwear,$36.00 ,320,"$11,520 ","$4,032 ",35%,Outlet
,Foot Locker,1185732,1/3/20,Northeast,New York,New York,Women's Street Footwear,$32.00 ,350,"$11,200 ","$4,144 ",37%,Outlet
,Foot Locker,1185732,1/4/20,Northeast,New York,New York,Women's Athletic Footwear,$36.00 ,281,"$10,116 ","$3,743 ",37%,Outlet
,Foot Locker,1185732,1/5/20,Northeast,New York,New York,Men's Apparel,$43.00 ,306,"$13,158 ","$4,868 ",37%,Outlet
,Foot Locker,1185732,1/6/20,Northeast,New York,New York,Women's Apparel,$38.00 ,330,"$12,540 ","$4,013 ",32%,Outlet
,Foot Locker,1185732,1/7/20,Northeast,New York,New York,Men's Street Footwear,$33.00 ,388,"$12,804 ","$6,658 ",52%,Outlet
,Foot Locker,1185732,1/8/20,Northeast,New York,New York,Men's Athletic Footwear,$39.00 ,315,"$12,285 ","$4,054 ",33%,Outlet
,Foot Locker,1185732,1/21/20,Northeast,New York,New York,Women's Street Footwear,$32.00 ,323,"$10,336 ","$3,928 ",38%,Outlet
,Foot Locker,1185732,1/22/20,Northeast,New York,New York,Women's Athletic Footwear,$32.00 ,248,"$7,936 ","$3,016 ",38%,Outlet
,Foot Locker,1185732,1/23/20,Northeast,New York,New York,Men's Apparel,$43.00 ,306,"$13,158 ","$4,605 ",35%,Outlet
,Foot Locker,1185732,1/24/20,Northeast,New York,New York,Women's Apparel,$36.00 ,350,"$12,600 ","$3,654 ",29%,Outlet
,Foot Locker,1185732,1/25/20,Northeast,New York,New York,Men's Street Footwear,$40.00 ,390,"$15,600 ","$8,112 ",52%,Outlet
,Foot Locker,1185732,1/26/20,Northeast,New York,New York,Men's Athletic Footwear,$35.00 ,315,"$11,025 ","$3,969 ",36%,Outlet
,Foot Locker,1185732,1/27/20,Northeast,New York,New York,Women's Street Footwear,$27.00 ,314,"$8,478 ","$3,476 ",41%,Outlet
,Foot Locker,1185732,1/28/20,Northeast,New York,New York,Women's Athletic Footwear,$31.00 ,240,"$7,440 ","$2,976 ",40%,Outlet
,Foot Locker,1185732,1/29/20,Northeast,New York,New York,Men's Apparel,$43.00 ,289,"$12,427 ","$3,977 ",32%,Outlet
,Foot Locker,1185732,1/30/20,Northeast,New York,New York,Women's Apparel,$36.00 ,323,"$11,628 ","$3,140 ",27%,Outlet
,Foot Locker,1185732,1/31/20,Northeast,New York,New York,Men's Street Footwear,$33.00 ,372,"$12,276 ","$6,629 ",54%,Outlet
,Foot Locker,1185732,2/1/20,Northeast,New York,New York,Men's Athletic Footwear,$35.00 ,315,"$11,025 ","$3,638 ",33%,Outlet
,Foot Locker,1185732,2/2/20,Northeast,New York,New York,Women's Street Footwear,$28.00 ,315,"$8,820 ","$3,352 ",38%,Outlet
,Foot Locker,1185732,2/3/20,Northeast,New York,New York,Women's Athletic Footwear,$31.00 ,289,"$8,959 ","$3,315 ",37%,Outlet
,Foot Locker,1185732,2/4/20,Northeast,New York,New York,Men's Apparel,$44.00 ,281,"$12,364 ","$4,451 ",36%,Outlet
,Foot Locker,1185732,2/5/20,Northeast,New York,New York,Women's Apparel,$39.00 ,333,"$12,987 ","$3,506 ",27%,Outlet
,Foot Locker,1185732,2/6/20,Northeast,New York,New York,Men's Street Footwear,$44.00 ,366,"$16,104 ","$8,374 ",52%,Outlet
,Foot Locker,1185732,2/7/20,Northeast,New York,New York,Men's Athletic Footwear,$37.00 ,296,"$10,952 ","$3,833 ",35%,Outlet
,Foot Locker,1185732,2/8/20,Northeast,New York,New York,Women's Street Footwear,$36.00 ,288,"$10,368 ","$4,355 ",42%,Outlet
,Foot Locker,1185732,2/9/20,Northeast,New York,New York,Women's Athletic Footwear,$33.00 ,289,"$9,537 ","$3,815 ",40%,Outlet
,Foot Locker,1185732,2/10/20,Northeast,New York,New York,Men's Apparel,$47.00 ,280,"$13,160 ","$4,606 ",35%,Outlet
,Foot Locker,1185732,3/3/20,Northeast,New York,New York,Women's Apparel,$44.00 ,320,"$14,080 ","$4,083 ",29%,Outlet
,Foot Locker,1185732,3/4/20,Northeast,New York,New York,Men's Street Footwear,$47.00 ,400,"$18,800 ","$9,776 ",52%,Outlet
,Foot Locker,1185732,3/5/20,Northeast,New York,New York,Men's Athletic Footwear,$41.00 ,340,"$13,940 ","$4,740 ",34%,Outlet
,Foot Locker,1185732,3/6/20,Northeast,New York,New York,Women's Street Footwear,$37.00 ,296,"$10,952 ","$4,490 ",41%,Outlet
,Foot Locker,1185732,3/7/20,Northeast,New York,New York,Women's Athletic Footwear,$38.00 ,297,"$11,286 ","$4,289 ",38%,Outlet
,Foot Locker,1185732,3/8/20,Northeast,New York,New York,Men's Apparel,$45.00 ,288,"$12,960 ","$4,406 ",34%,Outlet
,Foot Locker,1185732,3/9/20,Northeast,New York,New York,Women's Apparel,$46.00 ,347,"$15,962 ","$5,108 ",32%,Outlet
,Foot Locker,1185732,3/10/20,Northeast,New York,New York,Men's Street Footwear,$44.00 ,434,"$19,096 ","$9,930 ",52%,Outlet
,Foot Locker,1185732,3/11/20,Northeast,New York,New York,Men's Athletic Footwear,$41.00 ,318,"$13,038 ","$4,824 ",37%,Outlet
,Foot Locker,1185732,3/12/20,Northeast,New York,New York,Women's Street Footwear,$35.00 ,295,"$10,325 ","$4,337 ",42%,Outlet
,Foot Locker,1185732,3/13/20,Northeast,New York,New York,Women's Athletic Footwear,$35.00 ,270,"$9,450 ","$3,497 ",37%,Outlet
,Foot Locker,1185732,3/14/20,Northeast,New York,New York,Men's Apparel,$46.00 ,278,"$12,788 ","$4,348 ",34%,Outlet
,Foot Locker,1185732,3/15/20,Northeast,New York,New York,Women's Apparel,$47.00 ,352,"$16,544 ","$4,467 ",27%,Outlet
,Foot Locker,1185732,3/16/20,Northeast,New York,New York,Men's Street Footwear,$41.00 ,375,"$15,375 ","$7,995 ",52%,Outlet
,Foot Locker,1185732,3/17/20,Northeast,New York,New York,Men's Athletic Footwear,$37.00 ,359,"$13,283 ","$4,516 ",34%,Outlet
,Foot Locker,1185732,3/18/20,Northeast,New York,New York,Women's Street Footwear,$37.00 ,314,"$11,618 ","$4,299 ",37%,Outlet
,Foot Locker,1185732,3/31/20,Northeast,New York,New York,Women's Athletic Footwear,$40.00 ,324,"$12,960 ","$5,184 ",40%,Outlet
,Walmart,1185732,4/17/20,Northeast,New York,New York,Men's Apparel,$43.00 ,279,"$11,997 ","$3,959 ",33%,Outlet
,Walmart,1185732,4/18/20,Northeast,New York,New York,Women's Apparel,$48.00 ,355,"$17,040 ","$5,112 ",30%,Outlet
,Walmart,1185732,4/19/20,Northeast,New York,New York,Men's Street Footwear,$39.00 ,408,"$15,912 ","$8,752 ",55%,Outlet
,Walmart,1185732,4/20/20,Northeast,New York,New York,Men's Athletic Footwear,$43.00 ,350,"$15,050 ","$4,967 ",33%,Outlet
,Walmart,1185732,4/21/20,Northeast,New York,New York,Women's Street Footwear,$36.00 ,315,"$11,340 ","$4,423 ",39%,Outlet
,Walmart,1185732,4/22/20,Northeast,New York,New York,Women's Athletic Footwear,$34.00 ,306,"$10,404 ","$4,058 ",39%,Outlet
,Walmart,1185732,4/23/20,Northeast,New York,New York,Men's Apparel,$44.00 ,315,"$13,860 ","$5,128 ",37%,Outlet
,Walmart,1185732,4/24/20,Northeast,New York,New York,Women's Apparel,$45.00 ,350,"$15,750 ","$4,725 ",30%,Outlet
,Walmart,1185732,4/25/20,Northeast,New York,New York,Men's Apparel,$51.00 ,289,"$14,739 ","$4,716 ",32%,Outlet
,Walmart,1185732,4/26/20,Northeast,New York,New York,Women's Apparel,$50.00 ,330,"$16,500 ","$4,620 ",28%,Outlet
,Walmart,1185732,4/27/20,Northeast,New York,New York,Men's Street Footwear,$46.00 ,403,"$18,538 ","$10,381 ",56%,Outlet
,Walmart,1185732,4/28/20,Northeast,New York,New York,Men's Athletic Footwear,$40.00 ,312,"$12,480 ","$4,493 ",36%,Outlet
,Walmart,1185732,4/29/20,Northeast,New York,New York,Women's Street Footwear,$43.00 ,294,"$12,642 ","$5,310 ",42%,Outlet
,Walmart,1185732,4/30/20,Northeast,New York,New York,Women's Athletic Footwear,$41.00 ,270,"$11,070 ","$4,096 ",37%,Outlet
,Walmart,1185732,5/1/20,Northeast,New York,New York,Men's Apparel,$47.00 ,280,"$13,160 ","$4,738 ",36%,Outlet
,Walmart,1185732,5/2/20,Northeast,New York,New York,Women's Apparel,$53.00 ,322,"$17,066 ","$4,778 ",28%,Outlet
,Walmart,1185732,5/3/20,Northeast,New York,New York,Men's Street Footwear,$48.00 ,420,"$20,160 ","$11,290 ",56%,Outlet
,Walmart,1185732,5/4/20,Northeast,New York,New York,Men's Athletic Footwear,$43.00 ,310,"$13,330 ","$4,666 ",35%,Outlet
,Walmart,1185732,5/5/20,Northeast,New York,New York,Women's Street Footwear,$42.00 ,333,"$13,986 ","$5,594 ",40%,Outlet
,Walmart,1185732,5/6/20,Northeast,New York,New York,Women's Athletic Footwear,$41.00 ,306,"$12,546 ","$5,018 ",40%,Outlet
,Walmart,1185732,5/7/20,Northeast,New York,New York,Men's Apparel,$48.00 ,279,"$13,392 ","$4,955 ",37%,Outlet
,Walmart,1185732,7/18/20,Northeast,New York,New York,Women's Apparel,$48.00 ,340,"$16,320 ","$4,896 ",30%,Outlet
,Sports Direct,1197831,7/19/20,Northeast,New York,New York,Men's Street Footwear,$20.00 ,270,"$5,400 ","$2,106 ",39%,Outlet
,Sports Direct,1197831,7/20/20,Northeast,New York,New York,Men's Athletic Footwear,$26.00 ,270,"$7,020 ","$2,597 ",37%,Outlet
,Sports Direct,1197831,7/21/20,Northeast,New York,New York,Women's Street Footwear,$27.00 ,238,"$6,426 ","$2,506 ",39%,Outlet
,Sports Direct,1197831,7/22/20,Northeast,New York,New York,Women's Athletic Footwear,$27.00 ,210,"$5,670 ","$2,948 ",52%,Outlet
,Sports Direct,1197831,7/23/20,South,Texas,Houston,Men's Apparel,$26.00 ,176,"$4,576 ","$1,556 ",34%,Outlet
,Sports Direct,1197831,7/24/20,South,Texas,Houston,Women's Apparel,$25.00 ,224,"$5,600 ","$3,136 ",56%,Outlet
,Sports Direct,1197831,7/25/20,South,Texas,Houston,Men's Street Footwear,$20.00 ,255,"$5,100 ","$2,091 ",41%,Outlet
,Sports Direct,1197831,7/26/20,South,Texas,Houston,Men's Athletic Footwear,$23.00 ,289,"$6,647 ","$2,792 ",42%,Outlet
,Sports Direct,1197831,7/27/20,South,Texas,Houston,Women's Street Footwear,$27.00 ,236,"$6,372 ","$2,613 ",41%,Outlet
,Sports Direct,1197831,7/28/20,South,Texas,Houston,Women's Athletic Footwear,$26.00 ,213,"$5,538 ","$2,769 ",50%,Outlet
,Sports Direct,1197831,7/29/20,South,Texas,Houston,Men's Apparel,$28.00 ,160,"$4,480 ","$1,478 ",33%,Outlet
,Sports Direct,1197831,7/30/20,South,Texas,Houston,Women's Apparel,$26.00 ,231,"$6,006 ","$3,303 ",55%,Outlet
,Sports Direct,1197831,7/31/20,South,Texas,Houston,Men's Street Footwear,$20.00 ,306,"$6,120 ","$2,570 ",42%,Outlet
,Sports Direct,1197831,8/1/20,South,Texas,Houston,Men's Athletic Footwear,$30.00 ,263,"$7,890 ","$3,077 ",39%,Outlet
,Sports Direct,1197831,8/2/20,South,Texas,Houston,Women's Street Footwear,$23.00 ,224,"$5,152 ","$2,164 ",42%,Outlet
,Sports Direct,1197831,8/3/20,South,Texas,Houston,Women's Athletic Footwear,$30.00 ,204,"$6,120 ","$2,938 ",48%,Outlet
,Sports Direct,1197831,8/4/20,South,Texas,Houston,Men's Apparel,$35.00 ,155,"$5,425 ","$1,736 ",32%,Outlet
,Sports Direct,1197831,8/5/20,South,Texas,Houston,Women's Apparel,$29.00 ,228,"$6,612 ","$3,637 ",55%,Outlet
,Sports Direct,1197831,8/6/20,South,Texas,Houston,Men's Street Footwear,$23.00 ,306,"$7,038 ","$2,604 ",37%,Outlet
,Sports Direct,1197831,8/7/20,South,Texas,Houston,Men's Athletic Footwear,$29.00 ,306,"$8,874 ","$3,638 ",41%,Outlet
,Sports Direct,1197831,8/8/20,South,Texas,Houston,Women's Street Footwear,$24.00 ,232,"$5,568 ","$2,060 ",37%,Outlet
,Sports Direct,1197831,8/9/20,South,Texas,Houston,Women's Athletic Footwear,$28.00 ,213,"$5,964 ","$2,863 ",48%,Outlet
,Walmart,1197831,8/10/20,South,Texas,Houston,Men's Apparel,$34.00 ,179,"$6,086 ","$2,069 ",34%,Outlet
,Walmart,1197831,8/11/20,South,Texas,Houston,Women's Apparel,$27.00 ,272,"$7,344 ","$4,039 ",55%,Outlet
,Walmart,1197831,8/12/20,South,Texas,Houston,Men's Street Footwear,$24.00 ,315,"$7,560 ","$2,948 ",39%,Outlet
,Walmart,1197831,8/13/20,South,Texas,Houston,Men's Athletic Footwear,$30.00 ,287,"$8,610 ","$3,616 ",42%,Outlet
,Walmart,1197831,8/14/20,South,Texas,Houston,Women's Street Footwear,$23.00 ,240,"$5,520 ","$2,042 ",37%,Outlet
,Walmart,1197831,8/15/20,South,Texas,Houston,Women's Athletic Footwear,$31.00 ,245,"$7,595 ","$3,873 ",51%,Outlet
,Walmart,1197831,8/16/20,South,Texas,Houston,Men's Apparel,$35.00 ,180,"$6,300 ","$2,205 ",35%,Outlet
,Walmart,1197831,8/17/20,South,Texas,Houston,Women's Apparel,$32.00 ,295,"$9,440 ","$5,381 ",57%,Outlet
,Walmart,1197831,8/18/20,South,Texas,Houston,Men's Street Footwear,$28.00 ,295,"$8,260 ","$3,387 ",41%,Outlet
,Walmart,1197831,8/19/20,South,Texas,Houston,Men's Athletic Footwear,$33.00 ,323,"$10,659 ","$4,477 ",42%,Outlet
,Walmart,1197831,8/20/20,South,Texas,Houston,Women's Street Footwear,$27.00 ,264,"$7,128 ","$2,851 ",40%,Outlet
,Walmart,1197831,8/21/20,South,Texas,Houston,Women's Athletic Footwear,$26.00 ,263,"$6,838 ","$3,282 ",48%,Outlet
,Walmart,1197831,8/22/20,South,Texas,Houston,Men's Apparel,$29.00 ,221,"$6,409 ","$2,051 ",32%,Outlet
,Walmart,1197831,8/23/20,South,Texas,Houston,Women's Apparel,$38.00 ,350,"$13,300 ","$7,581 ",57%,Outlet
,Walmart,1197831,8/24/20,South,Texas,Houston,Men's Street Footwear,$29.00 ,295,"$8,555 ","$3,422 ",40%,Outlet
,Walmart,1197831,8/25/20,South,Texas,Houston,Men's Athletic Footwear,$32.00 ,285,"$9,120 ","$3,830 ",42%,Outlet
,Walmart,1197831,8/26/20,South,Texas,Houston,Women's Street Footwear,$29.00 ,374,"$10,846 ","$4,447 ",41%,Outlet
,Walmart,1197831,8/27/20,South,Texas,Houston,Women's Athletic Footwear,$28.00 ,224,"$6,272 ","$3,261 ",52%,Outlet
,Walmart,1197831,8/28/20,South,Texas,Houston,Men's Apparel,$33.00 ,217,"$7,161 ","$2,578 ",36%,Outlet
,Walmart,1197831,8/29/20,South,Texas,Houston,Women's Apparel,$36.00 ,302,"$10,872 ","$5,653 ",52%,Outlet
,Walmart,1197831,8/30/20,South,Texas,Houston,Men's Street Footwear,$27.00 ,305,"$8,235 ","$3,047 ",37%,Outlet
,Walmart,1197831,8/31/20,South,Texas,Houston,Men's Athletic Footwear,$33.00 ,305,"$10,065 ","$3,825 ",38%,Outlet
,Walmart,1197831,9/1/20,South,Texas,Houston,Women's Street Footwear,$29.00 ,374,"$10,846 ","$4,447 ",41%,Outlet
,Walmart,1197831,9/2/20,South,Texas,Houston,Women's Athletic Footwear,$30.00 ,215,"$6,450 ","$3,096 ",48%,Outlet
,Walmart,1197831,9/3/20,South,Texas,Houston,Men's Apparel,$35.00 ,228,"$7,980 ","$2,713 ",34%,Outlet
,Walmart,1197831,9/4/20,South,Texas,Houston,Women's Apparel,$39.00 ,270,"$10,530 ","$5,686 ",54%,Outlet
,Walmart,1197831,9/5/20,South,Texas,Houston,Men's Street Footwear,$33.00 ,264,"$8,712 ","$3,659 ",42%,Outlet
,Walmart,1197831,9/6/20,South,Texas,Houston,Men's Athletic Footwear,$32.00 ,255,"$8,160 ","$3,019 ",37%,Outlet
,Walmart,1197831,9/7/20,South,Texas,Houston,Women's Street Footwear,$36.00 ,315,"$11,340 ","$4,309 ",38%,Outlet
,Walmart,1197831,9/8/20,South,Texas,Houston,Women's Athletic Footwear,$37.00 ,200,"$7,400 ","$3,700 ",50%,Outlet
,Walmart,1197831,9/9/20,South,Texas,Houston,Men's Apparel,$36.00 ,206,"$7,416 ","$2,670 ",36%,Outlet
,Walmart,1197831,9/10/20,South,Texas,Houston,Women's Apparel,$42.00 ,298,"$12,516 ","$7,134 ",57%,Outlet
,Walmart,1197831,9/11/20,South,Texas,Houston,Men's Street Footwear,$31.00 ,272,"$8,432 ","$3,288 ",39%,Outlet
,Walmart,1197831,9/12/20,South,Texas,Houston,Men's Athletic Footwear,$29.00 ,248,"$7,192 ","$2,805 ",39%,Outlet
,Walmart,1197831,9/13/20,South,Texas,Houston,Women's Street Footwear,$39.00 ,255,"$9,945 ","$3,680 ",37%,Outlet
,Walmart,1197831,9/14/20,South,Texas,Houston,Women's Athletic Footwear,$36.00 ,204,"$7,344 ","$3,452 ",47%,Outlet
,Walmart,1197831,9/15/20,South,Texas,Houston,Men's Apparel,$35.00 ,184,"$6,440 ","$2,383 ",37%,Outlet
,Walmart,1197831,9/16/20,South,Texas,Houston,Women's Apparel,$43.00 ,233,"$10,019 ","$5,410 ",54%,Outlet
,Walmart,1197831,10/20/20,South,Texas,Houston,Men's Street Footwear,$34.00 ,270,"$9,180 ","$3,488 ",38%,Outlet
,Walmart,1197831,10/21/20,South,Texas,Houston,Men's Athletic Footwear,$31.00 ,306,"$9,486 ","$3,794 ",40%,Outlet
,Walmart,1197831,10/22/20,South,Texas,Houston,Women's Street Footwear,$34.00 ,281,"$9,554 ","$3,726 ",39%,Outlet
,Walmart,1197831,10/23/20,South,Texas,Houston,Women's Athletic Footwear,$36.00 ,230,"$8,280 ","$4,140 ",50%,Outlet
,Walmart,1197831,10/24/20,South,Texas,Houston,Men's Apparel,$30.00 ,195,"$5,850 ","$1,872 ",32%,Outlet
,Walmart,1197831,10/25/20,South,Texas,Houston,Women's Apparel,$44.00 ,289,"$12,716 ","$7,248 ",57%,Outlet
,Walmart,1197831,10/26/20,South,Texas,Houston,Men's Street Footwear,$32.00 ,333,"$10,656 ","$4,262 ",40%,Outlet
,Walmart,1197831,10/27/20,South,Texas,Houston,Men's Athletic Footwear,$34.00 ,333,"$11,322 ","$4,755 ",42%,Outlet
,Walmart,1197831,10/28/20,South,Texas,Houston,Women's Street Footwear,$38.00 ,298,"$11,324 ","$4,303 ",38%,Outlet
,Walmart,1197831,10/29/20,South,Texas,Houston,Women's Athletic Footwear,$36.00 ,210,"$7,560 ","$3,931 ",52%,Outlet
,Walmart,1197831,10/30/20,South,Texas,Houston,Men's Apparel,$30.00 ,208,"$6,240 ","$2,246 ",36%,Outlet
,Walmart,1197831,10/31/20,South,Texas,Houston,Women's Apparel,$41.00 ,306,"$12,546 ","$6,900 ",55%,Outlet
,West Gear,1128299,11/1/20,South,Texas,Houston,Men's Street Footwear,$30.00 ,264,"$7,920 ","$3,089 ",39%,Outlet
,West Gear,1128299,11/2/20,South,Texas,Houston,Men's Athletic Footwear,$33.00 ,248,"$8,184 ","$1,882 ",23%,Outlet
,West Gear,1128299,11/3/20,South,Texas,Houston,Women's Street Footwear,$33.00 ,271,"$8,943 ","$3,756 ",42%,Outlet
,West Gear,1128299,11/4/20,South,Texas,Houston,Women's Athletic Footwear,$35.00 ,219,"$7,665 ","$2,759 ",36%,Outlet
,West Gear,1128299,11/5/20,West,California,San Francisco,Men's Apparel,$38.00 ,173,"$6,574 ","$3,550 ",54%,Outlet
,West Gear,1128299,11/6/20,West,California,San Francisco,Women's Apparel,$36.00 ,233,"$8,388 ","$1,761 ",21%,Outlet
,West Gear,1128299,11/7/20,West,California,San Francisco,Men's Street Footwear,$28.00 ,289,"$8,092 ","$3,399 ",42%,Outlet
,West Gear,1128299,11/8/20,West,California,San Francisco,Men's Athletic Footwear,$36.00 ,239,"$8,604 ","$2,151 ",25%,Outlet
,West Gear,1128299,11/9/20,West,California,San Francisco,Women's Street Footwear,$40.00 ,247,"$9,880 ","$4,051 ",41%,Outlet
,West Gear,1128299,11/10/20,West,California,San Francisco,Women's Athletic Footwear,$39.00 ,190,"$7,410 ","$2,519 ",34%,Outlet
,West Gear,1128299,11/11/20,West,California,San Francisco,Men's Apparel,$42.00 ,165,"$6,930 ","$3,950 ",57%,Outlet
,West Gear,1128299,11/12/20,West,California,San Francisco,Women's Apparel,$33.00 ,210,"$6,930 ","$1,525 ",22%,Outlet
,West Gear,1128299,11/13/20,West,California,San Francisco,Men's Street Footwear,$36.00 ,272,"$9,792 ","$3,819 ",39%,Outlet
,West Gear,1128299,11/14/20,West,California,San Francisco,Men's Athletic Footwear,$39.00 ,231,"$9,009 ","$2,072 ",23%,Outlet
,West Gear,1128299,11/15/20,West,California,San Francisco,Women's Street Footwear,$47.00 ,210,"$9,870 ","$4,145 ",42%,Outlet
,West Gear,1128299,12/22/20,West,California,San Francisco,Women's Athletic Footwear,$48.00 ,204,"$9,792 ","$3,133 ",32%,Outlet
,West Gear,1128299,12/23/20,West,California,San Francisco,Men's Apparel,$51.00 ,170,"$8,670 ","$4,682 ",54%,Outlet
,West Gear,1128299,12/24/20,West,California,San Francisco,Women's Apparel,$41.00 ,245,"$10,045 ","$2,009 ",20%,Outlet
,West Gear,1128299,12/25/20,West,California,San Francisco,Men's Street Footwear,$40.00 ,271,"$10,840 ","$4,119 ",38%,Outlet
,West Gear,1128299,12/26/20,West,California,San Francisco,Men's Athletic Footwear,$51.00 ,216,"$11,016 ","$2,754 ",25%,Outlet
,West Gear,1128299,12/27/20,West,California,San Francisco,Women's Street Footwear,$46.00 ,254,"$11,684 ","$4,557 ",39%,Outlet
,West Gear,1128299,12/28/20,West,California,San Francisco,Women's Athletic Footwear,$48.00 ,188,"$9,024 ","$3,068 ",34%,Outlet
,West Gear,1128299,12/29/20,West,California,San Francisco,Men's Apparel,$47.00 ,158,"$7,426 ","$4,159 ",56%,Outlet
,West Gear,1128299,12/30/20,West,California,San Francisco,Women's Apparel,$62.00 ,245,"$15,190 ","$2,886 ",19%,Outlet
,West Gear,1128299,12/31/20,West,California,San Francisco,Men's Street Footwear,$44.00 ,270,"$11,880 ","$5,227 ",44%,Outlet
,West Gear,1128299,1/1/21,West,California,San Francisco,Men's Athletic Footwear,$51.00 ,233,"$11,883 ","$3,208 ",27%,Outlet
,West Gear,1128299,1/2/21,West,California,San Francisco,Women's Street Footwear,$46.00 ,225,"$10,350 ","$4,554 ",44%,Outlet
,West Gear,1128299,1/3/21,West,California,San Francisco,Women's Athletic Footwear,$42.00 ,228,"$9,576 ","$4,022 ",42%,Outlet
,West Gear,1128299,1/4/21,West,California,San Francisco,Men's Apparel,$49.00 ,182,"$8,918 ","$5,083 ",57%,Outlet
,West Gear,1128299,1/5/21,West,California,San Francisco,Women's Apparel,$58.00 ,225,"$13,050 ","$3,002 ",23%,Outlet
,West Gear,1128299,1/6/21,West,California,San Francisco,Men's Street Footwear,$41.00 ,341,"$13,981 ","$6,012 ",43%,Outlet
,West Gear,1128299,1/7/21,West,California,San Francisco,Men's Athletic Footwear,$50.00 ,256,"$12,800 ","$3,840 ",30%,Outlet
,West Gear,1128299,1/8/21,West,California,San Francisco,Women's Street Footwear,$42.00 ,281,"$11,802 ","$5,311 ",45%,Outlet
,West Gear,1128299,1/9/21,West,California,San Francisco,Women's Athletic Footwear,$41.00 ,224,"$9,184 ","$3,765 ",41%,Outlet
,West Gear,1128299,1/10/21,West,California,San Francisco,Men's Apparel,$44.00 ,196,"$8,624 ","$5,261 ",61%,Outlet
,West Gear,1128299,1/11/21,West,California,San Francisco,Women's Apparel,$60.00 ,306,"$18,360 ","$4,774 ",26%,Outlet
,West Gear,1128299,1/12/21,West,California,San Francisco,Men's Street Footwear,$41.00 ,338,"$13,858 ","$5,266 ",38%,Outlet
,West Gear,1128299,1/13/21,West,California,San Francisco,Men's Athletic Footwear,$49.00 ,263,"$12,887 ","$3,093 ",24%,Outlet
,West Gear,1128299,1/14/21,West,California,San Francisco,Women's Street Footwear,$46.00 ,264,"$12,144 ","$4,858 ",40%,Outlet
,West Gear,1128299,1/15/21,West,California,San Francisco,Women's Athletic Footwear,$46.00 ,247,"$11,362 ","$4,090 ",36%,Outlet
,West Gear,1128299,1/16/21,West,California,San Francisco,Men's Apparel,$44.00 ,240,"$10,560 ","$5,914 ",56%,Outlet
,West Gear,1128299,1/17/21,West,California,San Francisco,Women's Apparel,$56.00 ,264,"$14,784 ","$2,809 ",19%,Outlet
,West Gear,1128299,1/18/21,West,California,San Francisco,Men's Street Footwear,$45.00 ,302,"$13,590 ","$5,436 ",40%,Outlet
,West Gear,1128299,1/19/21,West,California,San Francisco,Men's Athletic Footwear,$47.00 ,278,"$13,066 ","$2,875 ",22%,Outlet
,West Gear,1128299,1/20/21,West,California,San Francisco,Women's Street Footwear,$51.00 ,248,"$12,648 ","$4,933 ",39%,Outlet
,West Gear,1128299,1/21/21,West,California,San Francisco,Women's Athletic Footwear,$52.00 ,255,"$13,260 ","$4,508 ",34%,Outlet
,West Gear,1128299,1/22/21,West,California,San Francisco,Men's Apparel,$59.00 ,263,"$15,517 ","$8,845 ",57%,Outlet
,West Gear,1128299,1/23/21,West,California,San Francisco,Women's Apparel,$60.00 ,254,"$15,240 ","$3,353 ",22%,Outlet
,West Gear,1128299,1/24/21,West,California,San Francisco,Men's Street Footwear,$40.00 ,287,"$11,480 ","$4,018 ",35%,Outlet
,West Gear,1128299,1/25/21,West,California,San Francisco,Men's Athletic Footwear,$42.00 ,287,"$12,054 ","$2,049 ",17%,Outlet
,West Gear,1128299,1/26/21,West,California,San Francisco,Women's Street Footwear,$39.00 ,248,"$9,672 ","$3,288 ",34%,Outlet
,West Gear,1128299,1/27/21,West,California,San Francisco,Women's Athletic Footwear,$39.00 ,247,"$9,633 ","$2,601 ",27%,Outlet
,West Gear,1128299,1/28/21,West,California,San Francisco,Men's Apparel,$43.00 ,225,"$9,675 ","$4,644 ",48%,Outlet
,West Gear,1128299,1/29/21,West,California,San Francisco,Women's Apparel,$51.00 ,264,"$13,464 ","$2,020 ",15%,Outlet
,West Gear,1128299,1/30/21,West,California,San Francisco,Men's Street Footwear,$36.00 ,289,"$10,404 ","$3,433 ",33%,Outlet
,West Gear,1128299,1/31/21,West,California,San Francisco,Men's Athletic Footwear,$39.00 ,280,"$10,920 ","$1,966 ",18%,Outlet
,West Gear,1128299,2/1/21,West,California,San Francisco,Women's Street Footwear,$42.00 ,210,"$8,820 ","$2,911 ",33%,Outlet
,West Gear,1128299,2/2/21,West,California,San Francisco,Women's Athletic Footwear,$42.00 ,223,"$9,366 ","$2,903 ",31%,Outlet
,West Gear,1128299,2/3/21,West,California,San Francisco,Men's Apparel,$50.00 ,221,"$11,050 ","$5,194 ",47%,Outlet
,West Gear,1128299,2/4/21,West,California,San Francisco,Women's Apparel,$46.00 ,224,"$10,304 ","$1,236 ",12%,Outlet
,West Gear,1128299,2/5/21,West,California,San Francisco,Men's Street Footwear,$39.00 ,263,"$10,257 ","$3,590 ",35%,Outlet
,West Gear,1128299,2/6/21,West,California,San Francisco,Men's Athletic Footwear,$46.00 ,306,"$14,076 ","$2,815 ",20%,Outlet
,West Gear,1128299,2/7/21,West,California,San Francisco,Women's Street Footwear,$40.00 ,247,"$9,880 ","$3,359 ",34%,Outlet
,West Gear,1128299,2/8/21,West,California,San Francisco,Women's Athletic Footwear,$37.00 ,210,"$7,770 ","$2,253 ",29%,Outlet
,West Gear,1128299,2/9/21,West,California,San Francisco,Men's Apparel,$51.00 ,228,"$11,628 ","$5,465 ",47%,Outlet
,West Gear,1128299,2/10/21,West,California,San Francisco,Women's Apparel,$56.00 ,256,"$14,336 ","$2,150 ",15%,Outlet
,West Gear,1128299,2/11/21,West,California,San Francisco,Men's Street Footwear,$40.00 ,322,"$12,880 ","$4,250 ",33%,Outlet
,West Gear,1128299,2/12/21,West,California,San Francisco,Men's Athletic Footwear,$46.00 ,332,"$15,272 ","$3,207 ",21%,Outlet
,West Gear,1128299,2/13/21,West,California,San Francisco,Women's Street Footwear,$44.00 ,256,"$11,264 ","$3,717 ",33%,Outlet
,West Gear,1128299,2/14/21,West,California,San Francisco,Women's Athletic Footwear,$40.00 ,271,"$10,840 ","$3,252 ",30%,Outlet
,West Gear,1128299,2/15/21,West,California,San Francisco,Men's Apparel,$43.00 ,245,"$10,535 ","$5,478 ",52%,Outlet
,West Gear,1128299,2/16/21,West,California,San Francisco,Women's Apparel,$50.00 ,256,"$12,800 ","$2,176 ",17%,Outlet
,Kohl's,1189833,2/17/21,West,California,San Francisco,Men's Street Footwear,$26.00 ,224,"$5,824 ","$2,504 ",43%,Outlet
,Kohl's,1189833,2/18/21,West,California,San Francisco,Men's Athletic Footwear,$35.00 ,224,"$7,840 ","$2,352 ",30%,Outlet
,Kohl's,1189833,3/9/21,West,California,San Francisco,Women's Street Footwear,$36.00 ,217,"$7,812 ","$3,281 ",42%,Outlet
,Kohl's,1189833,3/10/21,West,California,San Francisco,Women's Athletic Footwear,$33.00 ,182,"$6,006 ","$2,282 ",38%,Outlet
,Kohl's,1189833,3/11/21,West,California,Los Angeles,Men's Apparel,$36.00 ,155,"$5,580 ","$3,292 ",59%,Outlet
,Kohl's,1189833,3/12/21,West,California,Los Angeles,Women's Apparel,$29.00 ,210,"$6,090 ","$1,401 ",23%,Outlet
,Kohl's,1189833,3/13/21,West,California,Los Angeles,Men's Street Footwear,$28.00 ,240,"$6,720 ","$3,091 ",46%,Outlet
,Kohl's,1189833,3/14/21,West,California,Los Angeles,Men's Athletic Footwear,$30.00 ,215,"$6,450 ","$2,000 ",31%,Outlet
,Kohl's,1189833,3/15/21,West,California,Los Angeles,Women's Street Footwear,$33.00 ,223,"$7,359 ","$3,091 ",42%,Outlet
,Kohl's,1189833,3/16/21,West,California,Los Angeles,Women's Athletic Footwear,$34.00 ,179,"$6,086 ","$2,495 ",41%,Outlet
,Kohl's,1189833,3/17/21,West,California,Los Angeles,Men's Apparel,$40.00 ,140,"$5,600 ","$3,192 ",57%,Outlet
,Kohl's,1189833,3/18/21,West,California,Los Angeles,Women's Apparel,$32.00 ,208,"$6,656 ","$1,731 ",26%,Outlet
,Kohl's,1189833,3/19/21,West,California,Los Angeles,Men's Street Footwear,$24.00 ,264,"$6,336 ","$2,788 ",44%,Outlet
,Kohl's,1189833,3/20/21,West,California,Los Angeles,Men's Athletic Footwear,$36.00 ,228,"$8,208 ","$2,298 ",28%,Outlet
,Kohl's,1189833,3/21/21,West,California,Los Angeles,Women's Street Footwear,$33.00 ,221,"$7,293 ","$3,355 ",46%,Outlet
,Kohl's,1189833,3/22/21,West,California,Los Angeles,Women's Athletic Footwear,$36.00 ,176,"$6,336 ","$2,471 ",39%,Outlet
,Kohl's,1189833,3/23/21,West,California,Los Angeles,Men's Apparel,$36.00 ,128,"$4,608 ","$2,719 ",59%,Outlet
,Kohl's,1189833,4/6/21,West,California,Los Angeles,Women's Apparel,$33.00 ,194,"$6,402 ","$1,472 ",23%,Outlet
,Kohl's,1189833,4/7/21,West,California,Los Angeles,Men's Street Footwear,$31.00 ,248,"$7,688 ","$3,536 ",46%,Outlet
,Kohl's,1189833,4/8/21,West,California,Los Angeles,Men's Athletic Footwear,$34.00 ,210,"$7,140 ","$2,071 ",29%,Outlet
,Kohl's,1189833,4/9/21,West,California,Los Angeles,Women's Street Footwear,$38.00 ,206,"$7,828 ","$3,679 ",47%,Outlet
,Kohl's,1189833,4/10/21,West,California,Los Angeles,Women's Athletic Footwear,$31.00 ,173,"$5,363 ","$2,038 ",38%,Outlet
,Kohl's,1189833,4/11/21,West,California,Los Angeles,Men's Apparel,$38.00 ,149,"$5,662 ","$3,454 ",61%,Outlet
,Kohl's,1189833,4/12/21,West,California,Los Angeles,Women's Apparel,$49.00 ,198,"$9,702 ","$2,620 ",27%,Outlet
,Kohl's,1189833,4/13/21,West,California,Los Angeles,Men's Street Footwear,$32.00 ,240,"$7,680 ","$3,610 ",47%,Outlet
,Kohl's,1189833,4/14/21,West,California,Los Angeles,Men's Athletic Footwear,$34.00 ,221,"$7,514 ","$2,254 ",30%,Outlet
,Kohl's,1189833,4/15/21,West,California,Los Angeles,Women's Street Footwear,$36.00 ,215,"$7,740 ","$3,483 ",45%,Outlet
,Kohl's,1189833,4/16/21,West,California,Los Angeles,Women's Athletic Footwear,$33.00 ,193,"$6,369 ","$2,420 ",38%,Outlet
,Kohl's,1189833,4/17/21,West,California,Los Angeles,Men's Apparel,$38.00 ,140,"$5,320 ","$3,139 ",59%,Outlet
,Kohl's,1189833,4/18/21,West,California,Los Angeles,Women's Apparel,$43.00 ,206,"$8,858 ","$1,949 ",22%,Outlet
,Kohl's,1189833,4/19/21,West,California,Los Angeles,Men's Street Footwear,$36.00 ,297,"$10,692 ","$4,704 ",44%,Outlet
,Kohl's,1189833,4/20/21,West,California,Los Angeles,Men's Athletic Footwear,$35.00 ,225,"$7,875 ","$2,363 ",30%,Outlet
,Kohl's,1189833,4/21/21,West,California,Los Angeles,Women's Street Footwear,$35.00 ,233,"$8,155 ","$3,425 ",42%,Outlet
,Kohl's,1189833,4/22/21,West,California,Los Angeles,Women's Athletic Footwear,$32.00 ,194,"$6,208 ","$2,297 ",37%,Outlet
,Kohl's,1189833,4/23/21,West,California,Los Angeles,Men's Apparel,$39.00 ,165,"$6,435 ","$3,861 ",60%,Outlet
,Kohl's,1189833,4/24/21,West,California,Los Angeles,Women's Apparel,$48.00 ,264,"$12,672 ","$2,788 ",22%,Outlet
,Kohl's,1189833,4/25/21,West,California,Los Angeles,Men's Street Footwear,$30.00 ,285,"$8,550 ","$4,019 ",47%,Outlet
,Kohl's,1189833,4/26/21,West,California,Los Angeles,Men's Athletic Footwear,$37.00 ,272,"$10,064 ","$2,919 ",29%,Outlet
,Kohl's,1189833,4/27/21,West,California,Los Angeles,Women's Street Footwear,$33.00 ,240,"$7,920 ","$3,643 ",46%,Outlet
,Kohl's,1189833,4/28/21,West,California,Los Angeles,Women's Athletic Footwear,$29.00 ,228,"$6,612 ","$2,645 ",40%,Outlet
,Kohl's,1189833,4/29/21,West,California,Los Angeles,Men's Apparel,$38.00 ,224,"$8,512 ","$5,107 ",60%,Outlet
,Kohl's,1189833,4/30/21,West,California,Los Angeles,Women's Apparel,$51.00 ,224,"$11,424 ","$2,628 ",23%,Outlet
,Kohl's,1189833,5/1/21,West,California,Los Angeles,Men's Street Footwear,$36.00 ,306,"$11,016 ","$4,957 ",45%,Outlet
,Kohl's,1189833,5/2/21,West,California,Los Angeles,Men's Athletic Footwear,$41.00 ,264,"$10,824 ","$3,355 ",31%,Outlet
,Kohl's,1189833,5/3/21,West,California,Los Angeles,Women's Street Footwear,$34.00 ,232,"$7,888 ","$3,471 ",44%,Outlet
,Kohl's,1189833,5/4/21,West,California,Los Angeles,Women's Athletic Footwear,$36.00 ,223,"$8,028 ","$3,051 ",38%,Outlet
,Kohl's,1189833,5/5/21,West,California,Los Angeles,Men's Apparel,$43.00 ,230,"$9,890 ","$6,132 ",62%,Outlet
,Kohl's,1189833,5/6/21,West,California,Los Angeles,Women's Apparel,$46.00 ,208,"$9,568 ","$2,201 ",23%,Outlet
,Kohl's,1189833,5/7/21,West,California,Los Angeles,Men's Street Footwear,$38.00 ,289,"$10,982 ","$5,052 ",46%,Outlet
,Kohl's,1189833,5/8/21,West,California,Los Angeles,Men's Athletic Footwear,$39.00 ,264,"$10,296 ","$2,780 ",27%,Outlet
,Kohl's,1189833,5/9/21,West,California,Los Angeles,Women's Street Footwear,$38.00 ,210,"$7,980 ","$3,591 ",45%,Outlet
,Kohl's,1189833,5/10/21,West,California,Los Angeles,Women's Athletic Footwear,$39.00 ,195,"$7,605 ","$3,042 ",40%,Outlet
,Kohl's,1189833,5/11/21,West,California,Los Angeles,Men's Apparel,$44.00 ,195,"$8,580 ","$5,320 ",62%,Outlet
,Kohl's,1189833,5/12/21,West,California,Los Angeles,Women's Apparel,$49.00 ,210,"$10,290 ","$2,264 ",22%,Outlet
,Kohl's,1189833,5/13/21,West,California,Los Angeles,Men's Street Footwear,$36.00 ,256,"$9,216 ","$4,332 ",47%,Outlet
,Kohl's,1189833,5/14/21,West,California,Los Angeles,Men's Athletic Footwear,$43.00 ,264,"$11,352 ","$3,406 ",30%,Outlet
,Kohl's,1189833,5/15/21,West,California,Los Angeles,Women's Street Footwear,$33.00 ,208,"$6,864 ","$2,883 ",42%,Outlet
,Kohl's,1189833,5/16/21,West,California,Los Angeles,Women's Athletic Footwear,$33.00 ,213,"$7,029 ","$2,952 ",42%,Outlet
,Kohl's,1189833,5/17/21,West,California,Los Angeles,Men's Apparel,$46.00 ,210,"$9,660 ","$5,989 ",62%,Outlet
,Kohl's,1189833,5/18/21,West,California,Los Angeles,Women's Apparel,$46.00 ,208,"$9,568 ","$2,296 ",24%,Outlet
,Kohl's,1189833,5/19/21,West,California,Los Angeles,Men's Street Footwear,$40.00 ,272,"$10,880 ","$5,005 ",46%,Outlet
,Kohl's,1189833,5/20/21,West,California,Los Angeles,Men's Athletic Footwear,$42.00 ,264,"$11,088 ","$3,326 ",30%,Outlet
,Kohl's,1189833,5/21/21,West,California,Los Angeles,Women's Street Footwear,$35.00 ,223,"$7,805 ","$3,590 ",46%,Outlet
,Kohl's,1189833,5/22/21,West,California,Los Angeles,Women's Athletic Footwear,$33.00 ,221,"$7,293 ","$3,063 ",42%,Outlet
,Kohl's,1189833,5/23/21,West,California,Los Angeles,Men's Apparel,$46.00 ,204,"$9,384 ","$5,349 ",57%,Outlet
,Kohl's,1189833,5/24/21,West,California,Los Angeles,Women's Apparel,$49.00 ,238,"$11,662 ","$2,799 ",24%,Outlet
,Kohl's,1189833,5/25/21,West,California,Los Angeles,Men's Street Footwear,$39.00 ,315,"$12,285 ","$5,651 ",46%,Outlet
,Kohl's,1189833,5/26/21,West,California,Los Angeles,Men's Athletic Footwear,$42.00 ,288,"$12,096 ","$3,387 ",28%,Outlet
,Kohl's,1189833,5/27/21,West,California,Los Angeles,Women's Street Footwear,$39.00 ,231,"$9,009 ","$4,144 ",46%,Outlet
,Kohl's,1189833,5/28/21,West,California,Los Angeles,Women's Athletic Footwear,$35.00 ,224,"$7,840 ","$3,136 ",40%,Outlet
,Kohl's,1189833,5/29/21,West,California,Los Angeles,Men's Apparel,$43.00 ,219,"$9,417 ","$5,839 ",62%,Outlet
,Kohl's,1189833,5/30/21,West,California,Los Angeles,Women's Apparel,$44.00 ,232,"$10,208 ","$2,552 ",25%,Outlet
,Foot Locker,1185732,5/31/21,West,California,Los Angeles,Men's Street Footwear,$36.00 ,147,"$5,292 ","$2,381 ",45%,Outlet
,Foot Locker,1185732,6/1/21,West,California,Los Angeles,Men's Athletic Footwear,$31.00 ,91,"$2,821 ","$1,157 ",41%,Outlet
,Foot Locker,1185732,6/2/21,West,California,Los Angeles,Women's Street Footwear,$24.00 ,94,"$2,256 ",$880 ,39%,Outlet
,Foot Locker,1185732,6/3/21,West,California,Los Angeles,Women's Athletic Footwear,$27.00 ,41,"$1,107 ",$509 ,46%,Outlet
,Sports Direct,1197831,8/15/21,South,Texas,Dallas,Men's Apparel,$26.00 ,113,"$2,938 ",$793 ,27%,Outlet
,Sports Direct,1197831,8/16/21,South,Texas,Dallas,Women's Apparel,$24.00 ,163,"$3,912 ","$1,878 ",48%,Outlet
,Sports Direct,1197831,8/17/21,South,Texas,Dallas,Men's Street Footwear,$19.00 ,230,"$4,370 ","$1,398 ",32%,Outlet
,Sports Direct,1197831,8/18/21,South,Texas,Dallas,Men's Athletic Footwear,$23.00 ,215,"$4,945 ","$1,780 ",36%,Outlet
,Sports Direct,1197831,8/19/21,South,Texas,Dallas,Women's Street Footwear,$27.00 ,143,"$3,861 ","$1,351 ",35%,Outlet
,Sports Direct,1197831,8/20/21,South,Texas,Dallas,Women's Athletic Footwear,$28.00 ,136,"$3,808 ","$1,714 ",45%,Outlet
,Sports Direct,1197831,8/21/21,South,Texas,Dallas,Men's Apparel,$26.00 ,93,"$2,418 ",$774 ,32%,Outlet
,Sports Direct,1197831,8/22/21,South,Texas,Dallas,Women's Apparel,$26.00 ,155,"$4,030 ","$2,055 ",51%,Outlet
,Sports Direct,1197831,8/23/21,South,Texas,Dallas,Men's Street Footwear,$21.00 ,203,"$4,263 ","$1,663 ",39%,Outlet
,Sports Direct,1197831,8/24/21,South,Texas,Dallas,Men's Athletic Footwear,$31.00 ,236,"$7,316 ","$2,926 ",40%,Outlet
,Sports Direct,1197831,8/25/21,South,Texas,Dallas,Women's Street Footwear,$20.00 ,155,"$3,100 ","$1,178 ",38%,Outlet
,Sports Direct,1197831,8/26/21,South,Texas,Dallas,Women's Athletic Footwear,$26.00 ,140,"$3,640 ","$1,711 ",47%,Outlet
,Sports Direct,1197831,8/27/21,South,Texas,Dallas,Men's Apparel,$29.00 ,96,"$2,784 ","$1,030 ",37%,Outlet
,Sports Direct,1197831,8/28/21,South,Texas,Dallas,Women's Apparel,$27.00 ,153,"$4,131 ","$2,231 ",54%,Outlet
,Sports Direct,1197831,8/29/21,South,Texas,Dallas,Men's Street Footwear,$13.00 ,231,"$3,003 ","$1,201 ",40%,Outlet
,Sports Direct,1197831,8/30/21,South,Texas,Dallas,Men's Athletic Footwear,$21.00 ,210,"$4,410 ","$1,764 ",40%,Outlet
,Sports Direct,1197831,8/31/21,South,Texas,Dallas,Women's Street Footwear,$20.00 ,179,"$3,580 ","$1,396 ",39%,Outlet
,Sports Direct,1197831,9/1/21,South,Texas,Dallas,Women's Athletic Footwear,$20.00 ,149,"$2,980 ","$1,460 ",49%,Outlet
,Sports Direct,1197831,9/2/21,South,Texas,Dallas,Men's Apparel,$26.00 ,107,"$2,782 ","$1,002 ",36%,Outlet
,Sports Direct,1197831,9/3/21,South,Texas,Dallas,Women's Apparel,$22.00 ,210,"$4,620 ","$2,633 ",57%,Outlet
,Sports Direct,1197831,9/4/21,South,Texas,Dallas,Men's Street Footwear,$13.00 ,233,"$3,029 ","$1,151 ",38%,Outlet
,Sports Direct,1197831,9/5/21,South,Texas,Dallas,Men's Athletic Footwear,$22.00 ,248,"$5,456 ","$2,292 ",42%,Outlet
,Sports Direct,1197831,9/6/21,South,Texas,Dallas,Women's Street Footwear,$19.00 ,200,"$3,800 ","$1,520 ",40%,Outlet
,Sports Direct,1197831,9/7/21,South,Texas,Dallas,Women's Athletic Footwear,$27.00 ,182,"$4,914 ","$2,408 ",49%,Outlet
,Sports Direct,1197831,9/8/21,South,Texas,Dallas,Men's Apparel,$38.00 ,153,"$5,814 ","$2,093 ",36%,Outlet
,Sports Direct,1197831,9/9/21,South,Texas,Dallas,Women's Apparel,$34.00 ,264,"$8,976 ","$4,668 ",52%,Outlet
,Sports Direct,1197831,9/10/21,South,Texas,Dallas,Men's Street Footwear,$30.00 ,256,"$7,680 ","$2,842 ",37%,Outlet
,Sports Direct,1197831,9/11/21,South,Texas,Dallas,Men's Athletic Footwear,$40.00 ,280,"$11,200 ","$4,592 ",41%,Outlet
,Sports Direct,1197831,9/12/21,South,Texas,Dallas,Women's Street Footwear,$30.00 ,215,"$6,450 ","$2,516 ",39%,Outlet
,Sports Direct,1197831,9/13/21,South,Texas,Dallas,Women's Athletic Footwear,$29.00 ,192,"$5,568 ","$2,728 ",49%,Outlet
,Sports Direct,1197831,9/14/21,South,Texas,Dallas,Men's Apparel,$40.00 ,150,"$6,000 ","$2,220 ",37%,Outlet
,Sports Direct,1197831,9/15/21,South,Texas,Dallas,Women's Apparel,$42.00 ,280,"$11,760 ","$6,468 ",55%,Outlet
,Sports Direct,1197831,9/16/21,South,Texas,Dallas,Men's Street Footwear,$34.00 ,256,"$8,704 ","$3,656 ",42%,Outlet
,Sports Direct,1197831,9/17/21,South,Texas,Dallas,Men's Athletic Footwear,$34.00 ,264,"$8,976 ","$3,770 ",42%,Outlet
,Sports Direct,1197831,9/18/21,South,Texas,Dallas,Women's Street Footwear,$33.00 ,322,"$10,626 ","$4,463 ",42%,Outlet
,Sports Direct,1197831,9/19/21,South,Texas,Dallas,Women's Athletic Footwear,$32.00 ,201,"$6,432 ","$3,538 ",55%,Outlet
,Sports Direct,1197831,9/20/21,South,Texas,Dallas,Men's Apparel,$39.00 ,184,"$7,176 ","$2,727 ",38%,Outlet
,Sports Direct,1197831,9/21/21,South,Texas,Dallas,Women's Apparel,$47.00 ,272,"$12,784 ","$7,287 ",57%,Outlet
,Sports Direct,1197831,9/22/21,South,Texas,Dallas,Men's Street Footwear,$34.00 ,248,"$8,432 ","$3,626 ",43%,Outlet
,Sports Direct,1197831,9/23/21,South,Texas,Dallas,Men's Athletic Footwear,$43.00 ,256,"$11,008 ","$5,064 ",46%,Outlet
,Sports Direct,1197831,9/24/21,South,Texas,Dallas,Women's Street Footwear,$35.00 ,332,"$11,620 ","$5,461 ",47%,Outlet
,Sports Direct,1197831,9/25/21,South,Texas,Dallas,Women's Athletic Footwear,$38.00 ,158,"$6,004 ","$3,242 ",54%,Outlet
,Sports Direct,1197831,9/26/21,South,Texas,Dallas,Men's Apparel,$43.00 ,158,"$6,794 ","$2,786 ",41%,Outlet
,Sports Direct,1197831,9/27/21,South,Texas,Dallas,Women's Apparel,$43.00 ,240,"$10,320 ","$6,192 ",60%,Outlet
,Sports Direct,1197831,9/28/21,South,Texas,Dallas,Men's Street Footwear,$38.00 ,232,"$8,816 ","$4,055 ",46%,Outlet
,Sports Direct,1197831,9/29/21,South,Texas,Dallas,Men's Athletic Footwear,$38.00 ,203,"$7,714 ","$3,626 ",47%,Outlet
,Sports Direct,1197831,9/30/21,South,Texas,Dallas,Women's Street Footwear,$47.00 ,254,"$11,938 ","$5,372 ",45%,Outlet
,Sports Direct,1197831,10/1/21,South,Texas,Dallas,Women's Athletic Footwear,$41.00 ,135,"$5,535 ","$3,044 ",55%,Outlet
,Sports Direct,1197831,10/2/21,South,Texas,Dallas,Men's Apparel,$37.00 ,149,"$5,513 ","$2,205 ",40%,Outlet
,Sports Direct,1197831,10/3/21,South,Texas,Dallas,Women's Apparel,$33.00 ,236,"$7,788 ","$4,595 ",59%,Outlet
,Sports Direct,1197831,10/4/21,South,Texas,Dallas,Men's Street Footwear,$30.00 ,213,"$6,390 ","$2,812 ",44%,Outlet
,Sports Direct,1197831,10/5/21,South,Texas,Dallas,Men's Athletic Footwear,$29.00 ,219,"$6,351 ","$2,985 ",47%,Outlet
,Sports Direct,1197831,10/6/21,South,Texas,Dallas,Women's Street Footwear,$32.00 ,190,"$6,080 ","$2,675 ",44%,Outlet
,Sports Direct,1197831,10/7/21,South,Texas,Dallas,Women's Athletic Footwear,$30.00 ,145,"$4,350 ","$2,349 ",54%,Outlet
,Sports Direct,1197831,10/8/21,South,Texas,Dallas,Men's Apparel,$30.00 ,128,"$3,840 ","$1,536 ",40%,Outlet
,Sports Direct,1197831,10/9/21,South,Texas,Dallas,Women's Apparel,$39.00 ,190,"$7,410 ","$4,298 ",58%,Outlet
,Sports Direct,1197831,10/10/21,South,Texas,Dallas,Men's Street Footwear,$31.00 ,225,"$6,975 ","$2,999 ",43%,Outlet
,Sports Direct,1197831,10/11/21,South,Texas,Dallas,Men's Athletic Footwear,$27.00 ,218,"$5,886 ","$2,649 ",45%,Outlet
,Sports Direct,1197831,10/12/21,South,Texas,Dallas,Women's Street Footwear,$51.00 ,228,"$11,628 ","$5,116 ",44%,Outlet
,Sports Direct,1197831,10/13/21,South,Texas,Dallas,Women's Athletic Footwear,$50.00 ,160,"$8,000 ","$4,160 ",52%,Outlet
,Sports Direct,1197831,10/14/21,South,Texas,Dallas,Men's Apparel,$46.00 ,162,"$7,452 ","$2,906 ",39%,Outlet
,Sports Direct,1197831,10/15/21,South,Texas,Dallas,Women's Apparel,$51.00 ,236,"$12,036 ","$7,342 ",61%,Outlet
,Sports Direct,1197831,10/16/21,South,Texas,Dallas,Men's Street Footwear,$46.00 ,281,"$12,926 ","$6,075 ",47%,Outlet
,Sports Direct,1197831,10/17/21,South,Texas,Dallas,Men's Athletic Footwear,$39.00 ,248,"$9,672 ","$4,062 ",42%,Outlet
,Sports Direct,1197831,10/18/21,South,Texas,Dallas,Women's Street Footwear,$46.00 ,239,"$10,994 ","$4,837 ",44%,Outlet
,Sports Direct,1197831,10/19/21,South,Texas,Dallas,Women's Athletic Footwear,$44.00 ,190,"$8,360 ","$4,682 ",56%,Outlet
,Sports Direct,1197831,10/20/21,South,Texas,Dallas,Men's Apparel,$47.00 ,168,"$7,896 ","$2,922 ",37%,Outlet
,Sports Direct,1197831,10/21/21,South,Texas,Dallas,Women's Apparel,$54.00 ,256,"$13,824 ","$8,294 ",60%,Outlet
,Foot Locker,1185732,10/22/21,South,Texas,Dallas,Men's Street Footwear,$34.00 ,128,"$4,352 ","$2,698 ",62%,Outlet
,Foot Locker,1185732,10/23/21,South,Texas,Dallas,Men's Athletic Footwear,$34.00 ,68,"$2,312 ",$902 ,39%,Outlet
,Foot Locker,1185732,10/24/21,South,Texas,Dallas,Women's Street Footwear,$28.00 ,72,"$2,016 ",$847 ,42%,Outlet
,Foot Locker,1185732,10/25/21,South,Texas,Dallas,Women's Athletic Footwear,$28.00 ,23,$644 ,$277 ,43%,Outlet
,Foot Locker,1185732,10/26/21,Northeast,Pennsylvania,Philadelphia,Men's Apparel,$42.00 ,41,"$1,722 ",$706 ,41%,Outlet
,Foot Locker,1185732,10/27/21,Northeast,Pennsylvania,Philadelphia,Women's Apparel,$32.00 ,70,"$2,240 ",$762 ,34%,Outlet
,Foot Locker,1185732,10/28/21,Northeast,Pennsylvania,Philadelphia,Men's Street Footwear,$32.00 ,166,"$5,312 ","$3,187 ",60%,Outlet
,Foot Locker,1185732,10/29/21,Northeast,Pennsylvania,Philadelphia,Men's Athletic Footwear,$32.00 ,44,"$1,408 ",$563 ,40%,Outlet
,Foot Locker,1185732,10/30/21,Northeast,Pennsylvania,Philadelphia,Women's Street Footwear,$25.00 ,54,"$1,350 ",$608 ,45%,Outlet
,Foot Locker,1185732,10/31/21,Northeast,Pennsylvania,Philadelphia,Women's Athletic Footwear,$28.00 ,17,$476 ,$200 ,42%,Outlet
,Foot Locker,1185732,11/1/21,Northeast,Pennsylvania,Philadelphia,Men's Apparel,$39.00 ,40,"$1,560 ",$577 ,37%,Outlet
,Foot Locker,1185732,11/2/21,Northeast,Pennsylvania,Philadelphia,Women's Apparel,$30.00 ,74,"$2,220 ",$777 ,35%,Outlet
,Foot Locker,1185732,11/3/21,Northeast,Pennsylvania,Philadelphia,Men's Street Footwear,$39.00 ,156,"$6,084 ","$3,529 ",58%,Outlet
,Foot Locker,1185732,11/4/21,Northeast,Pennsylvania,Philadelphia,Men's Athletic Footwear,$33.00 ,53,"$1,749 ",$647 ,37%,Outlet
,Foot Locker,1185732,11/5/21,Northeast,Pennsylvania,Philadelphia,Women's Street Footwear,$29.00 ,58,"$1,682 ",$757 ,45%,Outlet
,Foot Locker,1185732,11/6/21,Northeast,Pennsylvania,Philadelphia,Women's Athletic Footwear,$32.00 ,8,$256 ,$113 ,44%,Outlet
,Foot Locker,1185732,11/7/21,Northeast,Pennsylvania,Philadelphia,Men's Apparel,$41.00 ,24,$984 ,$335 ,34%,Outlet
,Foot Locker,1185732,11/8/21,Northeast,Pennsylvania,Philadelphia,Women's Apparel,$38.00 ,61,"$2,318 ",$719 ,31%,Outlet
,Foot Locker,1185732,11/9/21,Northeast,Pennsylvania,Philadelphia,Men's Street Footwear,$35.00 ,140,"$4,900 ","$2,793 ",57%,Outlet
,Foot Locker,1185732,11/10/21,Northeast,Pennsylvania,Philadelphia,Men's Athletic Footwear,$37.00 ,51,"$1,887 ",$604 ,32%,Outlet
,Foot Locker,1185732,11/11/21,Northeast,Pennsylvania,Philadelphia,Women's Street Footwear,$27.00 ,51,"$1,377 ",$578 ,42%,Outlet
,Foot Locker,1185732,11/12/21,Northeast,Pennsylvania,Philadelphia,Women's Athletic Footwear,$36.00 ,24,$864 ,$328 ,38%,Outlet
,Foot Locker,1185732,11/13/21,Northeast,Pennsylvania,Philadelphia,Men's Apparel,$45.00 ,26,"$1,170 ",$433 ,37%,Outlet
,Foot Locker,1185732,11/14/21,Northeast,Pennsylvania,Philadelphia,Women's Apparel,$39.00 ,64,"$2,496 ",$674 ,27%,Outlet
,Foot Locker,1185732,11/15/21,Northeast,Pennsylvania,Philadelphia,Men's Street Footwear,$44.00 ,150,"$6,600 ","$3,432 ",52%,Outlet
,Foot Locker,1185732,11/16/21,Northeast,Pennsylvania,Philadelphia,Men's Athletic Footwear,$40.00 ,54,"$2,160 ",$713 ,33%,Outlet
,Foot Locker,1185732,11/17/21,Northeast,Pennsylvania,Philadelphia,Women's Street Footwear,$38.00 ,53,"$2,014 ",$745 ,37%,Outlet
,Foot Locker,1185732,11/18/21,Northeast,Pennsylvania,Philadelphia,Women's Athletic Footwear,$42.00 ,34,"$1,428 ",$571 ,40%,Outlet
,Foot Locker,1185732,11/19/21,Northeast,Pennsylvania,Philadelphia,Men's Apparel,$51.00 ,39,"$1,989 ",$736 ,37%,Outlet
,Foot Locker,1185732,11/20/21,Northeast,Pennsylvania,Philadelphia,Women's Apparel,$51.00 ,78,"$3,978 ","$1,472 ",37%,Outlet
,Foot Locker,1185732,11/21/21,Northeast,Pennsylvania,Philadelphia,Men's Street Footwear,$49.00 ,170,"$8,330 ","$4,748 ",57%,Outlet
,Foot Locker,1185732,11/22/21,Northeast,Pennsylvania,Philadelphia,Men's Athletic Footwear,$41.00 ,85,"$3,485 ","$1,359 ",39%,Outlet
,Foot Locker,1185732,11/23/21,Northeast,Pennsylvania,Philadelphia,Women's Street Footwear,$42.00 ,54,"$2,268 ",$975 ,43%,Outlet
,Foot Locker,1185732,11/24/21,Northeast,Pennsylvania,Philadelphia,Women's Athletic Footwear,$43.00 ,53,"$2,279 ","$1,071 ",47%,Outlet
,Foot Locker,1185732,11/25/21,Northeast,Pennsylvania,Philadelphia,Men's Apparel,$43.00 ,48,"$2,064 ",$867 ,42%,Outlet
,Foot Locker,1185732,11/26/21,Northeast,Pennsylvania,Philadelphia,Women's Apparel,$52.00 ,105,"$5,460 ","$1,911 ",35%,Outlet
,Foot Locker,1185732,11/27/21,Northeast,Pennsylvania,Philadelphia,Men's Street Footwear,$49.00 ,175,"$8,575 ","$4,888 ",57%,Outlet
,Foot Locker,1185732,11/28/21,Northeast,Pennsylvania,Philadelphia,Men's Athletic Footwear,$45.00 ,99,"$4,455 ","$1,737 ",39%,Outlet
,Foot Locker,1185732,11/29/21,Northeast,Pennsylvania,Philadelphia,Women's Street Footwear,$43.00 ,72,"$3,096 ","$1,331 ",43%,Outlet
,Foot Locker,1185732,11/30/21,Northeast,Pennsylvania,Philadelphia,Women's Athletic Footwear,$39.00 ,56,"$2,184 ","$1,026 ",47%,Outlet
,Foot Locker,1185732,12/1/21,Northeast,Pennsylvania,Philadelphia,Men's Apparel,$50.00 ,64,"$3,200 ","$1,280 ",40%,Outlet
,Foot Locker,1185732,12/2/21,Northeast,Pennsylvania,Philadelphia,Women's Apparel,$50.00 ,116,"$5,800 ","$2,088 ",36%,Outlet
,Foot Locker,1185732,12/3/21,Northeast,Pennsylvania,Philadelphia,Men's Street Footwear,$51.00 ,179,"$9,129 ","$5,295 ",58%,Outlet
,Foot Locker,1185732,12/4/21,Northeast,Pennsylvania,Philadelphia,Men's Athletic Footwear,$44.00 ,102,"$4,488 ","$1,885 ",42%,Outlet
,Foot Locker,1185732,12/5/21,Northeast,Pennsylvania,Philadelphia,Women's Street Footwear,$38.00 ,79,"$3,002 ","$1,411 ",47%,Outlet
,Foot Locker,1185732,12/6/21,Northeast,Pennsylvania,Philadelphia,Women's Athletic Footwear,$43.00 ,62,"$2,666 ","$1,226 ",46%,Outlet
,Foot Locker,1185732,12/7/21,Northeast,Pennsylvania,Philadelphia,Men's Apparel,$46.00 ,54,"$2,484 ",$969 ,39%,Outlet
,Foot Locker,1185732,12/8/21,Northeast,Pennsylvania,Philadelphia,Women's Apparel,$49.00 ,123,"$6,027 ","$2,170 ",36%,Outlet
,Foot Locker,1185732,12/9/21,Northeast,Pennsylvania,Philadelphia,Men's Street Footwear,$46.00 ,162,"$7,452 ","$3,875 ",52%,Outlet
,Foot Locker,1185732,12/10/21,Northeast,Pennsylvania,Philadelphia,Men's Athletic Footwear,$40.00 ,91,"$3,640 ","$1,238 ",34%,Outlet
,Foot Locker,1185732,12/11/21,Northeast,Pennsylvania,Philadelphia,Women's Street Footwear,$32.00 ,60,"$1,920 ",$768 ,40%,Outlet
,Foot Locker,1185732,12/12/21,Northeast,Pennsylvania,Philadelphia,Women's Athletic Footwear,$32.00 ,53,"$1,696 ",$695 ,41%,Outlet
,Foot Locker,1185732,12/13/21,Northeast,Pennsylvania,Philadelphia,Men's Apparel,$36.00 ,41,"$1,476 ",$502 ,34%,Outlet
,Foot Locker,1185732,12/14/21,Northeast,Pennsylvania,Philadelphia,Women's Apparel,$48.00 ,79,"$3,792 ","$1,176 ",31%,Outlet
,Foot Locker,1185732,12/15/21,Northeast,Pennsylvania,Philadelphia,Men's Street Footwear,$47.00 ,124,"$5,828 ","$3,089 ",53%,Outlet
,Foot Locker,1185732,12/16/21,Northeast,Pennsylvania,Philadelphia,Men's Athletic Footwear,$35.00 ,68,"$2,380 ",$762 ,32%,Outlet
,Foot Locker,1185732,12/17/21,Northeast,Pennsylvania,Philadelphia,Women's Street Footwear,$38.00 ,38,"$1,444 ",$549 ,38%,Outlet
,Foot Locker,1185732,12/18/21,Northeast,Pennsylvania,Philadelphia,Women's Athletic Footwear,$40.00 ,34,"$1,360 ",$517 ,38%,Outlet
,Foot Locker,1185732,12/19/21,Northeast,Pennsylvania,Philadelphia,Men's Apparel,$43.00 ,30,"$1,290 ",$426 ,33%,Outlet
,Foot Locker,1185732,12/20/21,Northeast,Pennsylvania,Philadelphia,Women's Apparel,$42.00 ,74,"$3,108 ",$995 ,32%,Outlet
,Foot Locker,1185732,12/21/21,Northeast,Pennsylvania,Philadelphia,Men's Street Footwear,$48.00 ,124,"$5,952 ","$3,571 ",60%,Outlet
,Foot Locker,1185732,12/22/21,Northeast,Pennsylvania,Philadelphia,Men's Athletic Footwear,$43.00 ,68,"$2,924 ","$1,228 ",42%,Outlet
,Foot Locker,1185732,12/23/21,Northeast,Pennsylvania,Philadelphia,Women's Street Footwear,$47.00 ,66,"$3,102 ","$1,365 ",44%,Outlet
,Foot Locker,1185732,12/24/21,Northeast,Pennsylvania,Philadelphia,Women's Athletic Footwear,$43.00 ,60,"$2,580 ","$1,187 ",46%,Outlet
,Foot Locker,1185732,12/25/21,Northeast,Pennsylvania,Philadelphia,Men's Apparel,$51.00 ,48,"$2,448 ",$955 ,39%,Outlet
,Foot Locker,1185732,12/26/21,Northeast,Pennsylvania,Philadelphia,Women's Apparel,$53.00 ,75,"$3,975 ","$1,431 ",36%,Outlet
,Foot Locker,1185732,12/27/21,Northeast,Pennsylvania,Philadelphia,Men's Street Footwear,$53.00 ,143,"$7,579 ","$4,623 ",61%,Outlet
,Foot Locker,1185732,12/28/21,Northeast,Pennsylvania,Philadelphia,Men's Athletic Footwear,$47.00 ,85,"$3,995 ","$1,638 ",41%,Outlet
,Foot Locker,1185732,12/29/21,Northeast,Pennsylvania,Philadelphia,Women's Street Footwear,$44.00 ,79,"$3,476 ","$1,529 ",44%,Outlet
,Foot Locker,1185732,12/30/21,Northeast,Pennsylvania,Philadelphia,Women's Athletic Footwear,$40.00 ,53,"$2,120 ",$954 ,45%,Outlet
,Foot Locker,1185732,12/31/21,Northeast,Pennsylvania,Philadelphia,Men's Apparel,$46.00 ,56,"$2,576 ","$1,005 ",39%,Outlet
,Foot Locker,1185732,1/1/20,Northeast,Pennsylvania,Philadelphia,Women's Apparel,$53.00 ,83,"$4,399 ","$1,408 ",32%,Outlet
,West Gear,1128299,1/2/20,Northeast,Pennsylvania,Philadelphia,Men's Street Footwear,$27.00 ,158,"$4,266 ","$1,792 ",42%,Outlet
,West Gear,1128299,1/3/20,Northeast,Pennsylvania,Philadelphia,Men's Athletic Footwear,$35.00 ,135,"$4,725 ","$1,465 ",31%,Outlet
,West Gear,1128299,1/4/20,Northeast,Pennsylvania,Philadelphia,Women's Street Footwear,$36.00 ,140,"$5,040 ","$2,369 ",47%,Outlet
,West Gear,1128299,1/5/20,Northeast,Pennsylvania,Philadelphia,Women's Athletic Footwear,$34.00 ,90,"$3,060 ","$1,255 ",41%,Outlet
,West Gear,1128299,1/6/20,West,Nevada,Las Vegas,Men's Apparel,$37.00 ,80,"$2,960 ","$1,687 ",57%,Outlet
,West Gear,1128299,1/7/20,West,Nevada,Las Vegas,Women's Apparel,$36.00 ,166,"$5,976 ","$1,434 ",24%,Outlet
,West Gear,1128299,1/8/20,West,Nevada,Las Vegas,Men's Street Footwear,$27.00 ,173,"$4,671 ","$2,009 ",43%,Outlet
,West Gear,1128299,1/9/20,West,Nevada,Las Vegas,Men's Athletic Footwear,$35.00 ,145,"$5,075 ","$1,573 ",31%,Outlet
,West Gear,1128299,1/10/20,West,Nevada,Las Vegas,Women's Street Footwear,$31.00 ,140,"$4,340 ","$1,866 ",43%,Outlet
,West Gear,1128299,1/11/20,West,Nevada,Las Vegas,Women's Athletic Footwear,$30.00 ,85,"$2,550 ","$1,046 ",41%,Outlet
,West Gear,1128299,1/12/20,West,Nevada,Las Vegas,Men's Apparel,$37.00 ,70,"$2,590 ","$1,580 ",61%,Outlet
,West Gear,1128299,1/13/20,West,Nevada,Las Vegas,Women's Apparel,$31.00 ,140,"$4,340 ",$998 ,23%,Outlet
,West Gear,1128299,1/14/20,West,Nevada,Las Vegas,Men's Street Footwear,$31.00 ,182,"$5,642 ","$2,539 ",45%,Outlet
,West Gear,1128299,1/15/20,West,Nevada,Las Vegas,Men's Athletic Footwear,$42.00 ,124,"$5,208 ","$1,667 ",32%,Outlet
,West Gear,1128299,1/16/20,West,Nevada,Las Vegas,Women's Street Footwear,$43.00 ,128,"$5,504 ","$2,587 ",47%,Outlet
,West Gear,1128299,1/17/20,West,Nevada,Las Vegas,Women's Athletic Footwear,$41.00 ,93,"$3,813 ","$1,563 ",41%,Outlet
,West Gear,1128299,1/18/20,West,Nevada,Las Vegas,Men's Apparel,$44.00 ,60,"$2,640 ","$1,637 ",62%,Outlet
,West Gear,1128299,1/19/20,West,Nevada,Las Vegas,Women's Apparel,$39.00 ,124,"$4,836 ","$1,257 ",26%,Outlet
,West Gear,1128299,1/20/20,West,Nevada,Las Vegas,Men's Street Footwear,$41.00 ,171,"$7,011 ","$2,945 ",42%,Outlet
,West Gear,1128299,1/21/20,West,Nevada,Las Vegas,Men's Athletic Footwear,$46.00 ,116,"$5,336 ","$1,547 ",29%,Outlet
,West Gear,1128299,1/22/20,West,Nevada,Las Vegas,Women's Street Footwear,$47.00 ,120,"$5,640 ","$2,538 ",45%,Outlet
,West Gear,1128299,1/23/20,West,Nevada,Las Vegas,Women's Athletic Footwear,$40.00 ,90,"$3,600 ","$1,476 ",41%,Outlet
,West Gear,1128299,1/24/20,West,Nevada,Las Vegas,Men's Apparel,$47.00 ,62,"$2,914 ","$1,778 ",61%,Outlet
,West Gear,1128299,1/25/20,West,Nevada,Las Vegas,Women's Apparel,$54.00 ,123,"$6,642 ","$1,793 ",27%,Outlet
,West Gear,1128299,1/26/20,West,Nevada,Las Vegas,Men's Street Footwear,$43.00 ,171,"$7,353 ","$3,529 ",48%,Outlet
,West Gear,1128299,1/27/20,West,Nevada,Las Vegas,Men's Athletic Footwear,$43.00 ,120,"$5,160 ","$1,806 ",35%,Outlet
,West Gear,1128299,1/28/20,West,Nevada,Las Vegas,Women's Street Footwear,$49.00 ,132,"$6,468 ","$3,040 ",47%,Outlet
,West Gear,1128299,1/29/20,West,Nevada,Las Vegas,Women's Athletic Footwear,$47.00 ,105,"$4,935 ","$2,270 ",46%,Outlet
,West Gear,1128299,1/30/20,West,Nevada,Las Vegas,Men's Apparel,$43.00 ,66,"$2,838 ","$1,873 ",66%,Outlet
,West Gear,1128299,1/31/20,West,Nevada,Las Vegas,Women's Apparel,$54.00 ,140,"$7,560 ","$2,419 ",32%,Outlet
,West Gear,1128299,2/1/20,West,Nevada,Las Vegas,Men's Street Footwear,$47.00 ,245,"$11,515 ","$5,758 ",50%,Outlet
,West Gear,1128299,2/2/20,West,Nevada,Las Vegas,Men's Athletic Footwear,$51.00 ,182,"$9,282 ","$3,342 ",36%,Outlet
,West Gear,1128299,2/3/20,West,Nevada,Las Vegas,Women's Street Footwear,$46.00 ,176,"$8,096 ","$3,886 ",48%,Outlet
,West Gear,1128299,2/4/20,West,Nevada,Las Vegas,Women's Athletic Footwear,$47.00 ,145,"$6,815 ","$3,067 ",45%,Outlet
,West Gear,1128299,2/5/20,West,Nevada,Las Vegas,Men's Apparel,$47.00 ,105,"$4,935 ","$3,208 ",65%,Outlet
,West Gear,1128299,2/6/20,West,Nevada,Las Vegas,Women's Apparel,$57.00 ,192,"$10,944 ","$3,064 ",28%,Outlet
,West Gear,1128299,2/7/20,West,Nevada,Las Vegas,Men's Street Footwear,$48.00 ,233,"$11,184 ","$4,921 ",44%,Outlet
,West Gear,1128299,2/8/20,West,Nevada,Las Vegas,Men's Athletic Footwear,$46.00 ,204,"$9,384 ","$2,534 ",27%,Outlet
,West Gear,1128299,2/9/20,West,Nevada,Las Vegas,Women's Street Footwear,$47.00 ,171,"$8,037 ","$3,617 ",45%,Outlet
,West Gear,1128299,2/10/20,West,Nevada,Las Vegas,Women's Athletic Footwear,$46.00 ,140,"$6,440 ","$2,705 ",42%,Outlet
,West Gear,1128299,2/11/20,West,Nevada,Las Vegas,Men's Apparel,$47.00 ,150,"$7,050 ","$4,160 ",59%,Outlet
,West Gear,1128299,2/12/20,West,Nevada,Las Vegas,Women's Apparel,$61.00 ,170,"$10,370 ","$2,800 ",27%,Outlet
,West Gear,1128299,2/13/20,West,Nevada,Las Vegas,Men's Street Footwear,$44.00 ,238,"$10,472 ","$4,817 ",46%,Outlet
,West Gear,1128299,2/14/20,West,Nevada,Las Vegas,Men's Athletic Footwear,$56.00 ,208,"$11,648 ","$3,378 ",29%,Outlet
,West Gear,1128299,2/15/20,West,Nevada,Las Vegas,Women's Street Footwear,$44.00 ,179,"$7,876 ","$3,308 ",42%,Outlet
,West Gear,1128299,2/16/20,West,Nevada,Las Vegas,Women's Athletic Footwear,$42.00 ,152,"$6,384 ","$2,681 ",42%,Outlet
,West Gear,1128299,2/17/20,West,Nevada,Las Vegas,Men's Apparel,$50.00 ,152,"$7,600 ","$4,484 ",59%,Outlet
,West Gear,1128299,2/18/20,West,Nevada,Las Vegas,Women's Apparel,$55.00 ,128,"$7,040 ","$1,830 ",26%,Outlet
,West Gear,1128299,2/19/20,West,Nevada,Las Vegas,Men's Street Footwear,$41.00 ,186,"$7,626 ","$2,898 ",38%,Outlet
,West Gear,1128299,2/20/20,West,Nevada,Las Vegas,Men's Athletic Footwear,$51.00 ,180,"$9,180 ","$2,479 ",27%,Outlet
,West Gear,1128299,2/21/20,West,Nevada,Las Vegas,Women's Street Footwear,$46.00 ,144,"$6,624 ","$2,716 ",41%,Outlet
,West Gear,1128299,2/22/20,West,Nevada,Las Vegas,Women's Athletic Footwear,$43.00 ,124,"$5,332 ","$1,866 ",35%,Outlet
,West Gear,1128299,2/23/20,West,Nevada,Las Vegas,Men's Apparel,$53.00 ,128,"$6,784 ","$3,596 ",53%,Outlet
,West Gear,1128299,2/24/20,West,Nevada,Las Vegas,Women's Apparel,$54.00 ,140,"$7,560 ","$1,588 ",21%,Outlet
,West Gear,1128299,2/25/20,West,Nevada,Las Vegas,Men's Street Footwear,$47.00 ,171,"$8,037 ","$3,215 ",40%,Outlet
,West Gear,1128299,2/26/20,West,Nevada,Las Vegas,Men's Athletic Footwear,$50.00 ,193,"$9,650 ","$2,413 ",25%,Outlet
,West Gear,1128299,2/27/20,West,Nevada,Las Vegas,Women's Street Footwear,$47.00 ,113,"$5,311 ","$2,231 ",42%,Outlet
,West Gear,1128299,2/28/20,West,Nevada,Las Vegas,Women's Athletic Footwear,$43.00 ,119,"$5,117 ","$1,689 ",33%,Outlet
,West Gear,1128299,3/1/20,West,Nevada,Las Vegas,Men's Apparel,$48.00 ,107,"$5,136 ","$2,773 ",54%,Outlet
,West Gear,1128299,3/2/20,West,Nevada,Las Vegas,Women's Apparel,$53.00 ,120,"$6,360 ","$1,399 ",22%,Outlet
,West Gear,1128299,3/3/20,West,Nevada,Las Vegas,Men's Street Footwear,$47.00 ,196,"$9,212 ","$3,869 ",42%,Outlet
,West Gear,1128299,3/4/20,West,Nevada,Las Vegas,Men's Athletic Footwear,$52.00 ,201,"$10,452 ","$2,613 ",25%,Outlet
,West Gear,1128299,3/5/20,West,Nevada,Las Vegas,Women's Street Footwear,$44.00 ,140,"$6,160 ","$2,587 ",42%,Outlet
,West Gear,1128299,3/6/20,West,Nevada,Las Vegas,Women's Athletic Footwear,$43.00 ,132,"$5,676 ","$1,987 ",35%,Outlet
,West Gear,1128299,3/7/20,West,Nevada,Las Vegas,Men's Apparel,$46.00 ,119,"$5,474 ","$2,956 ",54%,Outlet
,West Gear,1128299,3/8/20,West,Nevada,Las Vegas,Women's Apparel,$51.00 ,162,"$8,262 ","$1,735 ",21%,Outlet
,West Gear,1128299,3/9/20,West,Nevada,Las Vegas,Men's Street Footwear,$47.00 ,216,"$10,152 ","$3,756 ",37%,Outlet
,West Gear,1128299,3/10/20,West,Nevada,Las Vegas,Men's Athletic Footwear,$50.00 ,209,"$10,450 ","$2,613 ",25%,Outlet
,West Gear,1128299,3/11/20,West,Nevada,Las Vegas,Women's Street Footwear,$47.00 ,166,"$7,802 ","$3,277 ",42%,Outlet
,West Gear,1128299,3/12/20,West,Nevada,Las Vegas,Women's Athletic Footwear,$40.00 ,166,"$6,640 ","$2,390 ",36%,Outlet
,West Gear,1128299,3/13/20,West,Nevada,Las Vegas,Men's Apparel,$49.00 ,136,"$6,664 ","$3,599 ",54%,Outlet
,West Gear,1128299,3/14/20,West,Nevada,Las Vegas,Women's Apparel,$56.00 ,170,"$9,520 ","$1,714 ",18%,Outlet
,West Gear,1128299,3/15/20,West,Nevada,Las Vegas,Men's Street Footwear,$20.00 ,149,"$2,980 ","$1,192 ",40%,Outlet
,West Gear,1128299,3/16/20,West,Nevada,Las Vegas,Men's Athletic Footwear,$31.00 ,145,"$4,495 ","$1,124 ",25%,Outlet
,West Gear,1128299,3/17/20,West,Nevada,Las Vegas,Women's Street Footwear,$26.00 ,128,"$3,328 ","$1,398 ",42%,Outlet
,West Gear,1128299,3/18/20,West,Nevada,Las Vegas,Women's Athletic Footwear,$26.00 ,96,"$2,496 ",$849 ,34%,Outlet
,Sports Direct,1197831,3/14/21,South,Tennessee,Knoxville,Men's Apparel,$30.00 ,123,"$3,690 ","$1,255 ",34%,Outlet
,Sports Direct,1197831,3/15/21,South,Tennessee,Knoxville,Women's Apparel,$24.00 ,170,"$4,080 ","$2,162 ",53%,Outlet
,Sports Direct,1197831,3/16/21,South,Tennessee,Knoxville,Men's Street Footwear,$18.00 ,202,"$3,636 ","$1,345 ",37%,Outlet
,Sports Direct,1197831,3/17/21,South,Tennessee,Knoxville,Men's Athletic Footwear,$23.00 ,219,"$5,037 ","$1,964 ",39%,Outlet
,Sports Direct,1197831,3/18/21,South,Tennessee,Knoxville,Women's Street Footwear,$23.00 ,140,"$3,220 ","$1,256 ",39%,Outlet
,Sports Direct,1197831,3/19/21,South,Tennessee,Knoxville,Women's Athletic Footwear,$28.00 ,128,"$3,584 ","$1,756 ",49%,Outlet
,Sports Direct,1197831,3/20/21,South,Tennessee,Knoxville,Men's Apparel,$29.00 ,94,"$2,726 ",$872 ,32%,Outlet
,Sports Direct,1197831,3/21/21,South,Tennessee,Knoxville,Women's Apparel,$28.00 ,143,"$4,004 ","$2,242 ",56%,Outlet
,Sports Direct,1197831,3/22/21,South,Tennessee,Knoxville,Men's Street Footwear,$20.00 ,221,"$4,420 ","$1,901 ",43%,Outlet
,Sports Direct,1197831,3/23/21,South,Tennessee,Knoxville,Men's Athletic Footwear,$31.00 ,195,"$6,045 ","$2,841 ",47%,Outlet
,Sports Direct,1197831,3/24/21,South,Tennessee,Knoxville,Women's Street Footwear,$22.00 ,166,"$3,652 ","$1,570 ",43%,Outlet
,Sports Direct,1197831,3/25/21,South,Tennessee,Knoxville,Women's Athletic Footwear,$25.00 ,124,"$3,100 ","$1,736 ",56%,Outlet
,Sports Direct,1197831,3/26/21,South,Tennessee,Knoxville,Men's Apparel,$27.00 ,88,"$2,376 ",$974 ,41%,Outlet
,Sports Direct,1197831,3/27/21,South,Tennessee,Knoxville,Women's Apparel,$25.00 ,145,"$3,625 ","$2,211 ",61%,Outlet
,Sports Direct,1197831,3/28/21,South,Tennessee,Knoxville,Men's Street Footwear,$13.00 ,203,"$2,639 ","$1,188 ",45%,Outlet
,Sports Direct,1197831,3/29/21,South,Tennessee,Knoxville,Men's Athletic Footwear,$17.00 ,203,"$3,451 ","$1,449 ",42%,Outlet
,Sports Direct,1197831,3/30/21,South,Tennessee,Knoxville,Women's Street Footwear,$15.00 ,170,"$2,550 ","$1,122 ",44%,Outlet
,Sports Direct,1197831,3/31/21,South,Tennessee,Knoxville,Women's Athletic Footwear,$20.00 ,128,"$2,560 ","$1,434 ",56%,Outlet
,Sports Direct,1197831,4/1/21,South,Tennessee,Knoxville,Men's Apparel,$20.00 ,105,"$2,100 ",$798 ,38%,Outlet
,Sports Direct,1197831,4/2/21,South,Tennessee,Knoxville,Women's Apparel,$18.00 ,196,"$3,528 ","$2,152 ",61%,Outlet
,Sports Direct,1197831,4/3/21,South,Tennessee,Knoxville,Men's Street Footwear,$12.00 ,247,"$2,964 ","$1,334 ",45%,Outlet
,Sports Direct,1197831,4/4/21,South,Tennessee,Knoxville,Men's Athletic Footwear,$20.00 ,240,"$4,800 ","$2,112 ",44%,Outlet
,Sports Direct,1197831,4/5/21,South,Tennessee,Knoxville,Women's Street Footwear,$14.00 ,204,"$2,856 ","$1,314 ",46%,Outlet
,Sports Direct,1197831,4/6/21,South,Tennessee,Knoxville,Women's Athletic Footwear,$20.00 ,179,"$3,580 ","$1,933 ",54%,Outlet
,Sports Direct,1197831,4/7/21,South,Tennessee,Knoxville,Men's Apparel,$33.00 ,132,"$4,356 ","$1,786 ",41%,Outlet
,Sports Direct,1197831,4/8/21,South,Tennessee,Knoxville,Women's Apparel,$31.00 ,271,"$8,401 ","$4,957 ",59%,Outlet
,Sports Direct,1197831,4/9/21,South,Tennessee,Knoxville,Men's Street Footwear,$28.00 ,256,"$7,168 ","$3,369 ",47%,Outlet
,Sports Direct,1197831,4/10/21,South,Tennessee,Knoxville,Men's Athletic Footwear,$32.00 ,240,"$7,680 ","$3,610 ",47%,Outlet
,Sports Direct,1197831,4/11/21,South,Tennessee,Knoxville,Women's Street Footwear,$26.00 ,202,"$5,252 ","$2,311 ",44%,Outlet
,Sports Direct,1197831,4/12/21,South,Tennessee,Knoxville,Women's Athletic Footwear,$29.00 ,198,"$5,742 ","$3,216 ",56%,Outlet
,Sports Direct,1197831,4/13/21,South,Tennessee,Knoxville,Men's Apparel,$30.00 ,150,"$4,500 ","$1,755 ",39%,Outlet
,Sports Direct,1197831,4/14/21,South,Tennessee,Knoxville,Women's Apparel,$37.00 ,306,"$11,322 ","$6,680 ",59%,Outlet
,Sports Direct,1197831,4/15/21,South,Tennessee,Knoxville,Men's Street Footwear,$29.00 ,272,"$7,888 ","$3,944 ",50%,Outlet
,Sports Direct,1197831,4/16/21,South,Tennessee,Knoxville,Men's Athletic Footwear,$30.00 ,264,"$7,920 ","$3,960 ",50%,Outlet
,Sports Direct,1197831,4/17/21,South,Tennessee,Knoxville,Women's Street Footwear,$30.00 ,322,"$9,660 ","$4,830 ",50%,Outlet
,Sports Direct,1197831,4/18/21,South,Tennessee,Knoxville,Women's Athletic Footwear,$32.00 ,196,"$6,272 ","$3,826 ",61%,Outlet
,Sports Direct,1197831,4/19/21,South,Tennessee,Knoxville,Men's Apparel,$33.00 ,182,"$6,006 ","$2,703 ",45%,Outlet
,Sports Direct,1197831,4/20/21,South,Tennessee,Knoxville,Women's Apparel,$38.00 ,272,"$10,336 ","$6,408 ",62%,Outlet
,Sports Direct,1197831,4/21/21,South,Tennessee,Knoxville,Men's Street Footwear,$29.00 ,233,"$6,757 ","$3,446 ",51%,Outlet
,Sports Direct,1197831,4/22/21,South,Tennessee,Knoxville,Men's Athletic Footwear,$44.00 ,271,"$11,924 ","$6,081 ",51%,Outlet
,Sports Direct,1197831,4/23/21,South,Tennessee,Knoxville,Women's Street Footwear,$39.00 ,314,"$12,246 ","$5,756 ",47%,Outlet
,Sports Direct,1197831,4/24/21,South,Tennessee,Knoxville,Women's Athletic Footwear,$32.00 ,162,"$5,184 ","$3,059 ",59%,Outlet
,Sports Direct,1197831,4/25/21,South,Tennessee,Knoxville,Men's Apparel,$35.00 ,143,"$5,005 ","$2,252 ",45%,Outlet
,Sports Direct,1197831,4/26/21,South,Tennessee,Knoxville,Women's Apparel,$40.00 ,232,"$9,280 ","$6,218 ",67%,Outlet
,Sports Direct,1197831,4/27/21,South,Tennessee,Knoxville,Men's Street Footwear,$40.00 ,209,"$8,360 ","$4,180 ",50%,Outlet
,Sports Direct,1197831,4/28/21,South,Tennessee,Knoxville,Men's Athletic Footwear,$33.00 ,213,"$7,029 ","$3,304 ",47%,Outlet
,Sports Direct,1197831,4/29/21,South,Tennessee,Knoxville,Women's Street Footwear,$40.00 ,203,"$8,120 ","$4,141 ",51%,Outlet
,Sports Direct,1197831,4/30/21,South,Tennessee,Knoxville,Women's Athletic Footwear,$40.00 ,136,"$5,440 ","$3,101 ",57%,Outlet
,Sports Direct,1197831,5/1/21,South,Tennessee,Knoxville,Men's Apparel,$39.00 ,120,"$4,680 ","$2,012 ",43%,Outlet
,Sports Direct,1197831,5/2/21,South,Tennessee,Knoxville,Women's Apparel,$30.00 ,219,"$6,570 ","$4,073 ",62%,Outlet
,Sports Direct,1197831,5/3/21,South,Tennessee,Knoxville,Men's Street Footwear,$28.00 ,201,"$5,628 ","$2,927 ",52%,Outlet
,Sports Direct,1197831,5/4/21,South,Tennessee,Knoxville,Men's Athletic Footwear,$25.00 ,178,"$4,450 ","$2,136 ",48%,Outlet
,Sports Direct,1197831,5/5/21,South,Tennessee,Knoxville,Women's Street Footwear,$27.00 ,163,"$4,401 ","$2,112 ",48%,Outlet
,Sports Direct,1197831,5/6/21,South,Tennessee,Knoxville,Women's Athletic Footwear,$30.00 ,131,"$3,930 ","$2,358 ",60%,Outlet
,Sports Direct,1197831,5/7/21,South,Tennessee,Knoxville,Men's Apparel,$28.00 ,109,"$3,052 ","$1,343 ",44%,Outlet
,Sports Direct,1197831,5/8/21,South,Tennessee,Knoxville,Women's Apparel,$29.00 ,179,"$5,191 ","$3,478 ",67%,Outlet
,Sports Direct,1197831,5/9/21,South,Tennessee,Knoxville,Men's Street Footwear,$24.00 ,203,"$4,872 ","$2,339 ",48%,Outlet
,Sports Direct,1197831,5/10/21,South,Tennessee,Knoxville,Men's Athletic Footwear,$21.00 ,223,"$4,683 ","$2,295 ",49%,Outlet
,Sports Direct,1197831,5/11/21,South,Tennessee,Knoxville,Women's Street Footwear,$37.00 ,204,"$7,548 ","$3,548 ",47%,Outlet
,Sports Direct,1197831,5/12/21,South,Tennessee,Knoxville,Women's Athletic Footwear,$38.00 ,157,"$5,966 ","$3,699 ",62%,Outlet
,Sports Direct,1197831,5/13/21,South,Tennessee,Knoxville,Men's Apparel,$43.00 ,140,"$6,020 ","$2,769 ",46%,Outlet
,Sports Direct,1197831,5/14/21,South,Tennessee,Knoxville,Women's Apparel,$43.00 ,202,"$8,686 ","$5,733 ",66%,Outlet
,Sports Direct,1197831,5/15/21,South,Tennessee,Knoxville,Men's Street Footwear,$39.00 ,248,"$9,672 ","$4,643 ",48%,Outlet
,Sports Direct,1197831,5/16/21,South,Tennessee,Knoxville,Men's Athletic Footwear,$37.00 ,264,"$9,768 ","$4,786 ",49%,Outlet
,Sports Direct,1197831,5/17/21,South,Tennessee,Knoxville,Women's Street Footwear,$44.00 ,210,"$9,240 ","$4,712 ",51%,Outlet
,Sports Direct,1197831,5/18/21,South,Tennessee,Knoxville,Women's Athletic Footwear,$44.00 ,176,"$7,744 ","$4,646 ",60%,Outlet
,Sports Direct,1197831,5/19/21,South,Tennessee,Knoxville,Men's Apparel,$38.00 ,160,"$6,080 ","$2,858 ",47%,Outlet
,Sports Direct,1197831,5/20/21,South,Tennessee,Knoxville,Women's Apparel,$49.00 ,225,"$11,025 ","$6,946 ",63%,Outlet
,Foot Locker,1185732,5/21/21,South,Tennessee,Knoxville,Men's Street Footwear,$27.00 ,140,"$3,780 ","$1,663 ",44%,Outlet
,Foot Locker,1185732,5/22/21,South,Tennessee,Knoxville,Men's Athletic Footwear,$23.00 ,70,"$1,610 ",$660 ,41%,Outlet
,Foot Locker,1185732,5/23/21,South,Tennessee,Knoxville,Women's Street Footwear,$19.00 ,74,"$1,406 ",$548 ,39%,Outlet
,Foot Locker,1185732,5/24/21,South,Tennessee,Knoxville,Women's Athletic Footwear,$22.00 ,23,$506 ,$218 ,43%,Outlet
,Sports Direct,1197831,8/5/21,South,Alabama,Birmingham,Men's Apparel,$31.00 ,114,"$3,534 ","$1,449 ",41%,Outlet
,Sports Direct,1197831,8/6/21,South,Alabama,Birmingham,Women's Apparel,$24.00 ,152,"$3,648 ","$2,152 ",59%,Outlet
,Sports Direct,1197831,8/7/21,South,Alabama,Birmingham,Men's Street Footwear,$16.00 ,206,"$3,296 ","$1,549 ",47%,Outlet
,Sports Direct,1197831,8/8/21,South,Alabama,Birmingham,Men's Athletic Footwear,$26.00 ,192,"$4,992 ","$2,097 ",42%,Outlet
,Sports Direct,1197831,8/9/21,South,Alabama,Birmingham,Women's Street Footwear,$26.00 ,136,"$3,536 ","$1,556 ",44%,Outlet
,Sports Direct,1197831,8/10/21,South,Alabama,Birmingham,Women's Athletic Footwear,$24.00 ,113,"$2,712 ","$1,464 ",54%,Outlet
,Sports Direct,1197831,8/11/21,South,Alabama,Birmingham,Men's Apparel,$29.00 ,85,"$2,465 ",$961 ,39%,Outlet
,Sports Direct,1197831,8/12/21,South,Alabama,Birmingham,Women's Apparel,$27.00 ,144,"$3,888 ","$2,216 ",57%,Outlet
,Sports Direct,1197831,8/13/21,South,Alabama,Birmingham,Men's Street Footwear,$23.00 ,194,"$4,462 ","$2,186 ",49%,Outlet
,Sports Direct,1197831,8/14/21,South,Alabama,Birmingham,Men's Athletic Footwear,$32.00 ,194,"$6,208 ","$2,918 ",47%,Outlet
,Sports Direct,1197831,8/15/21,South,Alabama,Birmingham,Women's Street Footwear,$20.00 ,144,"$2,880 ","$1,469 ",51%,Outlet
,Sports Direct,1197831,8/16/21,South,Alabama,Birmingham,Women's Athletic Footwear,$23.00 ,116,"$2,668 ","$1,627 ",61%,Outlet
,Sports Direct,1197831,8/17/21,South,Alabama,Birmingham,Men's Apparel,$28.00 ,88,"$2,464 ","$1,133 ",46%,Outlet
,Sports Direct,1197831,8/18/21,South,Alabama,Birmingham,Women's Apparel,$26.00 ,120,"$3,120 ","$2,059 ",66%,Outlet
,Sports Direct,1197831,8/19/21,South,Alabama,Birmingham,Men's Street Footwear,$15.00 ,215,"$3,225 ","$1,677 ",52%,Outlet
,Sports Direct,1197831,8/20/21,South,Alabama,Birmingham,Men's Athletic Footwear,$16.00 ,202,"$3,232 ","$1,519 ",47%,Outlet
,Sports Direct,1197831,8/21/21,South,Alabama,Birmingham,Women's Street Footwear,$11.00 ,152,"$1,672 ",$786 ,47%,Outlet
,Sports Direct,1197831,8/22/21,South,Alabama,Birmingham,Women's Athletic Footwear,$15.00 ,116,"$1,740 ","$1,044 ",60%,Outlet
,Sports Direct,1197831,8/23/21,South,Alabama,Birmingham,Men's Apparel,$19.00 ,88,"$1,672 ",$702 ,42%,Outlet
,Sports Direct,1197831,8/24/21,South,Alabama,Birmingham,Women's Apparel,$14.00 ,165,"$2,310 ","$1,548 ",67%,Outlet
,Sports Direct,1197831,8/25/21,South,Alabama,Birmingham,Men's Street Footwear,$7.00 ,224,"$1,568 ",$737 ,47%,Outlet
,Sports Direct,1197831,8/26/21,South,Alabama,Birmingham,Men's Athletic Footwear,$16.00 ,218,"$3,488 ","$1,709 ",49%,Outlet
,Sports Direct,1197831,8/27/21,South,Alabama,Birmingham,Women's Street Footwear,$11.00 ,190,"$2,090 ","$1,087 ",52%,Outlet
,Sports Direct,1197831,8/28/21,South,Alabama,Birmingham,Women's Athletic Footwear,$26.00 ,165,"$4,290 ","$2,617 ",61%,Outlet
,Sports Direct,1197831,8/29/21,South,Alabama,Birmingham,Men's Apparel,$39.00 ,132,"$5,148 ","$2,162 ",42%,Outlet
,Sports Direct,1197831,8/30/21,South,Alabama,Birmingham,Women's Apparel,$36.00 ,263,"$9,468 ","$6,249 ",66%,Outlet
,Sports Direct,1197831,8/31/21,South,Alabama,Birmingham,Men's Street Footwear,$30.00 ,225,"$6,750 ","$3,240 ",48%,Outlet
,Sports Direct,1197831,9/1/21,South,Alabama,Birmingham,Men's Athletic Footwear,$35.00 ,233,"$8,155 ","$3,833 ",47%,Outlet
,Sports Direct,1197831,9/2/21,South,Alabama,Birmingham,Women's Street Footwear,$35.00 ,228,"$7,980 ","$4,070 ",51%,Outlet
,Sports Direct,1197831,9/3/21,South,Alabama,Birmingham,Women's Athletic Footwear,$31.00 ,210,"$6,510 ","$3,906 ",60%,Outlet
,Sports Direct,1197831,9/4/21,South,Alabama,Birmingham,Men's Apparel,$38.00 ,165,"$6,270 ","$2,947 ",47%,Outlet
,Sports Direct,1197831,9/5/21,South,Alabama,Birmingham,Women's Apparel,$36.00 ,280,"$10,080 ","$6,451 ",64%,Outlet
,Sports Direct,1197831,9/6/21,South,Alabama,Birmingham,Men's Street Footwear,$31.00 ,256,"$7,936 ","$4,206 ",53%,Outlet
,Sports Direct,1197831,9/7/21,South,Alabama,Birmingham,Men's Athletic Footwear,$37.00 ,264,"$9,768 ","$5,372 ",55%,Outlet
,Sports Direct,1197831,9/8/21,South,Alabama,Birmingham,Women's Street Footwear,$31.00 ,322,"$9,982 ","$5,590 ",56%,Outlet
,Sports Direct,1197831,9/9/21,South,Alabama,Birmingham,Women's Athletic Footwear,$36.00 ,196,"$7,056 ","$4,728 ",67%,Outlet
,Sports Direct,1197831,9/10/21,South,Alabama,Birmingham,Men's Apparel,$35.00 ,179,"$6,265 ","$3,258 ",52%,Outlet
,Sports Direct,1197831,9/11/21,South,Alabama,Birmingham,Women's Apparel,$47.00 ,280,"$13,160 ","$9,212 ",70%,Outlet
,Sports Direct,1197831,9/12/21,South,Alabama,Birmingham,Men's Street Footwear,$27.00 ,233,"$6,291 ","$3,460 ",55%,Outlet
,Sports Direct,1197831,9/13/21,South,Alabama,Birmingham,Men's Athletic Footwear,$39.00 ,233,"$9,087 ","$4,907 ",54%,Outlet
,Sports Direct,1197831,9/14/21,South,Alabama,Birmingham,Women's Street Footwear,$36.00 ,278,"$10,008 ","$5,304 ",53%,Outlet
,Sports Direct,1197831,9/15/21,South,Alabama,Birmingham,Women's Athletic Footwear,$37.00 ,140,"$5,180 ","$3,315 ",64%,Outlet
,Sports Direct,1197831,9/16/21,South,Alabama,Birmingham,Men's Apparel,$42.00 ,140,"$5,880 ","$2,940 ",50%,Outlet
,Sports Direct,1197831,9/17/21,South,Alabama,Birmingham,Women's Apparel,$39.00 ,203,"$7,917 ","$5,621 ",71%,Outlet
,Sports Direct,1197831,9/18/21,South,Alabama,Birmingham,Men's Street Footwear,$38.00 ,206,"$7,828 ","$4,305 ",55%,Outlet
,Sports Direct,1197831,9/19/21,South,Alabama,Birmingham,Men's Athletic Footwear,$36.00 ,173,"$6,228 ","$3,425 ",55%,Outlet
,Sports Direct,1197831,9/20/21,South,Alabama,Birmingham,Women's Street Footwear,$47.00 ,213,"$10,011 ","$5,606 ",56%,Outlet
,Sports Direct,1197831,9/21/21,South,Alabama,Birmingham,Women's Athletic Footwear,$44.00 ,105,"$4,620 ","$3,049 ",66%,Outlet
,Sports Direct,1197831,9/22/21,South,Alabama,Birmingham,Men's Apparel,$35.00 ,116,"$4,060 ","$1,949 ",48%,Outlet
,Sports Direct,1197831,9/23/21,South,Alabama,Birmingham,Women's Apparel,$26.00 ,190,"$4,940 ","$3,557 ",72%,Outlet
,Sports Direct,1197831,9/24/21,South,Alabama,Birmingham,Men's Street Footwear,$20.00 ,184,"$3,680 ","$1,914 ",52%,Outlet
,Sports Direct,1197831,9/25/21,South,Alabama,Birmingham,Men's Athletic Footwear,$23.00 ,173,"$3,979 ","$2,188 ",55%,Outlet
,Sports Direct,1197831,9/26/21,South,Alabama,Birmingham,Women's Street Footwear,$24.00 ,166,"$3,984 ","$2,151 ",54%,Outlet
,Sports Direct,1197831,9/27/21,South,Alabama,Birmingham,Women's Athletic Footwear,$26.00 ,98,"$2,548 ","$1,707 ",67%,Outlet
,Sports Direct,1197831,9/28/21,South,Alabama,Birmingham,Men's Apparel,$22.00 ,105,"$2,310 ","$1,132 ",49%,Outlet
,Sports Direct,1197831,9/29/21,South,Alabama,Birmingham,Women's Apparel,$26.00 ,147,"$3,822 ","$2,752 ",72%,Outlet
,Sports Direct,1197831,9/30/21,South,Alabama,Birmingham,Men's Street Footwear,$14.00 ,188,"$2,632 ","$1,500 ",57%,Outlet
,Sports Direct,1197831,10/1/21,South,Alabama,Birmingham,Men's Athletic Footwear,$14.00 ,200,"$2,800 ","$1,456 ",52%,Outlet
,Sports Direct,1197831,10/2/21,South,Alabama,Birmingham,Women's Street Footwear,$33.00 ,196,"$6,468 ","$3,557 ",55%,Outlet
,Sports Direct,1197831,10/3/21,South,Alabama,Birmingham,Women's Athletic Footwear,$36.00 ,135,"$4,860 ","$3,256 ",67%,Outlet
,Sports Direct,1197831,10/4/21,South,Alabama,Birmingham,Men's Apparel,$37.00 ,149,"$5,513 ","$2,646 ",48%,Outlet
,Sports Direct,1197831,10/5/21,South,Alabama,Birmingham,Women's Apparel,$45.00 ,188,"$8,460 ","$5,837 ",69%,Outlet
,Sports Direct,1197831,10/6/21,South,Alabama,Birmingham,Men's Street Footwear,$46.00 ,240,"$11,040 ","$6,182 ",56%,Outlet
,Sports Direct,1197831,10/7/21,South,Alabama,Birmingham,Men's Athletic Footwear,$40.00 ,248,"$9,920 ","$5,258 ",53%,Outlet
,Sports Direct,1197831,10/8/21,South,Alabama,Birmingham,Women's Street Footwear,$47.00 ,217,"$10,199 ","$5,507 ",54%,Outlet
,Sports Direct,1197831,10/9/21,South,Alabama,Birmingham,Women's Athletic Footwear,$52.00 ,193,"$10,036 ","$6,323 ",63%,Outlet
,Sports Direct,1197831,10/10/21,South,Alabama,Birmingham,Men's Apparel,$40.00 ,155,"$6,200 ","$2,914 ",47%,Outlet
,Sports Direct,1197831,10/11/21,South,Alabama,Birmingham,Women's Apparel,$56.00 ,225,"$12,600 ","$9,072 ",72%,Outlet
,Amazon,1185732,10/12/21,South,Alabama,Birmingham,Men's Street Footwear,$27.00 ,140,"$3,780 ","$1,474 ",39%,Outlet
,Amazon,1185732,10/13/21,South,Alabama,Birmingham,Men's Athletic Footwear,$30.00 ,88,"$2,640 ","$1,082 ",41%,Outlet
,Amazon,1185732,10/14/21,South,Alabama,Birmingham,Women's Street Footwear,$23.00 ,83,"$1,909 ",$802 ,42%,Outlet
,Amazon,1185732,10/15/21,South,Alabama,Birmingham,Women's Athletic Footwear,$25.00 ,30,$750 ,$248 ,33%,Outlet
,Sports Direct,1128299,2/17/21,Southeast,Florida,Orlando,Women's Athletic Footwear,$36.00 ,94,"$3,384 ","$1,252 ",37%,Outlet
,Sports Direct,1128299,2/17/21,Southeast,Florida,Orlando,Men's Apparel,$44.00 ,62,"$2,728 ",$655 ,24%,Outlet
,Sports Direct,1128299,2/17/21,Southeast,Florida,Orlando,Women's Apparel,$33.00 ,124,"$4,092 ","$2,087 ",51%,Outlet
,Sports Direct,1128299,3/16/21,Southeast,Florida,Orlando,Men's Street Footwear,$35.00 ,171,"$5,985 ","$2,035 ",34%,Outlet
,Sports Direct,1128299,3/16/21,Southeast,Florida,Orlando,Men's Athletic Footwear,$44.00 ,124,"$5,456 ","$1,691 ",31%,Outlet
,Sports Direct,1128299,3/16/21,Southeast,Florida,Orlando,Women's Street Footwear,$47.00 ,149,"$7,003 ","$2,241 ",32%,Outlet
,Sports Direct,1128299,3/16/21,Southeast,Florida,Orlando,Women's Athletic Footwear,$42.00 ,114,"$4,788 ","$1,676 ",35%,Outlet
,Sports Direct,1128299,3/16/21,Southeast,Florida,Orlando,Men's Apparel,$44.00 ,60,"$2,640 ",$686 ,26%,Outlet
,Sports Direct,1128299,3/16/21,Southeast,Florida,Orlando,Women's Apparel,$48.00 ,131,"$6,288 ","$2,955 ",47%,Outlet
,Walmart,1128299,4/17/21,Southeast,Florida,Orlando,Men's Street Footwear,$47.00 ,171,"$8,037 ","$2,893 ",36%,Outlet
,Walmart,1128299,4/17/21,Southeast,Florida,Orlando,Men's Athletic Footwear,$51.00 ,105,"$5,355 ","$1,446 ",27%,Outlet
,Walmart,1128299,4/17/21,Southeast,Florida,Orlando,Women's Street Footwear,$49.00 ,132,"$6,468 ","$2,199 ",34%,Outlet
,Walmart,1128299,4/17/21,Southeast,Florida,Orlando,Women's Athletic Footwear,$41.00 ,90,"$3,690 ","$1,292 ",35%,Outlet
,Walmart,1128299,4/17/21,Southeast,Florida,Orlando,Men's Apparel,$47.00 ,60,"$2,820 ",$620 ,22%,Outlet
,Walmart,1128299,4/17/21,Southeast,Florida,Orlando,Women's Apparel,$57.00 ,113,"$6,441 ","$3,221 ",50%,Outlet
,Walmart,1128299,5/18/21,Southeast,Florida,Orlando,Men's Street Footwear,$44.00 ,201,"$8,844 ","$2,919 ",33%,Outlet
,Walmart,1128299,5/18/21,Southeast,Florida,Orlando,Men's Athletic Footwear,$46.00 ,132,"$6,072 ","$1,700 ",28%,Outlet
,Walmart,1128299,5/18/21,Southeast,Florida,Orlando,Women's Street Footwear,$46.00 ,132,"$6,072 ","$2,186 ",36%,Outlet
,Walmart,1128299,5/18/21,Southeast,Florida,Orlando,Women's Athletic Footwear,$39.00 ,107,"$4,173 ","$1,419 ",34%,Outlet
,Walmart,1128299,5/18/21,Southeast,Florida,Orlando,Men's Apparel,$42.00 ,68,"$2,856 ",$714 ,25%,Outlet
,Walmart,1128299,5/18/21,Southeast,Florida,Orlando,Women's Apparel,$48.00 ,173,"$8,304 ","$3,903 ",47%,Outlet
,Walmart,1128299,6/17/21,Southeast,Florida,Orlando,Men's Street Footwear,$50.00 ,272,"$13,600 ","$4,352 ",32%,Outlet
,Walmart,1128299,6/17/21,Southeast,Florida,Orlando,Men's Athletic Footwear,$53.00 ,224,"$11,872 ","$3,443 ",29%,Outlet
,Walmart,1128299,6/17/21,Southeast,Florida,Orlando,Women's Street Footwear,$60.00 ,238,"$14,280 ","$4,712 ",33%,Outlet
,Walmart,1128299,6/17/21,Southeast,Florida,Orlando,Women's Athletic Footwear,$66.00 ,196,"$12,936 ","$4,786 ",37%,Outlet
,Walmart,1128299,6/17/21,Southeast,Florida,Orlando,Men's Apparel,$71.00 ,153,"$10,863 ","$2,390 ",22%,Outlet
,Walmart,1128299,6/17/21,Southeast,Florida,Orlando,Women's Apparel,$74.00 ,248,"$18,352 ","$8,625 ",47%,Outlet
,Walmart,1128299,7/16/21,Southeast,Florida,Orlando,Men's Street Footwear,$68.00 ,297,"$20,196 ","$7,473 ",37%,Outlet
,Walmart,1128299,7/16/21,Southeast,Florida,Orlando,Men's Athletic Footwear,$74.00 ,263,"$19,462 ","$5,449 ",28%,Outlet
,Walmart,1128299,7/16/21,Southeast,Florida,Orlando,Women's Street Footwear,$72.00 ,238,"$17,136 ","$5,826 ",34%,Outlet
,Walmart,1128299,7/16/21,Southeast,Florida,Orlando,Women's Athletic Footwear,$59.00 ,186,"$10,974 ","$3,621 ",33%,Outlet
,Walmart,1128299,7/16/21,Southeast,Florida,Orlando,Men's Apparel,$68.00 ,208,"$14,144 ","$3,112 ",22%,Outlet
,Walmart,1128299,7/16/21,Southeast,Florida,Orlando,Women's Apparel,$75.00 ,195,"$14,625 ","$6,874 ",47%,Outlet
,Walmart,1128299,8/17/21,Southeast,Florida,Orlando,Men's Street Footwear,$68.00 ,255,"$17,340 ","$6,242 ",36%,Outlet
,Walmart,1128299,8/17/21,Southeast,Florida,Orlando,Men's Athletic Footwear,$60.00 ,272,"$16,320 ","$4,406 ",27%,Outlet
,Walmart,1128299,8/17/21,Southeast,Florida,Orlando,Women's Street Footwear,$62.00 ,231,"$14,322 ","$4,726 ",33%,Outlet
,Walmart,1128299,8/17/21,Southeast,Florida,Orlando,Women's Athletic Footwear,$64.00 ,147,"$9,408 ","$3,105 ",33%,Outlet
,Walmart,1128299,8/17/21,Southeast,Florida,Orlando,Men's Apparel,$63.00 ,166,"$10,458 ","$2,510 ",24%,Outlet
,Walmart,1128299,8/17/21,Southeast,Florida,Orlando,Women's Apparel,$60.00 ,96,"$5,760 ","$2,822 ",49%,Outlet
,Walmart,1128299,9/18/21,Southeast,Florida,Orlando,Men's Street Footwear,$44.00 ,155,"$6,820 ","$2,523 ",37%,Outlet
,Walmart,1128299,9/18/21,Southeast,Florida,Orlando,Men's Athletic Footwear,$45.00 ,150,"$6,750 ","$2,093 ",31%,Outlet
,Walmart,1128299,9/18/21,Southeast,Florida,Orlando,Women's Street Footwear,$39.00 ,96,"$3,744 ","$1,236 ",33%,Outlet
,Walmart,1128299,9/18/21,Southeast,Florida,Orlando,Women's Athletic Footwear,$44.00 ,78,"$3,432 ","$1,270 ",37%,Outlet
,Walmart,1128299,9/18/21,Southeast,Florida,Orlando,Men's Apparel,$54.00 ,94,"$5,076 ","$1,167 ",23%,Outlet
,Walmart,1128299,9/18/21,Southeast,Florida,Orlando,Women's Apparel,$42.00 ,99,"$4,158 ","$2,037 ",49%,Outlet
,Walmart,1128299,10/17/21,Southeast,Florida,Orlando,Men's Street Footwear,$39.00 ,140,"$5,460 ","$2,020 ",37%,Outlet
,Walmart,1128299,10/17/21,Southeast,Florida,Orlando,Men's Athletic Footwear,$43.00 ,190,"$8,170 ","$2,369 ",29%,Outlet
,Walmart,1128299,10/17/21,Southeast,Florida,Orlando,Women's Street Footwear,$43.00 ,128,"$5,504 ","$1,871 ",34%,Outlet
,Walmart,1128299,10/17/21,Southeast,Florida,Orlando,Women's Athletic Footwear,$40.00 ,120,"$4,800 ","$1,680 ",35%,Outlet
,Walmart,1128299,10/17/21,Southeast,Florida,Orlando,Men's Apparel,$47.00 ,116,"$5,452 ","$1,199 ",22%,Outlet
,Walmart,1128299,10/17/21,Southeast,Florida,Orlando,Women's Apparel,$53.00 ,140,"$7,420 ","$3,858 ",52%,Outlet
,Walmart,1128299,11/17/21,Southeast,Florida,Orlando,Men's Street Footwear,$41.00 ,188,"$7,708 ","$2,621 ",34%,Outlet
,Walmart,1128299,11/17/21,Southeast,Florida,Orlando,Men's Athletic Footwear,$46.00 ,231,"$10,626 ","$3,400 ",32%,Outlet
,Walmart,1128299,11/17/21,Southeast,Florida,Orlando,Women's Street Footwear,$44.00 ,173,"$7,612 ","$2,816 ",37%,Outlet
,Walmart,1128299,11/17/21,Southeast,Florida,Orlando,Women's Athletic Footwear,$47.00 ,170,"$7,990 ","$2,717 ",34%,Outlet
,Walmart,1128299,11/17/21,Southeast,Florida,Orlando,Men's Apparel,$58.00 ,147,"$8,526 ","$2,302 ",27%,Outlet
,Walmart,1128299,11/17/21,Southeast,Florida,Orlando,Women's Apparel,$66.00 ,198,"$13,068 ","$6,534 ",50%,Outlet
,Walmart,1128299,12/16/21,Southeast,Florida,Orlando,Men's Street Footwear,$58.00 ,280,"$16,240 ","$5,846 ",36%,Outlet
,Walmart,1128299,12/16/21,Southeast,Florida,Orlando,Men's Athletic Footwear,$55.00 ,256,"$14,080 ","$4,365 ",31%,Outlet
,West Gear,1128299,12/16/21,Southeast,Florida,Orlando,Women's Street Footwear,$64.00 ,204,"$13,056 ","$4,308 ",33%,Outlet
,West Gear,1128299,12/16/21,Southeast,Florida,Orlando,Women's Athletic Footwear,$58.00 ,204,"$11,832 ","$4,023 ",34%,Outlet
,West Gear,1128299,12/16/21,Southeast,Florida,Orlando,Men's Apparel,$64.00 ,179,"$11,456 ","$2,979 ",26%,Outlet
,West Gear,1128299,12/16/21,Southeast,Florida,Orlando,Women's Apparel,$64.00 ,200,"$12,800 ","$6,144 ",48%,Outlet
,West Gear,1185732,1/12/21,Southeast,Florida,Orlando,Men's Street Footwear,$30.00 ,272,"$8,160 ","$4,162 ",51%,Outlet
,West Gear,1185732,1/12/21,Southeast,Florida,Orlando,Men's Athletic Footwear,$36.00 ,221,"$7,956 ","$3,182 ",40%,Outlet
,West Gear,1185732,1/12/21,Southeast,Florida,Orlando,Women's Street Footwear,$26.00 ,202,"$5,252 ","$1,523 ",29%,Outlet
,West Gear,1185732,1/12/21,Southeast,Florida,Orlando,Women's Athletic Footwear,$30.00 ,170,"$5,100 ","$1,887 ",37%,Outlet
,West Gear,1185732,1/12/21,Southeast,Florida,Orlando,Men's Apparel,$36.00 ,193,"$6,948 ","$2,849 ",41%,Outlet
,West Gear,1185732,1/12/21,Southeast,Florida,Orlando,Women's Apparel,$35.00 ,221,"$7,735 ","$4,254 ",55%,Outlet
,West Gear,1185732,2/10/21,Southeast,Florida,Orlando,Men's Street Footwear,$36.00 ,288,"$10,368 ","$4,873 ",47%,Outlet
,West Gear,1185732,2/10/21,Southeast,Florida,Orlando,Men's Athletic Footwear,$31.00 ,165,"$5,115 ","$2,097 ",41%,Outlet
,West Gear,1185732,2/10/21,Southeast,Florida,Orlando,Women's Street Footwear,$23.00 ,204,"$4,692 ","$1,501 ",32%,Outlet
,Foot Locker,1128299,2/24/21,Southeast,Virginia,Richmond,Women's Athletic Footwear,$28.00 ,64,"$1,792 ",$735 ,41%,Outlet
,Foot Locker,1128299,2/24/21,Southeast,Virginia,Richmond,Men's Apparel,$29.00 ,39,"$1,131 ",$509 ,45%,Outlet
,Foot Locker,1128299,2/24/21,Southeast,Virginia,Richmond,Women's Apparel,$30.00 ,107,"$3,210 ","$1,156 ",36%,Outlet
,Foot Locker,1128299,3/23/21,Southeast,Virginia,Richmond,Men's Street Footwear,$30.00 ,162,"$4,860 ","$1,847 ",38%,Outlet
,Foot Locker,1128299,3/23/21,Southeast,Virginia,Richmond,Men's Athletic Footwear,$35.00 ,98,"$3,430 ","$1,406 ",41%,Outlet
,Foot Locker,1128299,3/23/21,Southeast,Virginia,Richmond,Women's Street Footwear,$43.00 ,112,"$4,816 ","$1,975 ",41%,Outlet
,Foot Locker,1128299,3/23/21,Southeast,Virginia,Richmond,Women's Athletic Footwear,$38.00 ,78,"$2,964 ","$1,156 ",39%,Outlet
,Foot Locker,1128299,3/23/21,Southeast,Virginia,Richmond,Men's Apparel,$43.00 ,33,"$1,419 ",$596 ,42%,Outlet
,Foot Locker,1128299,3/23/21,Southeast,Virginia,Richmond,Women's Apparel,$35.00 ,102,"$3,570 ","$1,285 ",36%,Outlet
,Foot Locker,1128299,4/24/21,Southeast,Virginia,Richmond,Men's Street Footwear,$38.00 ,147,"$5,586 ","$2,067 ",37%,Outlet
,Foot Locker,1128299,4/24/21,Southeast,Virginia,Richmond,Men's Athletic Footwear,$44.00 ,85,"$3,740 ","$1,533 ",41%,Outlet
,Foot Locker,1128299,4/24/21,Southeast,Virginia,Richmond,Women's Street Footwear,$41.00 ,114,"$4,674 ","$1,729 ",37%,Outlet
,Foot Locker,1128299,4/24/21,Southeast,Virginia,Richmond,Women's Athletic Footwear,$32.00 ,68,"$2,176 ",$914 ,42%,Outlet
,Foot Locker,1128299,4/24/21,Southeast,Virginia,Richmond,Men's Apparel,$40.00 ,40,"$1,600 ",$672 ,42%,Outlet
,Foot Locker,1128299,4/24/21,Southeast,Virginia,Richmond,Women's Apparel,$47.00 ,90,"$4,230 ","$1,523 ",36%,Outlet
,Foot Locker,1128299,5/25/21,Southeast,Virginia,Richmond,Men's Street Footwear,$39.00 ,175,"$6,825 ","$2,730 ",40%,Outlet
,Foot Locker,1128299,5/25/21,Southeast,Virginia,Richmond,Men's Athletic Footwear,$40.00 ,105,"$4,200 ","$1,722 ",41%,Outlet
,Foot Locker,1128299,5/25/21,Southeast,Virginia,Richmond,Women's Street Footwear,$37.00 ,109,"$4,033 ","$1,492 ",37%,Outlet
,Foot Locker,1128299,5/25/21,Southeast,Virginia,Richmond,Women's Athletic Footwear,$33.00 ,85,"$2,805 ","$1,066 ",38%,Outlet
,Foot Locker,1128299,5/25/21,Southeast,Virginia,Richmond,Men's Apparel,$34.00 ,54,"$1,836 ",$789 ,43%,Outlet
,Foot Locker,1128299,5/25/21,Southeast,Virginia,Richmond,Women's Apparel,$44.00 ,168,"$7,392 ","$2,587 ",35%,Outlet
,Foot Locker,1128299,6/24/21,Southeast,Virginia,Richmond,Men's Street Footwear,$37.00 ,233,"$8,621 ","$3,190 ",37%,Outlet
,Foot Locker,1128299,6/24/21,Southeast,Virginia,Richmond,Men's Athletic Footwear,$45.00 ,221,"$9,945 ","$4,077 ",41%,Outlet
,Foot Locker,1128299,6/24/21,Southeast,Virginia,Richmond,Women's Street Footwear,$58.00 ,208,"$12,064 ","$4,464 ",37%,Outlet
,Foot Locker,1128299,6/24/21,Southeast,Virginia,Richmond,Women's Athletic Footwear,$61.00 ,184,"$11,224 ","$4,602 ",41%,Outlet
,Foot Locker,1128299,6/24/21,Southeast,Virginia,Richmond,Men's Apparel,$68.00 ,128,"$8,704 ","$4,004 ",46%,Outlet
,Foot Locker,1128299,6/24/21,Southeast,Virginia,Richmond,Women's Apparel,$82.00 ,231,"$18,942 ","$7,009 ",37%,Outlet
,Foot Locker,1128299,7/23/21,Southeast,Virginia,Richmond,Men's Street Footwear,$60.00 ,272,"$16,320 ","$6,038 ",37%,Outlet
,Foot Locker,1128299,7/23/21,Southeast,Virginia,Richmond,Men's Athletic Footwear,$60.00 ,224,"$13,440 ","$5,107 ",38%,Outlet
,Foot Locker,1128299,7/23/21,Southeast,Virginia,Richmond,Women's Street Footwear,$62.00 ,208,"$12,896 ","$4,900 ",38%,Outlet
,Foot Locker,1128299,7/23/21,Southeast,Virginia,Richmond,Women's Athletic Footwear,$65.00 ,187,"$12,155 ","$5,105 ",42%,Outlet
,Foot Locker,1128299,7/23/21,Southeast,Virginia,Richmond,Men's Apparel,$72.00 ,210,"$15,120 ","$6,502 ",43%,Outlet
,Foot Locker,1128299,7/23/21,Southeast,Virginia,Richmond,Women's Apparel,$82.00 ,186,"$15,252 ","$5,033 ",33%,Outlet
,Foot Locker,1128299,8/24/21,Southeast,Virginia,Richmond,Men's Street Footwear,$67.00 ,272,"$18,224 ","$7,290 ",40%,Outlet
,Foot Locker,1128299,8/24/21,Southeast,Virginia,Richmond,Men's Athletic Footwear,$53.00 ,240,"$12,720 ","$5,342 ",42%,Outlet
,Foot Locker,1128299,8/24/21,Southeast,Virginia,Richmond,Women's Street Footwear,$53.00 ,215,"$11,395 ","$4,216 ",37%,Outlet
,Foot Locker,1128299,8/24/21,Southeast,Virginia,Richmond,Women's Athletic Footwear,$52.00 ,136,"$7,072 ","$2,758 ",39%,Outlet
,Foot Locker,1128299,8/24/21,Southeast,Virginia,Richmond,Men's Apparel,$51.00 ,132,"$6,732 ","$3,029 ",45%,Outlet
,Foot Locker,1128299,8/24/21,Southeast,Virginia,Richmond,Women's Apparel,$55.00 ,80,"$4,400 ","$1,496 ",34%,Outlet
,Foot Locker,1128299,9/25/21,Southeast,Virginia,Richmond,Men's Street Footwear,$35.00 ,149,"$5,215 ","$2,190 ",42%,Outlet
,Foot Locker,1128299,9/25/21,Southeast,Virginia,Richmond,Men's Athletic Footwear,$43.00 ,153,"$6,579 ","$2,566 ",39%,Outlet
,Foot Locker,1128299,9/25/21,Southeast,Virginia,Richmond,Women's Street Footwear,$34.00 ,78,"$2,652 ","$1,061 ",40%,Outlet
,Foot Locker,1128299,9/25/21,Southeast,Virginia,Richmond,Women's Athletic Footwear,$37.00 ,70,"$2,590 ","$1,036 ",40%,Outlet
,Foot Locker,1128299,9/25/21,Southeast,Virginia,Richmond,Men's Apparel,$39.00 ,74,"$2,886 ","$1,356 ",47%,Outlet
,Foot Locker,1128299,9/25/21,Southeast,Virginia,Richmond,Women's Apparel,$33.00 ,83,"$2,739 ",$986 ,36%,Outlet
,Foot Locker,1128299,10/24/21,Southeast,Virginia,Richmond,Men's Street Footwear,$28.00 ,119,"$3,332 ","$1,333 ",40%,Outlet
,Foot Locker,1128299,10/24/21,Southeast,Virginia,Richmond,Men's Athletic Footwear,$39.00 ,173,"$6,747 ","$2,564 ",38%,Outlet
,Foot Locker,1128299,10/24/21,Southeast,Virginia,Richmond,Women's Street Footwear,$39.00 ,119,"$4,641 ","$1,949 ",42%,Outlet
,Foot Locker,1128299,10/24/21,Southeast,Virginia,Richmond,Women's Athletic Footwear,$31.00 ,101,"$3,131 ","$1,158 ",37%,Outlet
,Foot Locker,1128299,10/24/21,Southeast,Virginia,Richmond,Men's Apparel,$42.00 ,105,"$4,410 ","$2,073 ",47%,Outlet
,Foot Locker,1128299,10/24/21,Southeast,Virginia,Richmond,Women's Apparel,$40.00 ,109,"$4,360 ","$1,395 ",32%,Outlet
,Foot Locker,1128299,11/24/21,Southeast,Virginia,Richmond,Men's Street Footwear,$34.00 ,173,"$5,882 ","$2,470 ",42%,Outlet
,Foot Locker,1128299,11/24/21,Southeast,Virginia,Richmond,Men's Athletic Footwear,$34.00 ,221,"$7,514 ","$2,780 ",37%,Outlet
,Foot Locker,1128299,11/24/21,Southeast,Virginia,Richmond,Women's Street Footwear,$33.00 ,143,"$4,719 ","$1,840 ",39%,Outlet
,Foot Locker,1128299,11/24/21,Southeast,Virginia,Richmond,Women's Athletic Footwear,$36.00 ,144,"$5,184 ","$2,022 ",39%,Outlet
,Foot Locker,1128299,11/24/21,Southeast,Virginia,Richmond,Men's Apparel,$56.00 ,136,"$7,616 ","$3,351 ",44%,Outlet
,Foot Locker,1128299,11/24/21,Southeast,Virginia,Richmond,Women's Apparel,$60.00 ,176,"$10,560 ","$3,485 ",33%,Outlet
,Foot Locker,1128299,12/23/21,Southeast,Virginia,Richmond,Men's Street Footwear,$49.00 ,248,"$12,152 ","$4,861 ",40%,Outlet
,Foot Locker,1128299,12/23/21,Southeast,Virginia,Richmond,Men's Athletic Footwear,$54.00 ,225,"$12,150 ","$4,982 ",41%,Outlet
,Sports Direct,1128299,12/23/21,Southeast,Virginia,Richmond,Women's Street Footwear,$53.00 ,165,"$8,745 ","$3,498 ",40%,Outlet
,Sports Direct,1128299,12/23/21,Southeast,Virginia,Richmond,Women's Athletic Footwear,$51.00 ,176,"$8,976 ","$3,501 ",39%,Outlet
,Sports Direct,1128299,12/23/21,Southeast,Virginia,Richmond,Men's Apparel,$59.00 ,157,"$9,263 ","$3,890 ",42%,Outlet
,Sports Direct,1128299,12/23/21,Southeast,Virginia,Richmond,Women's Apparel,$65.00 ,190,"$12,350 ","$4,323 ",35%,Outlet
,Sports Direct,1185732,1/19/21,Southeast,Virginia,Richmond,Men's Street Footwear,$23.00 ,233,"$5,359 ","$2,787 ",52%,Outlet
,Sports Direct,1185732,1/19/21,Southeast,Virginia,Richmond,Men's Athletic Footwear,$28.00 ,187,"$5,236 ","$2,461 ",47%,Outlet
,Sports Direct,1185732,1/19/21,Southeast,Virginia,Richmond,Women's Street Footwear,$18.00 ,176,"$3,168 ","$1,014 ",32%,Outlet
,Sports Direct,1185732,1/19/21,Southeast,Virginia,Richmond,Women's Athletic Footwear,$21.00 ,136,"$2,856 ","$1,200 ",42%,Outlet
,Sports Direct,1185732,1/19/21,Southeast,Virginia,Richmond,Men's Apparel,$30.00 ,140,"$4,200 ","$1,890 ",45%,Outlet
,Sports Direct,1185732,1/19/21,Southeast,Virginia,Richmond,Women's Apparel,$25.00 ,193,"$4,825 ","$2,799 ",58%,Outlet
,Sports Direct,1185732,2/17/21,Southeast,Virginia,Richmond,Men's Street Footwear,$26.00 ,256,"$6,656 ","$3,661 ",55%,Outlet
,Sports Direct,1185732,2/17/21,Southeast,Virginia,Richmond,Men's Athletic Footwear,$27.00 ,153,"$4,131 ","$1,859 ",45%,Outlet
,Sports Direct,1185732,2/17/21,Southeast,Virginia,Richmond,Women's Street Footwear,$17.00 ,170,"$2,890 ","$1,040 ",36%,Outlet
,West Gear,1185732,2/11/21,West,Utah,Salt Lake City,Women's Athletic Footwear,$16.00 ,93,"$1,488 ",$625 ,42%,Outlet
,West Gear,1185732,2/11/21,West,Utah,Salt Lake City,Men's Apparel,$28.00 ,120,"$3,360 ","$1,411 ",42%,Outlet
,West Gear,1185732,2/11/21,West,Utah,Salt Lake City,Women's Apparel,$18.00 ,149,"$2,682 ","$1,475 ",55%,Outlet
,West Gear,1185732,3/10/21,West,Utah,Salt Lake City,Men's Street Footwear,$20.00 ,228,"$4,560 ","$1,961 ",43%,Outlet
,West Gear,1185732,3/10/21,West,Utah,Salt Lake City,Men's Athletic Footwear,$22.00 ,105,"$2,310 ",$924 ,40%,Outlet
,West Gear,1185732,3/10/21,West,Utah,Salt Lake City,Women's Street Footwear,$16.00 ,140,"$2,240 ",$874 ,39%,Outlet
,West Gear,1185732,3/10/21,West,Utah,Salt Lake City,Women's Athletic Footwear,$20.00 ,75,"$1,500 ",$630 ,42%,Outlet
,West Gear,1185732,3/10/21,West,Utah,Salt Lake City,Men's Apparel,$28.00 ,90,"$2,520 ","$1,008 ",40%,Outlet
,West Gear,1185732,3/10/21,West,Utah,Salt Lake City,Women's Apparel,$21.00 ,140,"$2,940 ","$1,676 ",57%,Outlet
,West Gear,1185732,4/11/21,West,Utah,Salt Lake City,Men's Street Footwear,$20.00 ,194,"$3,880 ","$1,785 ",46%,Outlet
,West Gear,1185732,4/11/21,West,Utah,Salt Lake City,Men's Athletic Footwear,$20.00 ,111,"$2,220 ",$821 ,37%,Outlet
,West Gear,1185732,4/11/21,West,Utah,Salt Lake City,Women's Street Footwear,$10.00 ,107,"$1,070 ",$439 ,41%,Outlet
,West Gear,1185732,4/11/21,West,Utah,Salt Lake City,Women's Athletic Footwear,$14.00 ,75,"$1,050 ",$473 ,45%,Outlet
,West Gear,1185732,4/11/21,West,Utah,Salt Lake City,Men's Apparel,$24.00 ,88,"$2,112 ",$824 ,39%,Outlet
,West Gear,1185732,4/11/21,West,Utah,Salt Lake City,Women's Apparel,$20.00 ,136,"$2,720 ","$1,414 ",52%,Outlet
,West Gear,1185732,5/12/21,West,Utah,Salt Lake City,Men's Street Footwear,$27.00 ,228,"$6,156 ","$2,647 ",43%,Outlet
,West Gear,1185732,5/12/21,West,Utah,Salt Lake City,Men's Athletic Footwear,$22.00 ,128,"$2,816 ","$1,183 ",42%,Outlet
,West Gear,1185732,5/12/21,West,Utah,Salt Lake City,Women's Street Footwear,$19.00 ,109,"$2,071 ",$787 ,38%,Outlet
,West Gear,1185732,5/12/21,West,Utah,Salt Lake City,Women's Athletic Footwear,$19.00 ,94,"$1,786 ",$768 ,43%,Outlet
,West Gear,1185732,5/12/21,West,Utah,Salt Lake City,Men's Apparel,$29.00 ,90,"$2,610 ","$1,096 ",42%,Outlet
,West Gear,1185732,5/12/21,West,Utah,Salt Lake City,Women's Apparel,$32.00 ,128,"$4,096 ","$2,335 ",57%,Outlet
,West Gear,1185732,6/11/21,West,Utah,Salt Lake City,Men's Street Footwear,$21.00 ,208,"$4,368 ","$1,878 ",43%,Outlet
,West Gear,1185732,6/11/21,West,Utah,Salt Lake City,Men's Athletic Footwear,$18.00 ,132,"$2,376 ",$950 ,40%,Outlet
,West Gear,1185732,6/11/21,West,Utah,Salt Lake City,Women's Street Footwear,$13.00 ,128,"$1,664 ",$616 ,37%,Outlet
,West Gear,1185732,6/11/21,West,Utah,Salt Lake City,Women's Athletic Footwear,$13.00 ,132,"$1,716 ",$738 ,43%,Outlet
,West Gear,1185732,6/11/21,West,Utah,Salt Lake City,Men's Apparel,$24.00 ,132,"$3,168 ","$1,172 ",37%,Outlet
,West Gear,1185732,6/11/21,West,Utah,Salt Lake City,Women's Apparel,$32.00 ,190,"$6,080 ","$3,283 ",54%,Outlet
,West Gear,1185732,7/10/21,West,Utah,Salt Lake City,Men's Street Footwear,$28.00 ,248,"$6,944 ","$2,986 ",43%,Outlet
,West Gear,1185732,7/10/21,West,Utah,Salt Lake City,Men's Athletic Footwear,$20.00 ,182,"$3,640 ","$1,420 ",39%,Outlet
,West Gear,1185732,7/10/21,West,Utah,Salt Lake City,Women's Street Footwear,$19.00 ,157,"$2,983 ","$1,163 ",39%,Outlet
,West Gear,1185732,7/10/21,West,Utah,Salt Lake City,Women's Athletic Footwear,$16.00 ,128,"$2,048 ",$963 ,47%,Outlet
,West Gear,1185732,7/10/21,West,Utah,Salt Lake City,Men's Apparel,$28.00 ,140,"$3,920 ","$1,490 ",38%,Outlet
,West Gear,1185732,7/10/21,West,Utah,Salt Lake City,Women's Apparel,$32.00 ,204,"$6,528 ","$3,590 ",55%,Outlet
,West Gear,1185732,8/11/21,West,Utah,Salt Lake City,Men's Street Footwear,$27.00 ,248,"$6,696 ","$3,147 ",47%,Outlet
,West Gear,1185732,8/11/21,West,Utah,Salt Lake City,Men's Athletic Footwear,$28.00 ,179,"$5,012 ","$2,105 ",42%,Outlet
,West Gear,1185732,8/11/21,West,Utah,Salt Lake City,Women's Street Footwear,$23.00 ,158,"$3,634 ","$1,490 ",41%,Outlet
,West Gear,1185732,8/11/21,West,Utah,Salt Lake City,Women's Athletic Footwear,$14.00 ,124,"$1,736 ",$816 ,47%,Outlet
,West Gear,1185732,8/11/21,West,Utah,Salt Lake City,Men's Apparel,$23.00 ,109,"$2,507 ",$978 ,39%,Outlet
,West Gear,1185732,8/11/21,West,Utah,Salt Lake City,Women's Apparel,$27.00 ,184,"$4,968 ","$2,832 ",57%,Outlet
,West Gear,1185732,9/12/21,West,Utah,Salt Lake City,Men's Street Footwear,$23.00 ,228,"$5,244 ","$2,360 ",45%,Outlet
,West Gear,1185732,9/12/21,West,Utah,Salt Lake City,Men's Athletic Footwear,$19.00 ,158,"$3,002 ","$1,141 ",38%,Outlet
,West Gear,1185732,9/12/21,West,Utah,Salt Lake City,Women's Street Footwear,$7.00 ,105,$735 ,$309 ,42%,Outlet
,West Gear,1185732,9/12/21,West,Utah,Salt Lake City,Women's Athletic Footwear,$7.00 ,111,$777 ,$357 ,46%,Outlet
,West Gear,1185732,9/12/21,West,Utah,Salt Lake City,Men's Apparel,$16.00 ,114,"$1,824 ",$748 ,41%,Outlet
,West Gear,1185732,9/12/21,West,Utah,Salt Lake City,Women's Apparel,$18.00 ,132,"$2,376 ","$1,354 ",57%,Outlet
,West Gear,1185732,10/11/21,West,Utah,Salt Lake City,Men's Street Footwear,$24.00 ,201,"$4,824 ","$2,267 ",47%,Outlet
,West Gear,1185732,10/11/21,West,Utah,Salt Lake City,Men's Athletic Footwear,$14.00 ,132,"$1,848 ",$739 ,40%,Outlet
,West Gear,1185732,10/11/21,West,Utah,Salt Lake City,Women's Street Footwear,$13.00 ,90,"$1,170 ",$480 ,41%,Outlet
,West Gear,1185732,10/11/21,West,Utah,Salt Lake City,Women's Athletic Footwear,$13.00 ,94,"$1,222 ",$562 ,46%,Outlet
,West Gear,1185732,10/11/21,West,Utah,Salt Lake City,Men's Apparel,$20.00 ,85,"$1,700 ",$663 ,39%,Outlet
,West Gear,1185732,10/11/21,West,Utah,Salt Lake City,Women's Apparel,$25.00 ,140,"$3,500 ","$1,890 ",54%,Outlet
,West Gear,1185732,11/11/21,West,Utah,Salt Lake City,Men's Street Footwear,$22.00 ,165,"$3,630 ","$1,561 ",43%,Outlet
,West Gear,1185732,11/11/21,West,Utah,Salt Lake City,Men's Athletic Footwear,$14.00 ,136,"$1,904 ",$743 ,39%,Outlet
,West Gear,1185732,11/11/21,West,Utah,Salt Lake City,Women's Street Footwear,$14.00 ,107,"$1,498 ",$629 ,42%,Outlet
,West Gear,1185732,11/11/21,West,Utah,Salt Lake City,Women's Athletic Footwear,$15.00 ,124,"$1,860 ",$781 ,42%,Outlet
,West Gear,1185732,11/11/21,West,Utah,Salt Lake City,Men's Apparel,$28.00 ,123,"$3,444 ","$1,309 ",38%,Outlet
,West Gear,1185732,11/11/21,West,Utah,Salt Lake City,Women's Apparel,$35.00 ,158,"$5,530 ","$3,042 ",55%,Outlet
,West Gear,1185732,12/10/21,West,Utah,Salt Lake City,Men's Street Footwear,$29.00 ,231,"$6,699 ","$3,082 ",46%,Outlet
,West Gear,1185732,12/10/21,West,Utah,Salt Lake City,Men's Athletic Footwear,$22.00 ,170,"$3,740 ","$1,571 ",42%,Outlet
,West Gear,1185732,12/10/21,West,Utah,Salt Lake City,Women's Street Footwear,$20.00 ,153,"$3,060 ","$1,132 ",37%,Outlet
,West Gear,1185732,12/10/21,West,Utah,Salt Lake City,Women's Athletic Footwear,$22.00 ,136,"$2,992 ","$1,257 ",42%,Outlet
,West Gear,1185732,12/10/21,West,Utah,Salt Lake City,Men's Apparel,$27.00 ,124,"$3,348 ","$1,373 ",41%,Outlet
,West Gear,1185732,12/10/21,West,Utah,Salt Lake City,Women's Apparel,$29.00 ,170,"$4,930 ","$2,564 ",52%,Outlet
,West Gear,1128299,1/24/21,West,Utah,Salt Lake City,Men's Street Footwear,$24.00 ,109,"$2,616 ",$968 ,37%,Outlet
,West Gear,1128299,1/24/21,West,Utah,Salt Lake City,Men's Athletic Footwear,$29.00 ,123,"$3,567 ","$1,427 ",40%,Outlet
,West Gear,1128299,1/24/21,West,Utah,Salt Lake City,Women's Street Footwear,$31.00 ,105,"$3,255 ","$1,269 ",39%,Outlet
,West Gear,1128299,1/24/21,West,Utah,Salt Lake City,Women's Athletic Footwear,$30.00 ,68,"$2,040 ",$775 ,38%,Outlet
,West Gear,1128299,1/24/21,West,Utah,Salt Lake City,Men's Apparel,$35.00 ,53,"$1,855 ",$853 ,46%,Outlet
,West Gear,1128299,1/24/21,West,Utah,Salt Lake City,Women's Apparel,$28.00 ,132,"$3,696 ","$1,257 ",34%,Outlet
,West Gear,1128299,2/24/21,West,Utah,Salt Lake City,Men's Street Footwear,$22.00 ,153,"$3,366 ","$1,380 ",41%,Outlet
,West Gear,1128299,2/24/21,West,Utah,Salt Lake City,Men's Athletic Footwear,$29.00 ,123,"$3,567 ","$1,498 ",42%,Outlet
,West Gear,1128299,2/24/21,West,Utah,Salt Lake City,Women's Street Footwear,$28.00 ,123,"$3,444 ","$1,274 ",37%,Outlet
,West Gear,1128299,2/24/21,West,Oregon,Portland,Women's Athletic Footwear,$29.00 ,64,"$1,856 ",$761 ,41%,Outlet
,West Gear,1128299,2/24/21,West,Oregon,Portland,Men's Apparel,$32.00 ,43,"$1,376 ",$605 ,44%,Outlet
,West Gear,1128299,2/24/21,West,Oregon,Portland,Women's Apparel,$28.00 ,98,"$2,744 ",$960 ,35%,Outlet
,West Gear,1128299,3/23/21,West,Oregon,Portland,Men's Street Footwear,$28.00 ,143,"$4,004 ","$1,602 ",40%,Outlet
,West Gear,1128299,3/23/21,West,Oregon,Portland,Men's Athletic Footwear,$40.00 ,98,"$3,920 ","$1,607 ",41%,Outlet
,West Gear,1128299,3/23/21,West,Oregon,Portland,Women's Street Footwear,$41.00 ,112,"$4,592 ","$1,745 ",38%,Outlet
,West Gear,1128299,3/23/21,West,Oregon,Portland,Women's Athletic Footwear,$39.00 ,75,"$2,925 ","$1,082 ",37%,Outlet
,West Gear,1128299,3/23/21,West,Oregon,Portland,Men's Apparel,$43.00 ,30,"$1,290 ",$568 ,44%,Outlet
,West Gear,1128299,3/23/21,West,Oregon,Portland,Women's Apparel,$40.00 ,90,"$3,600 ","$1,260 ",35%,Outlet
,West Gear,1128299,4/24/21,West,Oregon,Portland,Men's Street Footwear,$44.00 ,166,"$7,304 ","$2,849 ",39%,Outlet
,West Gear,1128299,4/24/21,West,Oregon,Portland,Men's Athletic Footwear,$39.00 ,88,"$3,432 ","$1,407 ",41%,Outlet
,West Gear,1128299,4/24/21,West,Oregon,Portland,Women's Street Footwear,$47.00 ,114,"$5,358 ","$2,197 ",41%,Outlet
,West Gear,1128299,4/24/21,West,Oregon,Portland,Women's Athletic Footwear,$34.00 ,70,"$2,380 ",$881 ,37%,Outlet
,West Gear,1128299,4/24/21,West,Oregon,Portland,Men's Apparel,$36.00 ,39,"$1,404 ",$590 ,42%,Outlet
,West Gear,1128299,4/24/21,West,Oregon,Portland,Women's Apparel,$49.00 ,90,"$4,410 ","$1,499 ",34%,Outlet
,West Gear,1128299,5/25/21,West,Oregon,Portland,Men's Street Footwear,$39.00 ,155,"$6,045 ","$2,539 ",42%,Outlet
,West Gear,1128299,5/25/21,West,Oregon,Portland,Men's Athletic Footwear,$36.00 ,109,"$3,924 ","$1,570 ",40%,Outlet
,West Gear,1128299,5/25/21,West,Oregon,Portland,Women's Street Footwear,$39.00 ,119,"$4,641 ","$1,810 ",39%,Outlet
,West Gear,1128299,5/25/21,West,Oregon,Portland,Women's Athletic Footwear,$33.00 ,94,"$3,102 ","$1,210 ",39%,Outlet
,West Gear,1128299,5/25/21,West,Oregon,Portland,Men's Apparel,$33.00 ,58,"$1,914 ",$842 ,44%,Outlet
,West Gear,1128299,5/25/21,West,Oregon,Portland,Women's Apparel,$46.00 ,173,"$7,958 ","$2,865 ",36%,Outlet
,West Gear,1128299,6/24/21,West,Oregon,Portland,Men's Street Footwear,$43.00 ,240,"$10,320 ","$3,922 ",38%,Outlet
,West Gear,1128299,6/24/21,West,Oregon,Portland,Men's Athletic Footwear,$47.00 ,202,"$9,494 ","$3,893 ",41%,Outlet
,West Gear,1128299,6/24/21,West,Oregon,Portland,Women's Street Footwear,$53.00 ,208,"$11,024 ","$4,299 ",39%,Outlet
,West Gear,1128299,6/24/21,West,Oregon,Portland,Women's Athletic Footwear,$62.00 ,179,"$11,098 ","$4,550 ",41%,Outlet
,West Gear,1128299,6/24/21,West,Oregon,Portland,Men's Apparel,$67.00 ,140,"$9,380 ","$4,315 ",46%,Outlet
,West Gear,1128299,6/24/21,West,Oregon,Portland,Women's Apparel,$74.00 ,231,"$17,094 ","$5,641 ",33%,Outlet
,West Gear,1128299,7/23/21,West,Oregon,Portland,Men's Street Footwear,$60.00 ,298,"$17,880 ","$7,510 ",42%,Outlet
,West Gear,1128299,7/23/21,West,Oregon,Portland,Men's Athletic Footwear,$66.00 ,217,"$14,322 ","$5,872 ",41%,Outlet
,West Gear,1128299,7/23/21,West,Oregon,Portland,Women's Street Footwear,$66.00 ,221,"$14,586 ","$6,126 ",42%,Outlet
,West Gear,1128299,7/23/21,West,Oregon,Portland,Women's Athletic Footwear,$61.00 ,171,"$10,431 ","$4,277 ",41%,Outlet
,West Gear,1128299,7/23/21,West,Oregon,Portland,Men's Apparel,$68.00 ,198,"$13,464 ","$6,193 ",46%,Outlet
,West Gear,1128299,7/23/21,West,Oregon,Portland,Women's Apparel,$78.00 ,204,"$15,912 ","$5,569 ",35%,Outlet
,West Gear,1128299,8/24/21,West,Oregon,Portland,Men's Street Footwear,$69.00 ,256,"$17,664 ","$6,536 ",37%,Outlet
,West Gear,1128299,8/24/21,West,Oregon,Portland,Men's Athletic Footwear,$62.00 ,256,"$15,872 ","$6,666 ",42%,Outlet
,West Gear,1128299,8/24/21,West,Oregon,Portland,Women's Street Footwear,$50.00 ,215,"$10,750 ","$4,300 ",40%,Outlet
,West Gear,1128299,8/24/21,West,Oregon,Portland,Women's Athletic Footwear,$50.00 ,128,"$6,400 ","$2,432 ",38%,Outlet
,West Gear,1128299,8/24/21,West,Oregon,Portland,Men's Apparel,$53.00 ,136,"$7,208 ","$3,027 ",42%,Outlet
,West Gear,1128299,8/24/21,West,Oregon,Portland,Women's Apparel,$53.00 ,88,"$4,664 ","$1,726 ",37%,Outlet
,West Gear,1128299,9/25/21,West,Oregon,Portland,Men's Street Footwear,$34.00 ,149,"$5,066 ","$1,874 ",37%,Outlet
,West Gear,1128299,9/25/21,West,Oregon,Portland,Men's Athletic Footwear,$43.00 ,158,"$6,794 ","$2,582 ",38%,Outlet
,West Gear,1128299,9/25/21,West,Oregon,Portland,Women's Street Footwear,$39.00 ,83,"$3,237 ","$1,360 ",42%,Outlet
,West Gear,1128299,9/25/21,West,Oregon,Portland,Women's Athletic Footwear,$38.00 ,62,"$2,356 ",$990 ,42%,Outlet
,West Gear,1128299,9/25/21,West,Oregon,Portland,Men's Apparel,$48.00 ,77,"$3,696 ","$1,552 ",42%,Outlet
,West Gear,1128299,9/25/21,West,Oregon,Portland,Women's Apparel,$36.00 ,85,"$3,060 ",$979 ,32%,Outlet
,West Gear,1128299,10/24/21,West,Oregon,Portland,Men's Street Footwear,$29.00 ,119,"$3,451 ","$1,346 ",39%,Outlet
,West Gear,1128299,10/24/21,West,Oregon,Portland,Men's Athletic Footwear,$37.00 ,179,"$6,623 ","$2,517 ",38%,Outlet
,West Gear,1128299,10/24/21,West,Oregon,Portland,Women's Street Footwear,$37.00 ,109,"$4,033 ","$1,492 ",37%,Outlet
,West Gear,1128299,10/24/21,West,Oregon,Portland,Women's Athletic Footwear,$34.00 ,114,"$3,876 ","$1,512 ",39%,Outlet
,West Gear,1128299,10/24/21,West,Oregon,Portland,Men's Apparel,$40.00 ,93,"$3,720 ","$1,674 ",45%,Outlet
,West Gear,1128299,10/24/21,West,Oregon,Portland,Women's Apparel,$41.00 ,123,"$5,043 ","$1,866 ",37%,Outlet
,West Gear,1128299,11/24/21,West,Oregon,Portland,Men's Street Footwear,$34.00 ,190,"$6,460 ","$2,390 ",37%,Outlet
,West Gear,1128299,11/24/21,West,Oregon,Portland,Men's Athletic Footwear,$37.00 ,202,"$7,474 ","$2,915 ",39%,Outlet
,West Gear,1128299,11/24/21,West,Oregon,Portland,Women's Street Footwear,$32.00 ,152,"$4,864 ","$2,043 ",42%,Outlet
,West Gear,1128299,11/24/21,West,Oregon,Portland,Women's Athletic Footwear,$39.00 ,149,"$5,811 ","$2,383 ",41%,Outlet
,West Gear,1128299,11/24/21,West,Oregon,Portland,Men's Apparel,$50.00 ,145,"$7,250 ","$3,335 ",46%,Outlet
,West Gear,1128299,11/24/21,West,Oregon,Portland,Women's Apparel,$53.00 ,165,"$8,745 ","$3,236 ",37%,Outlet
,West Gear,1128299,12/23/21,West,Oregon,Portland,Men's Street Footwear,$51.00 ,225,"$11,475 ","$4,820 ",42%,Outlet
,West Gear,1128299,12/23/21,West,Oregon,Portland,Men's Athletic Footwear,$56.00 ,233,"$13,048 ","$5,219 ",40%,Outlet
,West Gear,1128299,12/23/21,West,Oregon,Portland,Women's Street Footwear,$48.00 ,193,"$9,264 ","$3,798 ",41%,Outlet
,West Gear,1128299,12/23/21,West,Oregon,Portland,Women's Athletic Footwear,$53.00 ,165,"$8,745 ","$3,411 ",39%,Outlet
,West Gear,1128299,12/23/21,West,Oregon,Portland,Men's Apparel,$54.00 ,157,"$8,478 ","$3,985 ",47%,Outlet
,West Gear,1128299,12/23/21,West,Oregon,Portland,Women's Apparel,$55.00 ,201,"$11,055 ","$3,759 ",34%,Outlet
,West Gear,1128299,1/17/21,West,Oregon,Portland,Men's Street Footwear,$28.00 ,120,"$3,360 ","$1,411 ",42%,Outlet
,West Gear,1128299,1/17/21,West,Oregon,Portland,Men's Athletic Footwear,$31.00 ,124,"$3,844 ","$1,691 ",44%,Outlet
,West Gear,1128299,1/17/21,West,Oregon,Portland,Women's Street Footwear,$33.00 ,128,"$4,224 ","$1,816 ",43%,Outlet
,West Gear,1128299,1/17/21,West,Oregon,Portland,Women's Athletic Footwear,$34.00 ,78,"$2,652 ","$1,220 ",46%,Outlet
,West Gear,1128299,1/17/21,West,Oregon,Portland,Men's Apparel,$33.00 ,68,"$2,244 ","$1,144 ",51%,Outlet
,West Gear,1128299,1/17/21,West,Oregon,Portland,Women's Apparel,$34.00 ,140,"$4,760 ","$1,904 ",40%,Outlet
,West Gear,1128299,2/17/21,West,Oregon,Portland,Men's Street Footwear,$24.00 ,175,"$4,200 ","$1,890 ",45%,Outlet
,West Gear,1128299,2/17/21,West,Oregon,Portland,Men's Athletic Footwear,$31.00 ,124,"$3,844 ","$1,653 ",43%,Outlet
,West Gear,1128299,2/17/21,West,Oregon,Portland,Women's Street Footwear,$34.00 ,132,"$4,488 ","$1,930 ",43%,Outlet
,West Gear,1128299,2/17/21,South,Louisiana,New Orleans,Women's Athletic Footwear,$33.00 ,75,"$2,475 ","$1,163 ",47%,Outlet
,West Gear,1128299,2/17/21,South,Louisiana,New Orleans,Men's Apparel,$33.00 ,53,"$1,749 ",$822 ,47%,Outlet
,West Gear,1128299,2/17/21,South,Louisiana,New Orleans,Women's Apparel,$32.00 ,131,"$4,192 ","$1,551 ",37%,Outlet
,West Gear,1128299,3/16/21,South,Louisiana,New Orleans,Men's Street Footwear,$29.00 ,179,"$5,191 ","$2,388 ",46%,Outlet
,West Gear,1128299,3/16/21,South,Louisiana,New Orleans,Men's Athletic Footwear,$38.00 ,120,"$4,560 ","$2,006 ",44%,Outlet
,West Gear,1128299,3/16/21,South,Louisiana,New Orleans,Women's Street Footwear,$39.00 ,120,"$4,680 ","$2,106 ",45%,Outlet
,West Gear,1128299,3/16/21,South,Louisiana,New Orleans,Women's Athletic Footwear,$43.00 ,96,"$4,128 ","$1,775 ",43%,Outlet
,West Gear,1128299,3/16/21,South,Louisiana,New Orleans,Men's Apparel,$40.00 ,50,"$2,000 ","$1,020 ",51%,Outlet
,West Gear,1128299,3/16/21,South,Louisiana,New Orleans,Women's Apparel,$29.00 ,109,"$3,161 ","$1,170 ",37%,Outlet
,West Gear,1128299,4/17/21,South,Louisiana,New Orleans,Men's Street Footwear,$38.00 ,168,"$6,384 ","$3,000 ",47%,Outlet
,West Gear,1128299,4/17/21,South,Louisiana,New Orleans,Men's Athletic Footwear,$36.00 ,107,"$3,852 ","$1,772 ",46%,Outlet
,West Gear,1128299,4/17/21,South,Louisiana,New Orleans,Women's Street Footwear,$40.00 ,120,"$4,800 ","$2,016 ",42%,Outlet
,West Gear,1128299,4/17/21,South,Louisiana,New Orleans,Women's Athletic Footwear,$27.00 ,91,"$2,457 ","$1,106 ",45%,Outlet
,West Gear,1128299,4/17/21,South,Louisiana,New Orleans,Men's Apparel,$34.00 ,56,"$1,904 ",$971 ,51%,Outlet
,West Gear,1128299,4/17/21,South,Louisiana,New Orleans,Women's Apparel,$39.00 ,123,"$4,797 ","$1,775 ",37%,Outlet
,West Gear,1128299,5/18/21,South,Louisiana,New Orleans,Men's Street Footwear,$32.00 ,176,"$5,632 ","$2,422 ",43%,Outlet
,West Gear,1128299,5/18/21,South,Louisiana,New Orleans,Men's Athletic Footwear,$40.00 ,128,"$5,120 ","$2,253 ",44%,Outlet
,West Gear,1128299,5/18/21,South,Louisiana,New Orleans,Women's Street Footwear,$37.00 ,136,"$5,032 ","$2,113 ",42%,Outlet
,West Gear,1128299,5/18/21,South,Louisiana,New Orleans,Women's Athletic Footwear,$33.00 ,101,"$3,333 ","$1,433 ",43%,Outlet
,West Gear,1128299,5/18/21,South,Louisiana,New Orleans,Men's Apparel,$32.00 ,77,"$2,464 ","$1,183 ",48%,Outlet
,West Gear,1128299,5/18/21,South,Louisiana,New Orleans,Women's Apparel,$46.00 ,178,"$8,188 ","$3,275 ",40%,Outlet
,West Gear,1128299,6/17/21,South,Louisiana,New Orleans,Men's Street Footwear,$47.00 ,256,"$12,032 ","$5,655 ",47%,Outlet
,West Gear,1128299,6/17/21,South,Louisiana,New Orleans,Men's Athletic Footwear,$55.00 ,224,"$12,320 ","$5,544 ",45%,Outlet
,West Gear,1128299,6/17/21,South,Louisiana,New Orleans,Women's Street Footwear,$55.00 ,210,"$11,550 ","$5,082 ",44%,Outlet
,West Gear,1128299,6/17/21,South,Louisiana,New Orleans,Women's Athletic Footwear,$59.00 ,184,"$10,856 ","$5,102 ",47%,Outlet
,West Gear,1128299,6/17/21,South,Louisiana,New Orleans,Men's Apparel,$70.00 ,153,"$10,710 ","$5,034 ",47%,Outlet
,West Gear,1128299,6/17/21,South,Louisiana,New Orleans,Women's Apparel,$80.00 ,248,"$19,840 ","$8,134 ",41%,Outlet
,West Gear,1128299,7/16/21,South,Louisiana,New Orleans,Men's Street Footwear,$62.00 ,306,"$18,972 ","$8,158 ",43%,Outlet
,West Gear,1128299,7/16/21,South,Louisiana,New Orleans,Men's Athletic Footwear,$67.00 ,248,"$16,616 ","$7,643 ",46%,Outlet
,West Gear,1128299,7/16/21,South,Louisiana,New Orleans,Women's Street Footwear,$69.00 ,210,"$14,490 ","$6,810 ",47%,Outlet
,West Gear,1128299,7/16/21,South,Louisiana,New Orleans,Women's Athletic Footwear,$62.00 ,198,"$12,276 ","$5,524 ",45%,Outlet
,West Gear,1128299,7/16/21,South,Louisiana,New Orleans,Men's Apparel,$73.00 ,221,"$16,133 ","$7,905 ",49%,Outlet
,West Gear,1128299,7/16/21,South,Louisiana,New Orleans,Women's Apparel,$81.00 ,208,"$16,848 ","$6,908 ",41%,Outlet
,West Gear,1128299,8/17/21,South,Louisiana,New Orleans,Men's Street Footwear,$73.00 ,255,"$18,615 ","$8,749 ",47%,Outlet
,West Gear,1128299,8/17/21,South,Louisiana,New Orleans,Men's Athletic Footwear,$57.00 ,256,"$14,592 ","$6,420 ",44%,Outlet
,West Gear,1128299,8/17/21,South,Louisiana,New Orleans,Women's Street Footwear,$50.00 ,217,"$10,850 ","$4,557 ",42%,Outlet
,West Gear,1128299,8/17/21,South,Louisiana,New Orleans,Women's Athletic Footwear,$55.00 ,143,"$7,865 ","$3,697 ",47%,Outlet
,West Gear,1128299,8/17/21,South,Louisiana,New Orleans,Men's Apparel,$47.00 ,152,"$7,144 ","$3,501 ",49%,Outlet
,West Gear,1128299,8/17/21,South,Louisiana,New Orleans,Women's Apparel,$46.00 ,102,"$4,692 ","$1,783 ",38%,Outlet
,West Gear,1128299,9/18/21,South,Louisiana,New Orleans,Men's Street Footwear,$33.00 ,175,"$5,775 ","$2,426 ",42%,Outlet
,West Gear,1128299,9/18/21,South,Louisiana,New Orleans,Men's Athletic Footwear,$40.00 ,175,"$7,000 ","$3,010 ",43%,Outlet
,West Gear,1128299,9/18/21,South,Louisiana,New Orleans,Women's Street Footwear,$30.00 ,96,"$2,880 ","$1,325 ",46%,Outlet
,West Gear,1128299,9/18/21,South,Louisiana,New Orleans,Women's Athletic Footwear,$34.00 ,80,"$2,720 ","$1,142 ",42%,Outlet
,West Gear,1128299,9/18/21,South,Louisiana,New Orleans,Men's Apparel,$41.00 ,83,"$3,403 ","$1,633 ",48%,Outlet
,West Gear,1128299,9/18/21,South,Louisiana,New Orleans,Women's Apparel,$30.00 ,90,"$2,700 ","$1,080 ",40%,Outlet
,West Gear,1128299,10/17/21,South,Louisiana,New Orleans,Men's Street Footwear,$25.00 ,124,"$3,100 ","$1,333 ",43%,Outlet
,West Gear,1128299,10/17/21,South,Louisiana,New Orleans,Men's Athletic Footwear,$34.00 ,184,"$6,256 ","$2,815 ",45%,Outlet
,West Gear,1128299,10/17/21,South,Louisiana,New Orleans,Women's Street Footwear,$33.00 ,128,"$4,224 ","$1,901 ",45%,Outlet
,West Gear,1128299,10/17/21,South,Louisiana,New Orleans,Women's Athletic Footwear,$31.00 ,120,"$3,720 ","$1,600 ",43%,Outlet
,West Gear,1128299,10/17/21,South,Louisiana,New Orleans,Men's Apparel,$39.00 ,112,"$4,368 ","$2,097 ",48%,Outlet
,West Gear,1128299,10/17/21,South,Louisiana,New Orleans,Women's Apparel,$44.00 ,140,"$6,160 ","$2,464 ",40%,Outlet
,West Gear,1128299,11/17/21,South,Louisiana,New Orleans,Men's Street Footwear,$28.00 ,219,"$6,132 ","$2,882 ",47%,Outlet
,West Gear,1128299,11/17/21,South,Louisiana,New Orleans,Men's Athletic Footwear,$35.00 ,224,"$7,840 ","$3,685 ",47%,Outlet
,West Gear,1128299,11/17/21,South,Louisiana,New Orleans,Women's Street Footwear,$30.00 ,158,"$4,740 ","$2,180 ",46%,Outlet
,West Gear,1128299,11/17/21,South,Louisiana,New Orleans,Women's Athletic Footwear,$40.00 ,155,"$6,200 ","$2,852 ",46%,Outlet
,West Gear,1128299,11/17/21,South,Louisiana,New Orleans,Men's Apparel,$53.00 ,147,"$7,791 ","$3,662 ",47%,Outlet
,West Gear,1128299,11/17/21,South,Louisiana,New Orleans,Women's Apparel,$64.00 ,180,"$11,520 ","$4,723 ",41%,Outlet
,West Gear,1128299,12/16/21,South,Louisiana,New Orleans,Men's Street Footwear,$46.00 ,272,"$12,512 ","$5,756 ",46%,Outlet
,West Gear,1128299,12/16/21,South,Louisiana,New Orleans,Men's Athletic Footwear,$52.00 ,248,"$12,896 ","$5,674 ",44%,Outlet
,Foot Locker,1128299,12/16/21,South,Louisiana,New Orleans,Women's Street Footwear,$53.00 ,192,"$10,176 ","$4,376 ",43%,Outlet
,Foot Locker,1128299,12/16/21,South,Louisiana,New Orleans,Women's Athletic Footwear,$53.00 ,192,"$10,176 ","$4,783 ",47%,Outlet
,Foot Locker,1128299,12/16/21,South,Louisiana,New Orleans,Men's Apparel,$55.00 ,168,"$9,240 ","$4,435 ",48%,Outlet
,Foot Locker,1128299,12/16/21,South,Louisiana,New Orleans,Women's Apparel,$59.00 ,194,"$11,446 ","$4,578 ",40%,Outlet
,Foot Locker,1197831,1/5/21,South,Louisiana,New Orleans,Men's Street Footwear,$14.00 ,223,"$3,122 ","$1,061 ",34%,Outlet
,Foot Locker,1197831,1/5/21,South,Louisiana,New Orleans,Men's Athletic Footwear,$20.00 ,209,"$4,180 ","$1,505 ",36%,Outlet
,Foot Locker,1197831,1/5/21,South,Louisiana,New Orleans,Women's Street Footwear,$21.00 ,162,"$3,402 ","$1,259 ",37%,Outlet
,Foot Locker,1197831,1/5/21,South,Louisiana,New Orleans,Women's Athletic Footwear,$26.00 ,166,"$4,316 ","$1,813 ",42%,Outlet
,Foot Locker,1197831,1/5/21,South,Louisiana,New Orleans,Men's Apparel,$28.00 ,111,"$3,108 ",$870 ,28%,Outlet
,West Gear,1197831,1/5/21,South,Louisiana,New Orleans,Women's Apparel,$23.00 ,147,"$3,381 ","$1,691 ",50%,Outlet
,Foot Locker,1197831,2/4/21,South,Louisiana,New Orleans,Men's Street Footwear,$18.00 ,200,"$3,600 ","$1,152 ",32%,Outlet
,Foot Locker,1197831,2/4/21,South,Louisiana,New Orleans,Men's Athletic Footwear,$28.00 ,180,"$5,040 ","$1,663 ",33%,Outlet
,Foot Locker,1197831,2/4/21,South,Louisiana,New Orleans,Women's Street Footwear,$28.00 ,128,"$3,584 ","$1,254 ",35%,Outlet
,Foot Locker,1197831,2/4/21,West,Idaho,Boise,Women's Athletic Footwear,$27.00 ,116,"$3,132 ","$1,315 ",42%,Outlet
,Foot Locker,1197831,2/4/21,West,Idaho,Boise,Men's Apparel,$31.00 ,88,"$2,728 ",$818 ,30%,Outlet
,Foot Locker,1197831,2/4/21,West,Idaho,Boise,Women's Apparel,$26.00 ,135,"$3,510 ","$1,825 ",52%,Outlet
,Foot Locker,1197831,3/6/21,West,Idaho,Boise,Men's Street Footwear,$21.00 ,200,"$4,200 ","$1,554 ",37%,Outlet
,Foot Locker,1197831,3/6/21,West,Idaho,Boise,Men's Athletic Footwear,$27.00 ,188,"$5,076 ","$1,980 ",39%,Outlet
,Foot Locker,1197831,3/6/21,West,Idaho,Boise,Women's Street Footwear,$20.00 ,135,"$2,700 ","$1,026 ",38%,Outlet
,Foot Locker,1197831,3/6/21,West,Idaho,Boise,Women's Athletic Footwear,$26.00 ,112,"$2,912 ","$1,369 ",47%,Outlet
,West Gear,1197831,3/6/21,West,Idaho,Boise,Men's Apparel,$32.00 ,88,"$2,816 ",$986 ,35%,Outlet
,West Gear,1197831,3/6/21,West,Idaho,Boise,Women's Apparel,$25.00 ,124,"$3,100 ","$1,643 ",53%,Outlet
,West Gear,1197831,4/5/21,West,Idaho,Boise,Men's Street Footwear,$15.00 ,215,"$3,225 ","$1,355 ",42%,Outlet
,West Gear,1197831,4/5/21,West,Idaho,Boise,Men's Athletic Footwear,$21.00 ,215,"$4,515 ","$1,761 ",39%,Outlet
,West Gear,1197831,4/5/21,West,Idaho,Boise,Women's Street Footwear,$19.00 ,162,"$3,078 ","$1,139 ",37%,Outlet
,West Gear,1197831,4/5/21,West,Idaho,Boise,Women's Athletic Footwear,$20.00 ,116,"$2,320 ","$1,137 ",49%,Outlet
,West Gear,1197831,4/5/21,West,Idaho,Boise,Men's Apparel,$27.00 ,91,"$2,457 ",$786 ,32%,Outlet
,West Gear,1197831,4/5/21,West,Idaho,Boise,Women's Apparel,$23.00 ,176,"$4,048 ","$2,307 ",57%,Outlet
,West Gear,1197831,5/5/21,West,Idaho,Boise,Men's Street Footwear,$14.00 ,210,"$2,940 ","$1,235 ",42%,Outlet
,West Gear,1197831,5/5/21,West,Idaho,Boise,Men's Athletic Footwear,$22.00 ,247,"$5,434 ","$2,228 ",41%,Outlet
,West Gear,1197831,5/5/21,West,Idaho,Boise,Women's Street Footwear,$18.00 ,184,"$3,312 ","$1,292 ",39%,Outlet
,West Gear,1197831,5/5/21,West,Idaho,Boise,Women's Athletic Footwear,$24.00 ,155,"$3,720 ","$1,860 ",50%,Outlet
,West Gear,1197831,5/5/21,West,Idaho,Boise,Men's Apparel,$34.00 ,120,"$4,080 ","$1,428 ",35%,Outlet
,West Gear,1197831,5/5/21,West,Idaho,Boise,Women's Apparel,$33.00 ,240,"$7,920 ","$4,356 ",55%,Outlet
,West Gear,1197831,6/4/21,West,Idaho,Boise,Men's Street Footwear,$31.00 ,233,"$7,223 ","$2,745 ",38%,Outlet
,West Gear,1197831,6/4/21,West,Idaho,Boise,Men's Athletic Footwear,$35.00 ,263,"$9,205 ","$3,774 ",41%,Outlet
,West Gear,1197831,6/4/21,West,Idaho,Boise,Women's Street Footwear,$34.00 ,186,"$6,324 ","$2,593 ",41%,Outlet
,West Gear,1197831,6/4/21,West,Idaho,Boise,Women's Athletic Footwear,$33.00 ,187,"$6,171 ","$3,024 ",49%,Outlet
,West Gear,1197831,6/4/21,West,Idaho,Boise,Men's Apparel,$43.00 ,158,"$6,794 ","$2,310 ",34%,Outlet
,West Gear,1197831,6/4/21,West,Idaho,Boise,Women's Apparel,$39.00 ,248,"$9,672 ","$5,320 ",55%,Outlet
,West Gear,1197831,7/6/21,West,Idaho,Boise,Men's Street Footwear,$35.00 ,264,"$9,240 ","$4,250 ",46%,Outlet
,West Gear,1197831,7/6/21,West,Idaho,Boise,Men's Athletic Footwear,$40.00 ,271,"$10,840 ","$4,661 ",43%,Outlet
,West Gear,1197831,7/6/21,West,Idaho,Boise,Women's Street Footwear,$34.00 ,278,"$9,452 ","$3,970 ",42%,Outlet
,West Gear,1197831,7/6/21,West,Idaho,Boise,Women's Athletic Footwear,$38.00 ,158,"$6,004 ","$3,182 ",53%,Outlet
,West Gear,1197831,7/6/21,West,Idaho,Boise,Men's Apparel,$43.00 ,173,"$7,439 ","$2,976 ",40%,Outlet
,Foot Locker,1197831,7/6/21,West,Idaho,Boise,Women's Apparel,$51.00 ,264,"$13,464 ","$7,944 ",59%,Outlet
,Foot Locker,1197831,8/8/21,West,Idaho,Boise,Men's Street Footwear,$38.00 ,233,"$8,854 ","$3,719 ",42%,Outlet
,Foot Locker,1197831,8/8/21,West,Idaho,Boise,Men's Athletic Footwear,$37.00 ,255,"$9,435 ","$4,057 ",43%,Outlet
,Foot Locker,1197831,8/8/21,West,Idaho,Boise,Women's Street Footwear,$39.00 ,305,"$11,895 ","$5,115 ",43%,Outlet
,Foot Locker,1197831,8/8/21,West,Idaho,Boise,Women's Athletic Footwear,$33.00 ,162,"$5,346 ","$2,940 ",55%,Outlet
,Sports Direct,1197831,8/8/21,West,Idaho,Boise,Men's Apparel,$39.00 ,166,"$6,474 ","$2,719 ",42%,Outlet
,Sports Direct,1197831,8/8/21,West,Idaho,Boise,Women's Apparel,$44.00 ,239,"$10,516 ","$6,415 ",61%,Outlet
,Sports Direct,1197831,9/5/21,West,Idaho,Boise,Men's Street Footwear,$41.00 ,230,"$9,430 ","$4,338 ",46%,Outlet
,Sports Direct,1197831,9/5/21,West,Idaho,Boise,Men's Athletic Footwear,$38.00 ,219,"$8,322 ","$3,578 ",43%,Outlet
,Sports Direct,1197831,9/5/21,West,Idaho,Boise,Women's Street Footwear,$43.00 ,203,"$8,729 ","$3,928 ",45%,Outlet
,Sports Direct,1197831,9/5/21,West,Idaho,Boise,Women's Athletic Footwear,$40.00 ,136,"$5,440 ","$2,992 ",55%,Outlet
,Sports Direct,1197831,9/5/21,West,Idaho,Boise,Men's Apparel,$42.00 ,140,"$5,880 ","$2,411 ",41%,Outlet
,Sports Direct,1197831,9/5/21,West,Idaho,Boise,Women's Apparel,$36.00 ,200,"$7,200 ","$4,176 ",58%,Outlet
,Sports Direct,1197831,10/4/21,West,Idaho,Boise,Men's Street Footwear,$30.00 ,201,"$6,030 ","$2,774 ",46%,Outlet
,Sports Direct,1197831,10/4/21,West,Idaho,Boise,Men's Athletic Footwear,$27.00 ,190,"$5,130 ","$2,206 ",43%,Outlet
,Sports Direct,1197831,10/4/21,West,Idaho,Boise,Women's Street Footwear,$31.00 ,179,"$5,549 ","$2,331 ",42%,Outlet
,Sports Direct,1197831,10/4/21,West,Idaho,Boise,Women's Athletic Footwear,$35.00 ,116,"$4,060 ","$2,152 ",53%,Outlet
,Sports Direct,1197831,10/4/21,West,Idaho,Boise,Men's Apparel,$25.00 ,123,"$3,075 ","$1,199 ",39%,Outlet
,Sports Direct,1197831,10/4/21,West,Idaho,Boise,Women's Apparel,$34.00 ,179,"$6,086 ","$3,591 ",59%,Outlet
,Sports Direct,1197831,11/5/21,West,Idaho,Boise,Men's Street Footwear,$27.00 ,203,"$5,481 ","$2,521 ",46%,Outlet
,Sports Direct,1197831,11/5/21,West,Idaho,Boise,Men's Athletic Footwear,$28.00 ,223,"$6,244 ","$2,685 ",43%,Outlet
,Sports Direct,1197831,11/5/21,West,Idaho,Boise,Women's Street Footwear,$42.00 ,210,"$8,820 ","$3,704 ",42%,Outlet
,Sports Direct,1197831,11/5/21,West,Idaho,Boise,Women's Athletic Footwear,$43.00 ,158,"$6,794 ","$3,533 ",52%,Outlet
,Sports Direct,1197831,11/5/21,West,Idaho,Boise,Men's Apparel,$41.00 ,149,"$6,109 ","$2,321 ",38%,Outlet
,Sports Direct,1197831,11/5/21,West,Idaho,Boise,Women's Apparel,$51.00 ,194,"$9,894 ","$5,837 ",59%,Outlet
,Foot Locker,1197831,12/4/21,West,Idaho,Boise,Men's Street Footwear,$40.00 ,240,"$9,600 ","$4,320 ",45%,Outlet
,Foot Locker,1197831,12/4/21,West,Idaho,Boise,Men's Athletic Footwear,$41.00 ,240,"$9,840 ","$4,526 ",46%,Outlet
,Foot Locker,1197831,12/4/21,West,Idaho,Boise,Women's Street Footwear,$47.00 ,223,"$10,481 ","$4,612 ",44%,Outlet
,Foot Locker,1197831,12/4/21,West,Idaho,Boise,Women's Athletic Footwear,$44.00 ,184,"$8,096 ","$4,210 ",52%,Outlet
,Foot Locker,1197831,12/4/21,West,Idaho,Boise,Men's Apparel,$43.00 ,147,"$6,321 ","$2,592 ",41%,Outlet
,Foot Locker,1197831,12/4/21,West,Idaho,Boise,Women's Apparel,$47.00 ,232,"$10,904 ","$6,651 ",61%,Outlet
,Foot Locker,1128299,1/23/21,West,Idaho,Boise,Men's Street Footwear,$23.00 ,136,"$3,128 ","$1,251 ",40%,Outlet
,Foot Locker,1128299,1/23/21,West,Idaho,Boise,Men's Athletic Footwear,$30.00 ,140,"$4,200 ","$1,806 ",43%,Outlet
,Foot Locker,1128299,1/23/21,West,Idaho,Boise,Women's Street Footwear,$31.00 ,145,"$4,495 ","$1,753 ",39%,Outlet
,Foot Locker,1128299,1/23/21,West,Idaho,Boise,Women's Athletic Footwear,$30.00 ,88,"$2,640 ",$977 ,37%,Outlet
,Foot Locker,1128299,1/23/21,West,Idaho,Boise,Men's Apparel,$35.00 ,68,"$2,380 ",$809 ,34%,Outlet
,Foot Locker,1128299,1/23/21,West,Idaho,Boise,Women's Apparel,$27.00 ,140,"$3,780 ","$1,021 ",27%,Outlet
,Foot Locker,1128299,2/23/21,West,Idaho,Boise,Men's Street Footwear,$21.00 ,162,"$3,402 ","$1,259 ",37%,Outlet
,Foot Locker,1128299,2/23/21,West,Idaho,Boise,Men's Athletic Footwear,$28.00 ,128,"$3,584 ","$1,541 ",43%,Outlet
,Foot Locker,1128299,2/23/21,West,Idaho,Boise,Women's Street Footwear,$28.00 ,124,"$3,472 ","$1,458 ",42%,Outlet
,Foot Locker,1128299,2/23/21,West,Arizona,Phoenix,Women's Athletic Footwear,$26.00 ,68,"$1,768 ",$743 ,42%,Outlet
,Foot Locker,1128299,2/23/21,West,Arizona,Phoenix,Men's Apparel,$36.00 ,51,"$1,836 ",$679 ,37%,Outlet
,Foot Locker,1128299,2/23/21,West,Arizona,Phoenix,Women's Apparel,$31.00 ,116,"$3,596 ",$971 ,27%,Outlet
,Foot Locker,1128299,3/22/21,West,Arizona,Phoenix,Men's Street Footwear,$29.00 ,160,"$4,640 ","$1,856 ",40%,Outlet
,Foot Locker,1128299,3/22/21,West,Arizona,Phoenix,Men's Athletic Footwear,$38.00 ,116,"$4,408 ","$1,940 ",44%,Outlet
,Foot Locker,1128299,3/22/21,West,Arizona,Phoenix,Women's Street Footwear,$37.00 ,119,"$4,403 ","$1,805 ",41%,Outlet
,Foot Locker,1128299,3/22/21,West,Arizona,Phoenix,Women's Athletic Footwear,$38.00 ,68,"$2,584 ",$956 ,37%,Outlet
,Foot Locker,1128299,3/22/21,West,Arizona,Phoenix,Men's Apparel,$41.00 ,39,"$1,599 ",$512 ,32%,Outlet
,Foot Locker,1128299,3/22/21,West,Arizona,Phoenix,Women's Apparel,$37.00 ,107,"$3,959 ","$1,069 ",27%,Outlet
,Foot Locker,1128299,4/23/21,West,Arizona,Phoenix,Men's Street Footwear,$40.00 ,175,"$7,000 ","$2,660 ",38%,Outlet
,Foot Locker,1128299,4/23/21,West,Arizona,Phoenix,Men's Athletic Footwear,$37.00 ,90,"$3,330 ","$1,465 ",44%,Outlet
,Foot Locker,1128299,4/23/21,West,Arizona,Phoenix,Women's Street Footwear,$42.00 ,123,"$5,166 ","$1,911 ",37%,Outlet
,Foot Locker,1128299,4/23/21,West,Arizona,Phoenix,Women's Athletic Footwear,$40.00 ,78,"$3,120 ","$1,248 ",40%,Outlet
,Foot Locker,1128299,4/23/21,West,Arizona,Phoenix,Men's Apparel,$43.00 ,47,"$2,021 ",$687 ,34%,Outlet
,Foot Locker,1128299,4/23/21,West,Arizona,Phoenix,Women's Apparel,$49.00 ,111,"$5,439 ","$1,632 ",30%,Outlet
,Foot Locker,1128299,5/24/21,West,Arizona,Phoenix,Men's Street Footwear,$38.00 ,184,"$6,992 ","$2,657 ",38%,Outlet
,Foot Locker,1128299,5/24/21,West,Arizona,Phoenix,Men's Athletic Footwear,$36.00 ,116,"$4,176 ","$1,754 ",42%,Outlet
,Foot Locker,1128299,5/24/21,West,Arizona,Phoenix,Women's Street Footwear,$41.00 ,132,"$5,412 ","$2,057 ",38%,Outlet
,Foot Locker,1128299,5/24/21,West,Arizona,Phoenix,Women's Athletic Footwear,$39.00 ,93,"$3,627 ","$1,342 ",37%,Outlet
,Foot Locker,1128299,5/24/21,West,Arizona,Phoenix,Men's Apparel,$39.00 ,62,"$2,418 ",$798 ,33%,Outlet
,Foot Locker,1128299,5/24/21,West,Arizona,Phoenix,Women's Apparel,$53.00 ,124,"$6,572 ","$1,906 ",29%,Outlet
,Foot Locker,1128299,6/23/21,West,Arizona,Phoenix,Men's Street Footwear,$37.00 ,194,"$7,178 ","$2,799 ",39%,Outlet
,Foot Locker,1128299,6/23/21,West,Arizona,Phoenix,Men's Athletic Footwear,$36.00 ,143,"$5,148 ","$2,162 ",42%,Outlet
,Foot Locker,1128299,6/23/21,West,Arizona,Phoenix,Women's Street Footwear,$41.00 ,147,"$6,027 ","$2,290 ",38%,Outlet
,Foot Locker,1128299,6/23/21,West,Arizona,Phoenix,Women's Athletic Footwear,$38.00 ,105,"$3,990 ","$1,596 ",40%,Outlet
,Foot Locker,1128299,6/23/21,West,Arizona,Phoenix,Men's Apparel,$43.00 ,72,"$3,096 ","$1,053 ",34%,Outlet
,Foot Locker,1128299,6/23/21,West,Arizona,Phoenix,Women's Apparel,$46.00 ,158,"$7,268 ","$2,253 ",31%,Outlet
,Foot Locker,1128299,7/22/21,West,Arizona,Phoenix,Men's Street Footwear,$40.00 ,216,"$8,640 ","$3,197 ",37%,Outlet
,Foot Locker,1128299,7/22/21,West,Arizona,Phoenix,Men's Athletic Footwear,$40.00 ,163,"$6,520 ","$2,999 ",46%,Outlet
,Foot Locker,1128299,7/22/21,West,Arizona,Phoenix,Women's Street Footwear,$39.00 ,157,"$6,123 ","$2,388 ",39%,Outlet
,Foot Locker,1128299,7/22/21,West,Arizona,Phoenix,Women's Athletic Footwear,$36.00 ,113,"$4,068 ","$1,546 ",38%,Outlet
,Foot Locker,1128299,7/22/21,West,Arizona,Phoenix,Men's Apparel,$40.00 ,145,"$5,800 ","$2,146 ",37%,Outlet
,Foot Locker,1128299,7/22/21,West,Arizona,Phoenix,Women's Apparel,$46.00 ,145,"$6,670 ","$2,001 ",30%,Outlet
,Foot Locker,1128299,8/23/21,West,Arizona,Phoenix,Men's Street Footwear,$41.00 ,194,"$7,954 ","$3,182 ",40%,Outlet
,Foot Locker,1128299,8/23/21,West,Arizona,Phoenix,Men's Athletic Footwear,$46.00 ,190,"$8,740 ","$3,671 ",42%,Outlet
,Foot Locker,1128299,8/23/21,West,Arizona,Phoenix,Women's Street Footwear,$37.00 ,153,"$5,661 ","$2,321 ",41%,Outlet
,Foot Locker,1128299,8/23/21,West,Arizona,Phoenix,Women's Athletic Footwear,$43.00 ,120,"$5,160 ","$2,167 ",42%,Outlet
,Foot Locker,1128299,8/23/21,West,Arizona,Phoenix,Men's Apparel,$45.00 ,136,"$6,120 ","$2,264 ",37%,Outlet
,Foot Locker,1128299,8/23/21,West,Arizona,Phoenix,Women's Apparel,$48.00 ,131,"$6,288 ","$1,761 ",28%,Outlet
,Foot Locker,1128299,9/24/21,West,Arizona,Phoenix,Men's Street Footwear,$35.00 ,184,"$6,440 ","$2,705 ",42%,Outlet
,Foot Locker,1128299,9/24/21,West,Arizona,Phoenix,Men's Athletic Footwear,$34.00 ,201,"$6,834 ","$3,212 ",47%,Outlet
,Foot Locker,1128299,9/24/21,West,Arizona,Phoenix,Women's Street Footwear,$34.00 ,145,"$4,930 ","$1,824 ",37%,Outlet
,Foot Locker,1128299,9/24/21,West,Arizona,Phoenix,Women's Athletic Footwear,$33.00 ,124,"$4,092 ","$1,514 ",37%,Outlet
,Foot Locker,1128299,9/24/21,West,Arizona,Phoenix,Men's Apparel,$41.00 ,128,"$5,248 ","$1,732 ",33%,Outlet
,Foot Locker,1128299,9/24/21,West,Arizona,Phoenix,Women's Apparel,$43.00 ,132,"$5,676 ","$1,816 ",32%,Outlet
,Foot Locker,1128299,10/23/21,West,Arizona,Phoenix,Men's Street Footwear,$36.00 ,170,"$6,120 ","$2,570 ",42%,Outlet
,Foot Locker,1128299,10/23/21,West,Arizona,Phoenix,Men's Athletic Footwear,$33.00 ,175,"$5,775 ","$2,426 ",42%,Outlet
,Foot Locker,1128299,10/23/21,West,Arizona,Phoenix,Women's Street Footwear,$31.00 ,111,"$3,441 ","$1,273 ",37%,Outlet
,Foot Locker,1128299,10/23/21,West,Arizona,Phoenix,Women's Athletic Footwear,$32.00 ,102,"$3,264 ","$1,273 ",39%,Outlet
,Foot Locker,1128299,10/23/21,West,Arizona,Phoenix,Men's Apparel,$44.00 ,88,"$3,872 ","$1,433 ",37%,Outlet
,Foot Locker,1128299,10/23/21,West,Arizona,Phoenix,Women's Apparel,$47.00 ,107,"$5,029 ","$1,458 ",29%,Outlet
,Foot Locker,1128299,11/23/21,West,Arizona,Phoenix,Men's Street Footwear,$31.00 ,150,"$4,650 ","$1,767 ",38%,Outlet
,Foot Locker,1128299,11/23/21,West,Arizona,Phoenix,Men's Athletic Footwear,$38.00 ,163,"$6,194 ","$2,911 ",47%,Outlet
,Foot Locker,1128299,11/23/21,West,Arizona,Phoenix,Women's Street Footwear,$33.00 ,124,"$4,092 ","$1,596 ",39%,Outlet
,Foot Locker,1128299,11/23/21,West,Arizona,Phoenix,Women's Athletic Footwear,$33.00 ,116,"$3,828 ","$1,608 ",42%,Outlet
,Foot Locker,1128299,11/23/21,West,Arizona,Phoenix,Men's Apparel,$44.00 ,99,"$4,356 ","$1,568 ",36%,Outlet
,Foot Locker,1128299,11/23/21,West,Arizona,Phoenix,Women's Apparel,$39.00 ,140,"$5,460 ","$1,529 ",28%,Outlet
,Foot Locker,1128299,12/22/21,West,Arizona,Phoenix,Men's Street Footwear,$35.00 ,194,"$6,790 ","$2,716 ",40%,Outlet
,Foot Locker,1128299,12/22/21,West,Arizona,Phoenix,Men's Athletic Footwear,$33.00 ,213,"$7,029 ","$3,233 ",46%,Outlet
,Kohl's,1128299,12/22/21,West,Arizona,Phoenix,Women's Street Footwear,$35.00 ,136,"$4,760 ","$1,952 ",41%,Outlet
,Kohl's,1128299,12/22/21,West,Arizona,Phoenix,Women's Athletic Footwear,$32.00 ,128,"$4,096 ","$1,679 ",41%,Outlet
,Kohl's,1128299,12/22/21,West,Arizona,Phoenix,Men's Apparel,$42.00 ,109,"$4,578 ","$1,557 ",34%,Outlet
,Kohl's,1128299,12/22/21,West,Arizona,Phoenix,Women's Apparel,$43.00 ,135,"$5,805 ","$1,625 ",28%,Outlet
,Kohl's,1128299,1/26/21,West,Arizona,Phoenix,Men's Street Footwear,$27.00 ,152,"$4,104 ","$1,683 ",41%,Outlet
,Kohl's,1128299,1/26/21,West,Arizona,Phoenix,Men's Athletic Footwear,$30.00 ,147,"$4,410 ","$2,073 ",47%,Outlet
,Kohl's,1128299,1/26/21,West,Arizona,Phoenix,Women's Street Footwear,$32.00 ,157,"$5,024 ","$1,959 ",39%,Outlet
,Kohl's,1128299,1/26/21,West,Arizona,Phoenix,Women's Athletic Footwear,$30.00 ,101,"$3,030 ","$1,151 ",38%,Outlet
,Kohl's,1128299,1/26/21,West,Arizona,Phoenix,Men's Apparel,$33.00 ,94,"$3,102 ","$1,148 ",37%,Outlet
,Kohl's,1128299,1/26/21,West,Arizona,Phoenix,Women's Apparel,$36.00 ,166,"$5,976 ","$1,614 ",27%,Outlet
,Kohl's,1128299,2/26/21,West,Arizona,Phoenix,Men's Street Footwear,$27.00 ,173,"$4,671 ","$1,868 ",40%,Outlet
,Kohl's,1128299,2/26/21,West,Arizona,Phoenix,Men's Athletic Footwear,$36.00 ,136,"$4,896 ","$2,301 ",47%,Outlet
,Kohl's,1128299,2/26/21,West,Arizona,Phoenix,Women's Street Footwear,$35.00 ,132,"$4,620 ","$1,848 ",40%,Outlet
,Kohl's,1128299,2/26/21,West,New Mexico,Albuquerque,Women's Athletic Footwear,$29.00 ,91,"$2,639 ",$976 ,37%,Outlet
,Kohl's,1128299,2/26/21,West,New Mexico,Albuquerque,Men's Apparel,$34.00 ,62,"$2,108 ",$675 ,32%,Outlet
,Kohl's,1128299,2/26/21,West,New Mexico,Albuquerque,Women's Apparel,$35.00 ,140,"$4,900 ","$1,372 ",28%,Outlet
,Kohl's,1128299,3/25/21,West,New Mexico,Albuquerque,Men's Street Footwear,$30.00 ,187,"$5,610 ","$2,300 ",41%,Outlet
,Kohl's,1128299,3/25/21,West,New Mexico,Albuquerque,Men's Athletic Footwear,$36.00 ,136,"$4,896 ","$2,203 ",45%,Outlet
,Kohl's,1128299,3/25/21,West,New Mexico,Albuquerque,Women's Street Footwear,$44.00 ,124,"$5,456 ","$2,073 ",38%,Outlet
,Kohl's,1128299,3/25/21,West,New Mexico,Albuquerque,Women's Athletic Footwear,$37.00 ,88,"$3,256 ","$1,270 ",39%,Outlet
,Kohl's,1128299,3/25/21,West,New Mexico,Albuquerque,Men's Apparel,$41.00 ,53,"$2,173 ",$695 ,32%,Outlet
,Kohl's,1128299,3/25/21,West,New Mexico,Albuquerque,Women's Apparel,$44.00 ,131,"$5,764 ","$1,787 ",31%,Outlet
,Kohl's,1128299,4/26/21,West,New Mexico,Albuquerque,Men's Street Footwear,$41.00 ,165,"$6,765 ","$2,841 ",42%,Outlet
,Kohl's,1128299,4/26/21,West,New Mexico,Albuquerque,Men's Athletic Footwear,$43.00 ,109,"$4,687 ","$2,156 ",46%,Outlet
,Kohl's,1128299,4/26/21,West,New Mexico,Albuquerque,Women's Street Footwear,$44.00 ,140,"$6,160 ","$2,587 ",42%,Outlet
,Kohl's,1128299,4/26/21,West,New Mexico,Albuquerque,Women's Athletic Footwear,$37.00 ,96,"$3,552 ","$1,385 ",39%,Outlet
,Kohl's,1128299,4/26/21,West,New Mexico,Albuquerque,Men's Apparel,$46.00 ,60,"$2,760 ",$966 ,35%,Outlet
,Kohl's,1128299,4/26/21,West,New Mexico,Albuquerque,Women's Apparel,$56.00 ,116,"$6,496 ","$1,819 ",28%,Outlet
,Kohl's,1128299,5/27/21,West,New Mexico,Albuquerque,Men's Street Footwear,$43.00 ,184,"$7,912 ","$3,244 ",41%,Outlet
,Kohl's,1128299,5/27/21,West,New Mexico,Albuquerque,Men's Athletic Footwear,$46.00 ,136,"$6,256 ","$2,628 ",42%,Outlet
,Kohl's,1128299,5/27/21,West,New Mexico,Albuquerque,Women's Street Footwear,$46.00 ,135,"$6,210 ","$2,546 ",41%,Outlet
,Kohl's,1128299,5/27/21,West,New Mexico,Albuquerque,Women's Athletic Footwear,$43.00 ,109,"$4,687 ","$1,922 ",41%,Outlet
,Kohl's,1128299,5/27/21,West,New Mexico,Albuquerque,Men's Apparel,$45.00 ,78,"$3,510 ","$1,229 ",35%,Outlet
,Kohl's,1128299,5/27/21,West,New Mexico,Albuquerque,Women's Apparel,$56.00 ,132,"$7,392 ","$2,144 ",29%,Outlet
,Kohl's,1128299,6/26/21,West,New Mexico,Albuquerque,Men's Street Footwear,$37.00 ,224,"$8,288 ","$3,232 ",39%,Outlet
,Kohl's,1128299,6/26/21,West,New Mexico,Albuquerque,Men's Athletic Footwear,$47.00 ,187,"$8,789 ","$3,779 ",43%,Outlet
,Kohl's,1128299,6/26/21,West,New Mexico,Albuquerque,Women's Street Footwear,$41.00 ,193,"$7,913 ","$3,165 ",40%,Outlet
,Kohl's,1128299,6/26/21,West,New Mexico,Albuquerque,Women's Athletic Footwear,$37.00 ,128,"$4,736 ","$1,894 ",40%,Outlet
,Kohl's,1128299,6/26/21,West,New Mexico,Albuquerque,Men's Apparel,$44.00 ,93,"$4,092 ","$1,432 ",35%,Outlet
,Kohl's,1128299,6/26/21,West,New Mexico,Albuquerque,Women's Apparel,$50.00 ,192,"$9,600 ","$2,688 ",28%,Outlet
,Kohl's,1128299,7/25/21,West,New Mexico,Albuquerque,Men's Street Footwear,$41.00 ,248,"$10,168 ","$3,966 ",39%,Outlet
,Kohl's,1128299,7/25/21,West,New Mexico,Albuquerque,Men's Athletic Footwear,$45.00 ,210,"$9,450 ","$4,064 ",43%,Outlet
,Kohl's,1128299,7/25/21,West,New Mexico,Albuquerque,Women's Street Footwear,$39.00 ,171,"$6,669 ","$2,468 ",37%,Outlet
,Kohl's,1128299,7/25/21,West,New Mexico,Albuquerque,Women's Athletic Footwear,$39.00 ,149,"$5,811 ","$2,441 ",42%,Outlet
,Kohl's,1128299,7/25/21,West,New Mexico,Albuquerque,Men's Apparel,$40.00 ,160,"$6,400 ","$2,048 ",32%,Outlet
,Kohl's,1128299,7/25/21,West,New Mexico,Albuquerque,Women's Apparel,$49.00 ,160,"$7,840 ","$2,509 ",32%,Outlet
,Kohl's,1128299,8/26/21,West,New Mexico,Albuquerque,Men's Street Footwear,$40.00 ,224,"$8,960 ","$3,315 ",37%,Outlet
,Kohl's,1128299,8/26/21,West,New Mexico,Albuquerque,Men's Athletic Footwear,$44.00 ,208,"$9,152 ","$4,027 ",44%,Outlet
,Kohl's,1128299,8/26/21,West,New Mexico,Albuquerque,Women's Street Footwear,$46.00 ,163,"$7,498 ","$2,999 ",40%,Outlet
,Kohl's,1128299,8/26/21,West,New Mexico,Albuquerque,Women's Athletic Footwear,$46.00 ,152,"$6,992 ","$2,587 ",37%,Outlet
,Kohl's,1128299,8/26/21,West,New Mexico,Albuquerque,Men's Apparel,$48.00 ,162,"$7,776 ","$2,644 ",34%,Outlet
,Kohl's,1128299,8/26/21,West,New Mexico,Albuquerque,Women's Apparel,$50.00 ,153,"$7,650 ","$2,448 ",32%,Outlet
,Kohl's,1128299,9/27/21,West,New Mexico,Albuquerque,Men's Street Footwear,$37.00 ,206,"$7,622 ","$3,201 ",42%,Outlet
,Kohl's,1128299,9/27/21,West,New Mexico,Albuquerque,Men's Athletic Footwear,$39.00 ,188,"$7,332 ","$3,373 ",46%,Outlet
,Kohl's,1128299,9/27/21,West,New Mexico,Albuquerque,Women's Street Footwear,$39.00 ,147,"$5,733 ","$2,408 ",42%,Outlet
,Kohl's,1128299,9/27/21,West,New Mexico,Albuquerque,Women's Athletic Footwear,$37.00 ,145,"$5,365 ","$2,200 ",41%,Outlet
,Kohl's,1128299,9/27/21,West,New Mexico,Albuquerque,Men's Apparel,$40.00 ,145,"$5,800 ","$2,030 ",35%,Outlet
,Kohl's,1128299,9/27/21,West,New Mexico,Albuquerque,Women's Apparel,$48.00 ,157,"$7,536 ","$2,261 ",30%,Outlet
,Kohl's,1128299,10/26/21,West,New Mexico,Albuquerque,Men's Street Footwear,$35.00 ,171,"$5,985 ","$2,214 ",37%,Outlet
,Kohl's,1128299,10/26/21,West,New Mexico,Albuquerque,Men's Athletic Footwear,$38.00 ,182,"$6,916 ","$2,974 ",43%,Outlet
,Kohl's,1128299,10/26/21,West,New Mexico,Albuquerque,Women's Street Footwear,$34.00 ,120,"$4,080 ","$1,632 ",40%,Outlet
,Kohl's,1128299,10/26/21,West,New Mexico,Albuquerque,Women's Athletic Footwear,$35.00 ,112,"$3,920 ","$1,646 ",42%,Outlet
,Kohl's,1128299,10/26/21,West,New Mexico,Albuquerque,Men's Apparel,$41.00 ,114,"$4,674 ","$1,542 ",33%,Outlet
,Kohl's,1128299,10/26/21,West,New Mexico,Albuquerque,Women's Apparel,$57.00 ,131,"$7,467 ","$2,315 ",31%,Outlet
,Kohl's,1128299,11/26/21,West,New Mexico,Albuquerque,Men's Street Footwear,$47.00 ,176,"$8,272 ","$3,392 ",41%,Outlet
,Kohl's,1128299,11/26/21,West,New Mexico,Albuquerque,Men's Athletic Footwear,$44.00 ,180,"$7,920 ","$3,406 ",43%,Outlet
,Kohl's,1128299,11/26/21,West,New Mexico,Albuquerque,Women's Street Footwear,$46.00 ,149,"$6,854 ","$2,536 ",37%,Outlet
,Kohl's,1128299,11/26/21,West,New Mexico,Albuquerque,Women's Athletic Footwear,$40.00 ,136,"$5,440 ","$2,230 ",41%,Outlet
,Kohl's,1128299,11/26/21,West,New Mexico,Albuquerque,Men's Apparel,$54.00 ,131,"$7,074 ","$2,617 ",37%,Outlet
,Kohl's,1128299,11/26/21,West,New Mexico,Albuquerque,Women's Apparel,$56.00 ,170,"$9,520 ","$2,856 ",30%,Outlet
,Kohl's,1128299,12/25/21,West,New Mexico,Albuquerque,Men's Street Footwear,$44.00 ,238,"$10,472 ","$4,398 ",42%,Outlet
,Kohl's,1128299,12/25/21,West,New Mexico,Albuquerque,Men's Athletic Footwear,$47.00 ,217,"$10,199 ","$4,794 ",47%,Outlet
,Sports Direct,1128299,12/25/21,West,New Mexico,Albuquerque,Women's Street Footwear,$44.00 ,150,"$6,600 ","$2,706 ",41%,Outlet
,Sports Direct,1128299,12/25/21,West,New Mexico,Albuquerque,Women's Athletic Footwear,$45.00 ,160,"$7,200 ","$2,880 ",40%,Outlet
,Sports Direct,1128299,12/25/21,West,New Mexico,Albuquerque,Men's Apparel,$55.00 ,128,"$7,040 ","$2,323 ",33%,Outlet
,Sports Direct,1128299,12/25/21,West,New Mexico,Albuquerque,Women's Apparel,$56.00 ,173,"$9,688 ","$2,616 ",27%,Outlet
,Sports Direct,1128299,1/13/21,West,New Mexico,Albuquerque,Men's Street Footwear,$24.00 ,149,"$3,576 ","$1,645 ",46%,Outlet
,Sports Direct,1128299,1/13/21,West,New Mexico,Albuquerque,Men's Athletic Footwear,$27.00 ,140,"$3,780 ","$1,777 ",47%,Outlet
,Sports Direct,1128299,1/13/21,West,New Mexico,Albuquerque,Women's Street Footwear,$32.00 ,140,"$4,480 ","$1,882 ",42%,Outlet
,Sports Direct,1128299,1/13/21,West,New Mexico,Albuquerque,Women's Athletic Footwear,$28.00 ,99,"$2,772 ","$1,164 ",42%,Outlet
,Sports Direct,1128299,1/13/21,West,New Mexico,Albuquerque,Men's Apparel,$35.00 ,75,"$2,625 ","$1,050 ",40%,Outlet
,Sports Direct,1128299,1/13/21,West,New Mexico,Albuquerque,Women's Apparel,$28.00 ,140,"$3,920 ","$1,254 ",32%,Outlet
,Sports Direct,1128299,2/13/21,West,New Mexico,Albuquerque,Men's Street Footwear,$23.00 ,150,"$3,450 ","$1,484 ",43%,Outlet
,Sports Direct,1128299,2/13/21,West,New Mexico,Albuquerque,Men's Athletic Footwear,$27.00 ,124,"$3,348 ","$1,540 ",46%,Outlet
,Sports Direct,1128299,2/13/21,West,New Mexico,Albuquerque,Women's Street Footwear,$28.00 ,120,"$3,360 ","$1,378 ",41%,Outlet
,Sports Direct,1128299,2/13/21,Southeast,Georgia,Atlanta,Women's Athletic Footwear,$30.00 ,80,"$2,400 ","$1,056 ",44%,Outlet
,Sports Direct,1128299,2/13/21,Southeast,Georgia,Atlanta,Men's Apparel,$34.00 ,60,"$2,040 ",$796 ,39%,Outlet
,Sports Direct,1128299,2/13/21,Southeast,Georgia,Atlanta,Women's Apparel,$28.00 ,131,"$3,668 ","$1,064 ",29%,Outlet
,Sports Direct,1128299,3/12/21,Southeast,Georgia,Atlanta,Men's Street Footwear,$30.00 ,163,"$4,890 ","$2,103 ",43%,Outlet
,Sports Direct,1128299,3/12/21,Southeast,Georgia,Atlanta,Men's Athletic Footwear,$37.00 ,113,"$4,181 ","$1,840 ",44%,Outlet
,Sports Direct,1128299,3/12/21,Southeast,Georgia,Atlanta,Women's Street Footwear,$39.00 ,124,"$4,836 ","$1,838 ",38%,Outlet
,Sports Direct,1128299,3/12/21,Southeast,Georgia,Atlanta,Women's Athletic Footwear,$38.00 ,78,"$2,964 ","$1,334 ",45%,Outlet
,Sports Direct,1128299,3/12/21,Southeast,Georgia,Atlanta,Men's Apparel,$41.00 ,45,"$1,845 ",$756 ,41%,Outlet
,Sports Direct,1128299,3/12/21,Southeast,Georgia,Atlanta,Women's Apparel,$40.00 ,112,"$4,480 ","$1,299 ",29%,Outlet
,Sports Direct,1128299,4/13/21,Southeast,Georgia,Atlanta,Men's Street Footwear,$37.00 ,179,"$6,623 ","$2,848 ",43%,Outlet
,Sports Direct,1128299,4/13/21,Southeast,Georgia,Atlanta,Men's Athletic Footwear,$40.00 ,111,"$4,440 ","$1,865 ",42%,Outlet
,Sports Direct,1128299,4/13/21,Southeast,Georgia,Atlanta,Women's Street Footwear,$36.00 ,113,"$4,068 ","$1,505 ",37%,Outlet
,Sports Direct,1128299,4/13/21,Southeast,Georgia,Atlanta,Women's Athletic Footwear,$40.00 ,96,"$3,840 ","$1,728 ",45%,Outlet
,Sports Direct,1128299,4/13/21,Southeast,Georgia,Atlanta,Men's Apparel,$38.00 ,56,"$2,128 ",$894 ,42%,Outlet
,Sports Direct,1128299,4/13/21,Southeast,Georgia,Atlanta,Women's Apparel,$56.00 ,112,"$6,272 ","$1,756 ",28%,Outlet
,Sports Direct,1128299,5/14/21,Southeast,Georgia,Atlanta,Men's Street Footwear,$37.00 ,187,"$6,919 ","$3,183 ",46%,Outlet
,Sports Direct,1128299,5/14/21,Southeast,Georgia,Atlanta,Men's Athletic Footwear,$36.00 ,136,"$4,896 ","$2,203 ",45%,Outlet
,Sports Direct,1128299,5/14/21,Southeast,Georgia,Atlanta,Women's Street Footwear,$40.00 ,145,"$5,800 ","$2,262 ",39%,Outlet
,Sports Direct,1128299,5/14/21,Southeast,Georgia,Atlanta,Women's Athletic Footwear,$34.00 ,114,"$3,876 ","$1,667 ",43%,Outlet
,Sports Direct,1128299,5/14/21,Southeast,Georgia,Atlanta,Men's Apparel,$39.00 ,74,"$2,886 ","$1,212 ",42%,Outlet
,Sports Direct,1128299,5/14/21,Southeast,Georgia,Atlanta,Women's Apparel,$53.00 ,124,"$6,572 ","$2,037 ",31%,Outlet
,Sports Direct,1128299,6/13/21,Southeast,Georgia,Atlanta,Men's Street Footwear,$35.00 ,203,"$7,105 ","$3,055 ",43%,Outlet
,Sports Direct,1128299,6/13/21,Southeast,Georgia,Atlanta,Men's Athletic Footwear,$41.00 ,163,"$6,683 ","$2,941 ",44%,Outlet
,Sports Direct,1128299,6/13/21,Southeast,Georgia,Atlanta,Women's Street Footwear,$39.00 ,158,"$6,162 ","$2,342 ",38%,Outlet
,Sports Direct,1128299,6/13/21,Southeast,Georgia,Atlanta,Women's Athletic Footwear,$33.00 ,132,"$4,356 ","$1,873 ",43%,Outlet
,Sports Direct,1128299,6/13/21,Southeast,Georgia,Atlanta,Men's Apparel,$42.00 ,94,"$3,948 ","$1,540 ",39%,Outlet
,Sports Direct,1128299,6/13/21,Southeast,Georgia,Atlanta,Women's Apparel,$53.00 ,190,"$10,070 ","$3,222 ",32%,Outlet
,Sports Direct,1128299,7/12/21,Southeast,Georgia,Atlanta,Men's Street Footwear,$37.00 ,218,"$8,066 ","$3,710 ",46%,Outlet
,Sports Direct,1128299,7/12/21,Southeast,Georgia,Atlanta,Men's Athletic Footwear,$37.00 ,173,"$6,401 ","$2,944 ",46%,Outlet
,Sports Direct,1128299,7/12/21,Southeast,Georgia,Atlanta,Women's Street Footwear,$41.00 ,184,"$7,544 ","$3,093 ",41%,Outlet
,Sports Direct,1128299,7/12/21,Southeast,Georgia,Atlanta,Women's Athletic Footwear,$39.00 ,128,"$4,992 ","$2,246 ",45%,Outlet
,Sports Direct,1128299,7/12/21,Southeast,Georgia,Atlanta,Men's Apparel,$39.00 ,162,"$6,318 ","$2,401 ",38%,Outlet
,Sports Direct,1128299,7/12/21,Southeast,Georgia,Atlanta,Women's Apparel,$51.00 ,157,"$8,007 ","$2,322 ",29%,Outlet
,Sports Direct,1128299,8/13/21,Southeast,Georgia,Atlanta,Men's Street Footwear,$39.00 ,209,"$8,151 ","$3,749 ",46%,Outlet
,Sports Direct,1128299,8/13/21,Southeast,Georgia,Atlanta,Men's Athletic Footwear,$44.00 ,200,"$8,800 ","$3,696 ",42%,Outlet
,Sports Direct,1128299,8/13/21,Southeast,Georgia,Atlanta,Women's Street Footwear,$42.00 ,150,"$6,300 ","$2,646 ",42%,Outlet
,Sports Direct,1128299,8/13/21,Southeast,Georgia,Atlanta,Women's Athletic Footwear,$42.00 ,149,"$6,258 ","$2,816 ",45%,Outlet
,Sports Direct,1128299,8/13/21,Southeast,Georgia,Atlanta,Men's Apparel,$51.00 ,140,"$7,140 ","$2,785 ",39%,Outlet
,Sports Direct,1128299,8/13/21,Southeast,Georgia,Atlanta,Women's Apparel,$50.00 ,128,"$6,400 ","$1,856 ",29%,Outlet
,Sports Direct,1128299,9/14/21,Southeast,Georgia,Atlanta,Men's Street Footwear,$31.00 ,204,"$6,324 ","$2,909 ",46%,Outlet
,Sports Direct,1128299,9/14/21,Southeast,Georgia,Atlanta,Men's Athletic Footwear,$38.00 ,198,"$7,524 ","$3,311 ",44%,Outlet
,Sports Direct,1128299,9/14/21,Southeast,Georgia,Atlanta,Women's Street Footwear,$32.00 ,135,"$4,320 ","$1,598 ",37%,Outlet
,Sports Direct,1128299,9/14/21,Southeast,Georgia,Atlanta,Women's Athletic Footwear,$35.00 ,120,"$4,200 ","$1,932 ",46%,Outlet
,Sports Direct,1128299,9/14/21,Southeast,Georgia,Atlanta,Men's Apparel,$36.00 ,132,"$4,752 ","$1,758 ",37%,Outlet
,Sports Direct,1128299,9/14/21,Southeast,Georgia,Atlanta,Women's Apparel,$46.00 ,135,"$6,210 ","$1,863 ",30%,Outlet
,Sports Direct,1128299,10/13/21,Southeast,Georgia,Atlanta,Men's Street Footwear,$34.00 ,173,"$5,882 ","$2,706 ",46%,Outlet
,Sports Direct,1128299,10/13/21,Southeast,Georgia,Atlanta,Men's Athletic Footwear,$34.00 ,173,"$5,882 ","$2,470 ",42%,Outlet
,Sports Direct,1128299,10/13/21,Southeast,Georgia,Atlanta,Women's Street Footwear,$32.00 ,123,"$3,936 ","$1,496 ",38%,Outlet
,Sports Direct,1128299,10/13/21,Southeast,Georgia,Atlanta,Women's Athletic Footwear,$32.00 ,114,"$3,648 ","$1,605 ",44%,Outlet
,Sports Direct,1128299,10/13/21,Southeast,Georgia,Atlanta,Men's Apparel,$41.00 ,102,"$4,182 ","$1,673 ",40%,Outlet
,Sports Direct,1128299,10/13/21,Southeast,Georgia,Atlanta,Women's Apparel,$46.00 ,109,"$5,014 ","$1,554 ",31%,Outlet
,Sports Direct,1128299,11/13/21,Southeast,Georgia,Atlanta,Men's Street Footwear,$36.00 ,173,"$6,228 ","$2,616 ",42%,Outlet
,Sports Direct,1128299,11/13/21,Southeast,Georgia,Atlanta,Men's Athletic Footwear,$40.00 ,184,"$7,360 ","$3,238 ",44%,Outlet
,Sports Direct,1128299,11/13/21,Southeast,Georgia,Atlanta,Women's Street Footwear,$39.00 ,145,"$5,655 ","$2,262 ",40%,Outlet
,Sports Direct,1128299,11/13/21,Southeast,Georgia,Atlanta,Women's Athletic Footwear,$37.00 ,140,"$5,180 ","$2,383 ",46%,Outlet
,Sports Direct,1128299,11/13/21,Southeast,Georgia,Atlanta,Men's Apparel,$47.00 ,119,"$5,593 ","$2,125 ",38%,Outlet
,Sports Direct,1128299,11/13/21,Southeast,Georgia,Atlanta,Women's Apparel,$46.00 ,157,"$7,222 ","$2,094 ",29%,Outlet
,Sports Direct,1128299,12/12/21,Southeast,Georgia,Atlanta,Men's Street Footwear,$42.00 ,209,"$8,778 ","$4,126 ",47%,Outlet
,Sports Direct,1128299,12/12/21,Southeast,Georgia,Atlanta,Men's Athletic Footwear,$39.00 ,223,"$8,697 ","$4,088 ",47%,Outlet
,Foot Locker,1128299,12/12/21,Southeast,Georgia,Atlanta,Women's Street Footwear,$36.00 ,147,"$5,292 ","$2,223 ",42%,Outlet
,Foot Locker,1128299,12/12/21,Southeast,Georgia,Atlanta,Women's Athletic Footwear,$40.00 ,143,"$5,720 ","$2,460 ",43%,Outlet
,Foot Locker,1128299,12/12/21,Southeast,Georgia,Atlanta,Men's Apparel,$44.00 ,120,"$5,280 ","$2,006 ",38%,Outlet
,Foot Locker,1128299,12/12/21,Southeast,Georgia,Atlanta,Women's Apparel,$47.00 ,160,"$7,520 ","$2,256 ",30%,Outlet
,Foot Locker,1185732,1/9/21,Southeast,Georgia,Atlanta,Men's Street Footwear,$26.00 ,349,"$9,074 ","$4,265 ",47%,Outlet
,Foot Locker,1185732,1/9/21,Southeast,Georgia,Atlanta,Men's Athletic Footwear,$30.00 ,256,"$7,680 ","$3,072 ",40%,Outlet
,Foot Locker,1185732,1/9/21,Southeast,Georgia,Atlanta,Women's Street Footwear,$24.00 ,264,"$6,336 ","$2,028 ",32%,Outlet
,Foot Locker,1185732,1/9/21,Southeast,Georgia,Atlanta,Women's Athletic Footwear,$25.00 ,209,"$5,225 ","$1,829 ",35%,Outlet
,Foot Locker,1185732,1/9/21,Southeast,Georgia,Atlanta,Men's Apparel,$35.00 ,247,"$8,645 ","$3,372 ",39%,Outlet
,Foot Locker,1185732,1/9/21,Southeast,Georgia,Atlanta,Women's Apparel,$30.00 ,281,"$8,430 ","$4,468 ",53%,Outlet
,Foot Locker,1185732,2/7/21,Southeast,Georgia,Atlanta,Men's Street Footwear,$31.00 ,376,"$11,656 ","$5,595 ",48%,Outlet
,Foot Locker,1185732,2/7/21,Southeast,Georgia,Atlanta,Men's Athletic Footwear,$27.00 ,247,"$6,669 ","$2,534 ",38%,Outlet
,Foot Locker,1185732,2/7/21,Southeast,Georgia,Atlanta,Women's Street Footwear,$21.00 ,248,"$5,208 ","$1,562 ",30%,Outlet
,Foot Locker,1185732,2/18/21,South,Mississippi,Jackson,Women's Athletic Footwear,$19.00 ,98,"$1,862 ",$857 ,46%,Outlet
,Foot Locker,1185732,2/18/21,South,Mississippi,Jackson,Men's Apparel,$26.00 ,136,"$3,536 ","$1,379 ",39%,Outlet
,Foot Locker,1185732,2/18/21,South,Mississippi,Jackson,Women's Apparel,$20.00 ,160,"$3,200 ","$1,824 ",57%,Outlet
,Foot Locker,1185732,3/16/21,South,Mississippi,Jackson,Men's Street Footwear,$20.00 ,223,"$4,460 ","$2,052 ",46%,Outlet
,Foot Locker,1185732,3/16/21,South,Mississippi,Jackson,Men's Athletic Footwear,$20.00 ,128,"$2,560 ",$998 ,39%,Outlet
,Foot Locker,1185732,3/16/21,South,Mississippi,Jackson,Women's Street Footwear,$11.00 ,136,"$1,496 ",$703 ,47%,Outlet
,Foot Locker,1185732,3/16/21,South,Mississippi,Jackson,Women's Athletic Footwear,$15.00 ,85,"$1,275 ",$574 ,45%,Outlet
,Foot Locker,1185732,3/16/21,South,Mississippi,Jackson,Men's Apparel,$25.00 ,104,"$2,600 ",$962 ,37%,Outlet
,Foot Locker,1185732,3/16/21,South,Mississippi,Jackson,Women's Apparel,$17.00 ,136,"$2,312 ","$1,248 ",54%,Outlet
,Foot Locker,1185732,4/17/21,South,Mississippi,Jackson,Men's Street Footwear,$19.00 ,223,"$4,237 ","$1,864 ",44%,Outlet
,Foot Locker,1185732,4/17/21,South,Mississippi,Jackson,Men's Athletic Footwear,$20.00 ,116,"$2,320 ",$928 ,40%,Outlet
,Foot Locker,1185732,4/17/21,South,Mississippi,Jackson,Women's Street Footwear,$11.00 ,124,"$1,364 ",$614 ,45%,Outlet
,Foot Locker,1185732,4/17/21,South,Mississippi,Jackson,Women's Athletic Footwear,$16.00 ,96,"$1,536 ",$660 ,43%,Outlet
,Foot Locker,1185732,4/17/21,South,Mississippi,Jackson,Men's Apparel,$30.00 ,98,"$2,940 ","$1,176 ",40%,Outlet
,Foot Locker,1185732,4/17/21,South,Mississippi,Jackson,Women's Apparel,$22.00 ,147,"$3,234 ","$1,714 ",53%,Outlet
,Foot Locker,1185732,5/16/21,South,Mississippi,Jackson,Men's Street Footwear,$27.00 ,238,"$6,426 ","$2,699 ",42%,Outlet
,Foot Locker,1185732,5/16/21,South,Mississippi,Jackson,Men's Athletic Footwear,$28.00 ,140,"$3,920 ","$1,607 ",41%,Outlet
,Foot Locker,1185732,5/16/21,South,Mississippi,Jackson,Women's Street Footwear,$26.00 ,136,"$3,536 ","$1,520 ",43%,Outlet
,Foot Locker,1185732,5/16/21,South,Mississippi,Jackson,Women's Athletic Footwear,$24.00 ,116,"$2,784 ","$1,281 ",46%,Outlet
,Foot Locker,1185732,5/16/21,South,Mississippi,Jackson,Men's Apparel,$34.00 ,132,"$4,488 ","$1,795 ",40%,Outlet
,Foot Locker,1185732,5/16/21,South,Mississippi,Jackson,Women's Apparel,$35.00 ,150,"$5,250 ","$2,940 ",56%,Outlet
,Foot Locker,1185732,6/18/21,South,Mississippi,Jackson,Men's Street Footwear,$31.00 ,263,"$8,153 ","$3,587 ",44%,Outlet
,Foot Locker,1185732,6/18/21,South,Mississippi,Jackson,Men's Athletic Footwear,$29.00 ,150,"$4,350 ","$1,697 ",39%,Outlet
,Foot Locker,1185732,6/18/21,South,Mississippi,Jackson,Women's Street Footwear,$33.00 ,157,"$5,181 ","$2,383 ",46%,Outlet
,Foot Locker,1185732,6/18/21,South,Mississippi,Jackson,Women's Athletic Footwear,$34.00 ,149,"$5,066 ","$2,178 ",43%,Outlet
,Foot Locker,1185732,6/18/21,South,Mississippi,Jackson,Men's Apparel,$47.00 ,135,"$6,345 ","$2,411 ",38%,Outlet
,Foot Locker,1185732,6/18/21,South,Mississippi,Jackson,Women's Apparel,$51.00 ,219,"$11,169 ","$5,920 ",53%,Outlet
,Foot Locker,1185732,7/16/21,South,Mississippi,Jackson,Men's Street Footwear,$47.00 ,289,"$13,583 ","$6,248 ",46%,Outlet
,Walmart,1185732,7/16/21,South,Mississippi,Jackson,Men's Athletic Footwear,$42.00 ,192,"$8,064 ","$3,064 ",38%,Outlet
,Walmart,1185732,7/16/21,South,Mississippi,Jackson,Women's Street Footwear,$37.00 ,168,"$6,216 ","$2,611 ",42%,Outlet
,Walmart,1185732,7/16/21,South,Mississippi,Jackson,Women's Athletic Footwear,$33.00 ,143,"$4,719 ","$2,029 ",43%,Outlet
,Walmart,1185732,7/16/21,South,Mississippi,Jackson,Men's Apparel,$46.00 ,150,"$6,900 ","$2,553 ",37%,Outlet
,Walmart,1185732,7/16/21,South,Mississippi,Jackson,Women's Apparel,$49.00 ,209,"$10,241 ","$5,428 ",53%,Outlet
,Walmart,1185732,8/17/21,South,Mississippi,Jackson,Men's Street Footwear,$41.00 ,256,"$10,496 ","$4,723 ",45%,Outlet
,Walmart,1185732,8/17/21,South,Mississippi,Jackson,Men's Athletic Footwear,$44.00 ,198,"$8,712 ","$3,572 ",41%,Outlet
,Walmart,1185732,8/17/21,South,Mississippi,Jackson,Women's Street Footwear,$37.00 ,179,"$6,623 ","$2,914 ",44%,Outlet
,Walmart,1185732,8/17/21,South,Mississippi,Jackson,Women's Athletic Footwear,$32.00 ,147,"$4,704 ","$1,976 ",42%,Outlet
,Walmart,1185732,8/17/21,South,Mississippi,Jackson,Men's Apparel,$35.00 ,158,"$5,530 ","$2,323 ",42%,Outlet
,Walmart,1185732,8/17/21,South,Mississippi,Jackson,Women's Apparel,$42.00 ,206,"$8,652 ","$4,759 ",55%,Outlet
,Walmart,1185732,9/16/21,South,Mississippi,Jackson,Men's Street Footwear,$40.00 ,232,"$9,280 ","$4,083 ",44%,Outlet
,Walmart,1185732,9/16/21,South,Mississippi,Jackson,Men's Athletic Footwear,$33.00 ,158,"$5,214 ","$2,138 ",41%,Outlet
,Walmart,1185732,9/16/21,South,Mississippi,Jackson,Women's Street Footwear,$15.00 ,145,"$2,175 ","$1,022 ",47%,Outlet
,Walmart,1185732,9/16/21,South,Mississippi,Jackson,Women's Athletic Footwear,$16.00 ,120,"$1,920 ",$864 ,45%,Outlet
,Walmart,1185732,9/16/21,South,Mississippi,Jackson,Men's Apparel,$22.00 ,132,"$2,904 ","$1,104 ",38%,Outlet
,Walmart,1185732,9/16/21,South,Mississippi,Jackson,Women's Apparel,$26.00 ,160,"$4,160 ","$2,330 ",56%,Outlet
,Walmart,1185732,10/18/21,South,Mississippi,Jackson,Men's Street Footwear,$24.00 ,216,"$5,184 ","$2,385 ",46%,Outlet
,Walmart,1185732,10/18/21,South,Mississippi,Jackson,Men's Athletic Footwear,$17.00 ,165,"$2,805 ","$1,038 ",37%,Outlet
,Walmart,1185732,10/18/21,South,Mississippi,Jackson,Women's Street Footwear,$19.00 ,120,"$2,280 ","$1,072 ",47%,Outlet
,Walmart,1185732,10/18/21,South,Mississippi,Jackson,Women's Athletic Footwear,$20.00 ,109,"$2,180 ",$981 ,45%,Outlet
,Walmart,1185732,10/18/21,South,Mississippi,Jackson,Men's Apparel,$25.00 ,105,"$2,625 ","$1,103 ",42%,Outlet
,Sports Direct,1185732,10/18/21,South,Mississippi,Jackson,Women's Apparel,$27.00 ,162,"$4,374 ","$2,362 ",54%,Outlet
,Sports Direct,1185732,11/17/21,South,Mississippi,Jackson,Men's Street Footwear,$22.00 ,206,"$4,532 ","$1,994 ",44%,Outlet
,Sports Direct,1185732,11/17/21,South,Mississippi,Jackson,Men's Athletic Footwear,$15.00 ,153,"$2,295 ",$872 ,38%,Outlet
,Sports Direct,1185732,11/17/21,South,Mississippi,Jackson,Women's Street Footwear,$22.00 ,119,"$2,618 ","$1,100 ",42%,Outlet
,Sports Direct,1185732,11/17/21,South,Mississippi,Jackson,Women's Athletic Footwear,$43.00 ,153,"$6,579 ","$2,895 ",44%,Outlet
,Sports Direct,1185732,11/17/21,South,Mississippi,Jackson,Men's Apparel,$59.00 ,132,"$7,788 ","$3,115 ",40%,Outlet
,Sports Direct,1185732,11/17/21,South,Mississippi,Jackson,Women's Apparel,$51.00 ,168,"$8,568 ","$4,884 ",57%,Outlet
,Sports Direct,1185732,12/16/21,South,Mississippi,Jackson,Men's Street Footwear,$48.00 ,256,"$12,288 ","$5,775 ",47%,Outlet
,Sports Direct,1185732,12/16/21,South,Mississippi,Jackson,Men's Athletic Footwear,$44.00 ,201,"$8,844 ","$3,272 ",37%,Outlet
,Sports Direct,1185732,12/16/21,South,Mississippi,Jackson,Women's Street Footwear,$43.00 ,158,"$6,794 ","$3,057 ",45%,Outlet
,Sports Direct,1185732,12/16/21,South,Mississippi,Jackson,Women's Athletic Footwear,$41.00 ,143,"$5,863 ","$2,756 ",47%,Outlet
,Sports Direct,1185732,12/16/21,South,Mississippi,Jackson,Men's Apparel,$54.00 ,157,"$8,478 ","$3,222 ",38%,Outlet
,Sports Direct,1185732,12/16/21,South,Mississippi,Jackson,Women's Apparel,$53.00 ,178,"$9,434 ","$5,189 ",55%,Outlet
,Sports Direct,1197831,1/23/21,South,Mississippi,Jackson,Men's Street Footwear,$17.00 ,215,"$3,655 ","$1,608 ",44%,Outlet
,Sports Direct,1197831,1/23/21,South,Mississippi,Jackson,Men's Athletic Footwear,$18.00 ,135,"$2,430 ",$972 ,40%,Outlet
,Sports Direct,1197831,1/23/21,South,Mississippi,Jackson,Women's Street Footwear,$11.00 ,140,"$1,540 ",$678 ,44%,Outlet
,Sports Direct,1197831,1/23/21,South,Mississippi,Jackson,Women's Athletic Footwear,$13.00 ,102,"$1,326 ",$623 ,47%,Outlet
,Sports Direct,1197831,1/23/21,South,Mississippi,Jackson,Men's Apparel,$26.00 ,123,"$3,198 ","$1,215 ",38%,Outlet
,Sports Direct,1197831,1/23/21,South,Mississippi,Jackson,Women's Apparel,$18.00 ,158,"$2,844 ","$1,223 ",43%,Outlet
,Sports Direct,1197831,2/21/21,South,Mississippi,Jackson,Men's Street Footwear,$17.00 ,210,"$3,570 ","$1,607 ",45%,Outlet
,Sports Direct,1197831,2/21/21,South,Mississippi,Jackson,Men's Athletic Footwear,$17.00 ,112,"$1,904 ",$743 ,39%,Outlet
,Sports Direct,1197831,2/21/21,South,Mississippi,Jackson,Women's Street Footwear,$11.00 ,136,"$1,496 ",$628 ,42%,Outlet
,Walmart,1197831,2/21/21,South,Arkansas,Little Rock,Women's Athletic Footwear,$15.00 ,78,"$1,170 ",$550 ,47%,Outlet
,Walmart,1197831,2/21/21,South,Arkansas,Little Rock,Men's Apparel,$23.00 ,111,"$2,553 ",$945 ,37%,Outlet
,Walmart,1197831,2/21/21,South,Arkansas,Little Rock,Women's Apparel,$16.00 ,145,"$2,320 ",$974 ,42%,Outlet
,Walmart,1197831,3/19/21,South,Arkansas,Little Rock,Men's Street Footwear,$15.00 ,206,"$3,090 ","$1,452 ",47%,Outlet
,Walmart,1197831,3/19/21,South,Arkansas,Little Rock,Men's Athletic Footwear,$14.00 ,107,"$1,498 ",$554 ,37%,Outlet
,Walmart,1197831,3/19/21,South,Arkansas,Little Rock,Women's Street Footwear,$8.00 ,112,$896 ,$403 ,45%,Outlet
,Walmart,1197831,3/19/21,South,Arkansas,Little Rock,Women's Athletic Footwear,$15.00 ,70,"$1,050 ",$494 ,47%,Outlet
,Walmart,1197831,3/19/21,South,Arkansas,Little Rock,Men's Apparel,$24.00 ,88,"$2,112 ",$845 ,40%,Outlet
,Walmart,1197831,3/19/21,South,Arkansas,Little Rock,Women's Apparel,$20.00 ,112,"$2,240 ","$1,030 ",46%,Outlet
,Walmart,1197831,4/20/21,South,Arkansas,Little Rock,Men's Street Footwear,$19.00 ,204,"$3,876 ","$1,744 ",45%,Outlet
,Walmart,1197831,4/20/21,South,Arkansas,Little Rock,Men's Athletic Footwear,$20.00 ,102,"$2,040 ",$816 ,40%,Outlet
,Walmart,1197831,4/20/21,South,Arkansas,Little Rock,Women's Street Footwear,$11.00 ,96,"$1,056 ",$496 ,47%,Outlet
,Walmart,1197831,4/20/21,South,Arkansas,Little Rock,Women's Athletic Footwear,$13.00 ,77,"$1,001 ",$470 ,47%,Outlet
,Walmart,1197831,4/20/21,South,Arkansas,Little Rock,Men's Apparel,$31.00 ,75,"$2,325 ",$860 ,37%,Outlet
,Walmart,1197831,4/20/21,South,Arkansas,Little Rock,Women's Apparel,$24.00 ,120,"$2,880 ","$1,267 ",44%,Outlet
,Walmart,1197831,5/19/21,South,Arkansas,Little Rock,Men's Street Footwear,$26.00 ,228,"$5,928 ","$2,727 ",46%,Outlet
,Walmart,1197831,5/19/21,South,Arkansas,Little Rock,Men's Athletic Footwear,$28.00 ,116,"$3,248 ","$1,364 ",42%,Outlet
,Walmart,1197831,5/19/21,South,Arkansas,Little Rock,Women's Street Footwear,$27.00 ,119,"$3,213 ","$1,414 ",44%,Outlet
,Walmart,1197831,5/19/21,South,Arkansas,Little Rock,Women's Athletic Footwear,$24.00 ,90,"$2,160 ","$1,015 ",47%,Outlet
,Walmart,1197831,5/19/21,South,Arkansas,Little Rock,Men's Apparel,$32.00 ,111,"$3,552 ","$1,385 ",39%,Outlet
,Walmart,1197831,5/19/21,South,Arkansas,Little Rock,Women's Apparel,$33.00 ,145,"$4,785 ","$2,249 ",47%,Outlet
,Walmart,1197831,6/21/21,South,Arkansas,Little Rock,Men's Street Footwear,$28.00 ,236,"$6,608 ","$2,908 ",44%,Outlet
,Walmart,1197831,6/21/21,South,Arkansas,Little Rock,Men's Athletic Footwear,$25.00 ,149,"$3,725 ","$1,453 ",39%,Outlet
,Walmart,1197831,6/21/21,South,Arkansas,Little Rock,Women's Street Footwear,$28.00 ,124,"$3,472 ","$1,562 ",45%,Outlet
,Walmart,1197831,6/21/21,South,Arkansas,Little Rock,Women's Athletic Footwear,$29.00 ,124,"$3,596 ","$1,582 ",44%,Outlet
,Walmart,1197831,6/21/21,South,Arkansas,Little Rock,Men's Apparel,$37.00 ,116,"$4,292 ","$1,674 ",39%,Outlet
,Walmart,1197831,6/21/21,South,Arkansas,Little Rock,Women's Apparel,$48.00 ,165,"$7,920 ","$3,406 ",43%,Outlet
,Walmart,1197831,7/19/21,South,Arkansas,Little Rock,Men's Street Footwear,$39.00 ,271,"$10,569 ","$4,439 ",42%,Outlet
,Walmart,1197831,7/19/21,South,Arkansas,Little Rock,Men's Athletic Footwear,$36.00 ,163,"$5,868 ","$2,171 ",37%,Outlet
,Walmart,1197831,7/19/21,South,Arkansas,Little Rock,Women's Street Footwear,$32.00 ,140,"$4,480 ","$1,971 ",44%,Outlet
,Walmart,1197831,7/19/21,South,Arkansas,Little Rock,Women's Athletic Footwear,$35.00 ,120,"$4,200 ","$1,806 ",43%,Outlet
,Walmart,1197831,7/19/21,South,Arkansas,Little Rock,Men's Apparel,$40.00 ,149,"$5,960 ","$2,384 ",40%,Outlet
,Walmart,1197831,7/19/21,South,Arkansas,Little Rock,Women's Apparel,$50.00 ,198,"$9,900 ","$4,554 ",46%,Outlet
,Walmart,1197831,8/20/21,South,Arkansas,Little Rock,Men's Street Footwear,$43.00 ,233,"$10,019 ","$4,509 ",45%,Outlet
,Walmart,1197831,8/20/21,South,Arkansas,Little Rock,Men's Athletic Footwear,$42.00 ,163,"$6,846 ","$2,670 ",39%,Outlet
,Walmart,1197831,8/20/21,South,Arkansas,Little Rock,Women's Street Footwear,$40.00 ,135,"$5,400 ","$2,376 ",44%,Outlet
,Walmart,1197831,8/20/21,South,Arkansas,Little Rock,Women's Athletic Footwear,$29.00 ,132,"$3,828 ","$1,723 ",45%,Outlet
,Walmart,1197831,8/20/21,South,Arkansas,Little Rock,Men's Apparel,$40.00 ,113,"$4,520 ","$1,672 ",37%,Outlet
,Walmart,1197831,8/20/21,South,Arkansas,Little Rock,Women's Apparel,$40.00 ,193,"$7,720 ","$3,628 ",47%,Outlet
,Walmart,1197831,9/19/21,South,Arkansas,Little Rock,Men's Street Footwear,$35.00 ,221,"$7,735 ","$3,326 ",43%,Outlet
,Walmart,1197831,9/19/21,South,Arkansas,Little Rock,Men's Athletic Footwear,$26.00 ,135,"$3,510 ","$1,439 ",41%,Outlet
,Walmart,1197831,9/19/21,South,Arkansas,Little Rock,Women's Street Footwear,$11.00 ,123,"$1,353 ",$636 ,47%,Outlet
,Walmart,1197831,9/19/21,South,Arkansas,Little Rock,Women's Athletic Footwear,$12.00 ,104,"$1,248 ",$524 ,42%,Outlet
,Walmart,1197831,9/19/21,South,Arkansas,Little Rock,Men's Apparel,$18.00 ,111,"$1,998 ",$779 ,39%,Outlet
,Walmart,1197831,9/19/21,South,Arkansas,Little Rock,Women's Apparel,$22.00 ,140,"$3,080 ","$1,294 ",42%,Outlet
,Walmart,1197831,10/21/21,South,Arkansas,Little Rock,Men's Street Footwear,$21.00 ,180,"$3,780 ","$1,701 ",45%,Outlet
,Walmart,1197831,10/21/21,South,Arkansas,Little Rock,Men's Athletic Footwear,$14.00 ,132,"$1,848 ",$739 ,40%,Outlet
,Walmart,1197831,10/21/21,South,Arkansas,Little Rock,Women's Street Footwear,$16.00 ,99,"$1,584 ",$729 ,46%,Outlet
,Walmart,1197831,10/21/21,South,Arkansas,Little Rock,Women's Athletic Footwear,$15.00 ,94,"$1,410 ",$635 ,45%,Outlet
,Walmart,1197831,10/21/21,South,Arkansas,Little Rock,Men's Apparel,$21.00 ,91,"$1,911 ",$707 ,37%,Outlet
,West Gear,1197831,10/21/21,South,Arkansas,Little Rock,Women's Apparel,$20.00 ,132,"$2,640 ","$1,188 ",45%,Outlet
,West Gear,1197831,11/20/21,South,Arkansas,Little Rock,Men's Street Footwear,$18.00 ,176,"$3,168 ","$1,457 ",46%,Outlet
,West Gear,1197831,11/20/21,South,Arkansas,Little Rock,Men's Athletic Footwear,$11.00 ,116,"$1,276 ",$536 ,42%,Outlet
,West Gear,1197831,11/20/21,South,Arkansas,Little Rock,Women's Street Footwear,$19.00 ,102,"$1,938 ",$833 ,43%,Outlet
,West Gear,1197831,11/20/21,South,Arkansas,Little Rock,Women's Athletic Footwear,$41.00 ,128,"$5,248 ","$2,309 ",44%,Outlet
,West Gear,1197831,11/20/21,South,Arkansas,Little Rock,Men's Apparel,$56.00 ,105,"$5,880 ","$2,411 ",41%,Outlet
,West Gear,1197831,11/20/21,South,Arkansas,Little Rock,Women's Apparel,$53.00 ,135,"$7,155 ","$3,220 ",45%,Outlet
,West Gear,1197831,12/19/21,South,Arkansas,Little Rock,Men's Street Footwear,$55.00 ,238,"$13,090 ","$6,021 ",46%,Outlet
,West Gear,1197831,12/19/21,South,Arkansas,Little Rock,Men's Athletic Footwear,$46.00 ,155,"$7,130 ","$2,852 ",40%,Outlet
,West Gear,1197831,12/19/21,South,Arkansas,Little Rock,Women's Street Footwear,$43.00 ,149,"$6,407 ","$2,819 ",44%,Outlet
,West Gear,1197831,12/19/21,South,Arkansas,Little Rock,Women's Athletic Footwear,$40.00 ,124,"$4,960 ","$2,282 ",46%,Outlet
,West Gear,1197831,12/19/21,South,Arkansas,Little Rock,Men's Apparel,$50.00 ,132,"$6,600 ","$2,640 ",40%,Outlet
,West Gear,1197831,12/19/21,South,Arkansas,Little Rock,Women's Apparel,$55.00 ,170,"$9,350 ","$4,208 ",45%,Outlet
,West Gear,1197831,1/23/21,South,Arkansas,Little Rock,Men's Street Footwear,$17.00 ,178,"$3,026 ","$1,422 ",47%,Outlet
,West Gear,1197831,1/23/21,South,Arkansas,Little Rock,Men's Athletic Footwear,$18.00 ,124,"$2,232 ",$848 ,38%,Outlet
,West Gear,1197831,1/23/21,South,Arkansas,Little Rock,Women's Street Footwear,$10.00 ,131,"$1,310 ",$563 ,43%,Outlet
,West Gear,1197831,1/23/21,South,Arkansas,Little Rock,Women's Athletic Footwear,$13.00 ,74,$962 ,$414 ,43%,Outlet
,West Gear,1197831,1/23/21,South,Arkansas,Little Rock,Men's Apparel,$23.00 ,91,"$2,093 ",$858 ,41%,Outlet
,West Gear,1197831,1/23/21,South,Arkansas,Little Rock,Women's Apparel,$18.00 ,124,"$2,232 ","$1,004 ",45%,Outlet
,West Gear,1197831,2/21/21,South,Arkansas,Little Rock,Men's Street Footwear,$18.00 ,206,"$3,708 ","$1,632 ",44%,Outlet
,West Gear,1197831,2/21/21,South,Arkansas,Little Rock,Men's Athletic Footwear,$17.00 ,83,"$1,411 ",$550 ,39%,Outlet
,West Gear,1197831,2/21/21,South,Arkansas,Little Rock,Women's Street Footwear,$12.00 ,98,"$1,176 ",$553 ,47%,Outlet
,West Gear,1197831,2/21/21,South,Oklahoma,Oklahoma City,Women's Athletic Footwear,$15.00 ,58,$870 ,$400 ,46%,Outlet
,West Gear,1197831,2/21/21,South,Oklahoma,Oklahoma City,Men's Apparel,$24.00 ,85,"$2,040 ",$816 ,40%,Outlet
,West Gear,1197831,2/21/21,South,Oklahoma,Oklahoma City,Women's Apparel,$14.00 ,112,"$1,568 ",$721 ,46%,Outlet
,West Gear,1197831,3/19/21,South,Oklahoma,Oklahoma City,Men's Street Footwear,$14.00 ,182,"$2,548 ","$1,172 ",46%,Outlet
,West Gear,1197831,3/19/21,South,Oklahoma,Oklahoma City,Men's Athletic Footwear,$15.00 ,78,"$1,170 ",$480 ,41%,Outlet
,West Gear,1197831,3/19/21,South,Oklahoma,Oklahoma City,Women's Street Footwear,$7.00 ,83,$581 ,$261 ,45%,Outlet
,West Gear,1197831,3/19/21,South,Oklahoma,Oklahoma City,Women's Athletic Footwear,$16.00 ,39,$624 ,$293 ,47%,Outlet
,West Gear,1197831,3/19/21,South,Oklahoma,Oklahoma City,Men's Apparel,$26.00 ,61,"$1,586 ",$666 ,42%,Outlet
,West Gear,1197831,3/19/21,South,Oklahoma,Oklahoma City,Women's Apparel,$18.00 ,88,"$1,584 ",$729 ,46%,Outlet
,West Gear,1197831,4/20/21,South,Oklahoma,Oklahoma City,Men's Street Footwear,$20.00 ,184,"$3,680 ","$1,693 ",46%,Outlet
,West Gear,1197831,4/20/21,South,Oklahoma,Oklahoma City,Men's Athletic Footwear,$18.00 ,79,"$1,422 ",$555 ,39%,Outlet
,West Gear,1197831,4/20/21,South,Oklahoma,Oklahoma City,Women's Street Footwear,$10.00 ,70,$700 ,$322 ,46%,Outlet
,West Gear,1197831,4/20/21,South,Oklahoma,Oklahoma City,Women's Athletic Footwear,$15.00 ,47,$705 ,$303 ,43%,Outlet
,West Gear,1197831,4/20/21,South,Oklahoma,Oklahoma City,Men's Apparel,$27.00 ,54,"$1,458 ",$569 ,39%,Outlet
,West Gear,1197831,4/20/21,South,Oklahoma,Oklahoma City,Women's Apparel,$22.00 ,111,"$2,442 ","$1,050 ",43%,Outlet
,West Gear,1197831,5/19/21,South,Oklahoma,Oklahoma City,Men's Street Footwear,$28.00 ,179,"$5,012 ","$2,155 ",43%,Outlet
,West Gear,1197831,5/19/21,South,Oklahoma,Oklahoma City,Men's Athletic Footwear,$29.00 ,93,"$2,697 ","$1,025 ",38%,Outlet
,West Gear,1197831,5/19/21,South,Oklahoma,Oklahoma City,Women's Street Footwear,$27.00 ,88,"$2,376 ",$998 ,42%,Outlet
,West Gear,1197831,5/19/21,South,Oklahoma,Oklahoma City,Women's Athletic Footwear,$26.00 ,74,"$1,924 ",$808 ,42%,Outlet
,West Gear,1197831,5/19/21,South,Oklahoma,Oklahoma City,Men's Apparel,$33.00 ,80,"$2,640 ","$1,082 ",41%,Outlet
,West Gear,1197831,5/19/21,South,Oklahoma,Oklahoma City,Women's Apparel,$33.00 ,116,"$3,828 ","$1,723 ",45%,Outlet
,West Gear,1197831,6/21/21,South,Oklahoma,Oklahoma City,Men's Street Footwear,$32.00 ,192,"$6,144 ","$2,826 ",46%,Outlet
,West Gear,1197831,6/21/21,South,Oklahoma,Oklahoma City,Men's Athletic Footwear,$25.00 ,123,"$3,075 ","$1,199 ",39%,Outlet
,West Gear,1197831,6/21/21,South,Oklahoma,Oklahoma City,Women's Street Footwear,$27.00 ,107,"$2,889 ","$1,242 ",43%,Outlet
,West Gear,1197831,6/21/21,South,Oklahoma,Oklahoma City,Women's Athletic Footwear,$29.00 ,102,"$2,958 ","$1,331 ",45%,Outlet
,West Gear,1197831,6/21/21,South,Oklahoma,Oklahoma City,Men's Apparel,$41.00 ,105,"$4,305 ","$1,636 ",38%,Outlet
,West Gear,1197831,6/21/21,South,Oklahoma,Oklahoma City,Women's Apparel,$40.00 ,143,"$5,720 ","$2,402 ",42%,Outlet
,West Gear,1197831,7/19/21,South,Oklahoma,Oklahoma City,Men's Street Footwear,$43.00 ,238,"$10,234 ","$4,298 ",42%,Outlet
,West Gear,1197831,7/19/21,South,Oklahoma,Oklahoma City,Men's Athletic Footwear,$35.00 ,135,"$4,725 ","$1,796 ",38%,Outlet
,West Gear,1197831,7/19/21,South,Oklahoma,Oklahoma City,Women's Street Footwear,$33.00 ,131,"$4,323 ","$1,859 ",43%,Outlet
,West Gear,1197831,7/19/21,South,Oklahoma,Oklahoma City,Women's Athletic Footwear,$36.00 ,107,"$3,852 ","$1,772 ",46%,Outlet
,West Gear,1197831,7/19/21,South,Oklahoma,Oklahoma City,Men's Apparel,$43.00 ,116,"$4,988 ","$2,045 ",41%,Outlet
,West Gear,1197831,7/19/21,South,Oklahoma,Oklahoma City,Women's Apparel,$45.00 ,163,"$7,335 ","$3,447 ",47%,Outlet
,West Gear,1197831,8/20/21,South,Oklahoma,Oklahoma City,Men's Street Footwear,$41.00 ,230,"$9,430 ","$3,961 ",42%,Outlet
,West Gear,1197831,8/20/21,South,Oklahoma,Oklahoma City,Men's Athletic Footwear,$37.00 ,140,"$5,180 ","$2,176 ",42%,Outlet
,West Gear,1197831,8/20/21,South,Oklahoma,Oklahoma City,Women's Street Footwear,$38.00 ,113,"$4,294 ","$2,018 ",47%,Outlet
,West Gear,1197831,8/20/21,South,Oklahoma,Oklahoma City,Women's Athletic Footwear,$32.00 ,111,"$3,552 ","$1,492 ",42%,Outlet
,West Gear,1197831,8/20/21,South,Oklahoma,Oklahoma City,Men's Apparel,$40.00 ,105,"$4,200 ","$1,554 ",37%,Outlet
,West Gear,1197831,8/20/21,South,Oklahoma,Oklahoma City,Women's Apparel,$40.00 ,166,"$6,640 ","$3,121 ",47%,Outlet
,West Gear,1197831,9/19/21,South,Oklahoma,Oklahoma City,Men's Street Footwear,$35.00 ,196,"$6,860 ","$3,156 ",46%,Outlet
,West Gear,1197831,9/19/21,South,Oklahoma,Oklahoma City,Men's Athletic Footwear,$28.00 ,128,"$3,584 ","$1,469 ",41%,Outlet
,West Gear,1197831,9/19/21,South,Oklahoma,Oklahoma City,Women's Street Footwear,$12.00 ,91,"$1,092 ",$459 ,42%,Outlet
,West Gear,1197831,9/19/21,South,Oklahoma,Oklahoma City,Women's Athletic Footwear,$12.00 ,83,$996 ,$418 ,42%,Outlet
,West Gear,1197831,9/19/21,South,Oklahoma,Oklahoma City,Men's Apparel,$20.00 ,78,"$1,560 ",$593 ,38%,Outlet
,West Gear,1197831,9/19/21,South,Oklahoma,Oklahoma City,Women's Apparel,$23.00 ,119,"$2,737 ","$1,286 ",47%,Outlet
,West Gear,1197831,10/21/21,South,Oklahoma,Oklahoma City,Men's Street Footwear,$20.00 ,173,"$3,460 ","$1,626 ",47%,Outlet
,West Gear,1197831,10/21/21,South,Oklahoma,Oklahoma City,Men's Athletic Footwear,$14.00 ,112,"$1,568 ",$659 ,42%,Outlet
,West Gear,1197831,10/21/21,South,Oklahoma,Oklahoma City,Women's Street Footwear,$14.00 ,74,"$1,036 ",$435 ,42%,Outlet
,West Gear,1197831,10/21/21,South,Oklahoma,Oklahoma City,Women's Athletic Footwear,$15.00 ,62,$930 ,$391 ,42%,Outlet
,West Gear,1197831,10/21/21,South,Oklahoma,Oklahoma City,Men's Apparel,$22.00 ,68,"$1,496 ",$568 ,38%,Outlet
,Kohl's,1197831,10/21/21,South,Oklahoma,Oklahoma City,Women's Apparel,$22.00 ,101,"$2,222 ","$1,044 ",47%,Outlet
,Kohl's,1197831,11/20/21,South,Oklahoma,Oklahoma City,Men's Street Footwear,$16.00 ,166,"$2,656 ","$1,169 ",44%,Outlet
,Kohl's,1197831,11/20/21,South,Oklahoma,Oklahoma City,Men's Athletic Footwear,$11.00 ,96,"$1,056 ",$401 ,38%,Outlet
,Kohl's,1197831,11/20/21,South,Oklahoma,Oklahoma City,Women's Street Footwear,$19.00 ,81,"$1,539 ",$662 ,43%,Outlet
,Kohl's,1197831,11/20/21,South,Oklahoma,Oklahoma City,Women's Athletic Footwear,$37.00 ,90,"$3,330 ","$1,565 ",47%,Outlet
,Kohl's,1197831,11/20/21,South,Oklahoma,Oklahoma City,Men's Apparel,$60.00 ,85,"$5,100 ","$2,040 ",40%,Outlet
,Kohl's,1197831,11/20/21,South,Oklahoma,Oklahoma City,Women's Apparel,$60.00 ,128,"$7,680 ","$3,302 ",43%,Outlet
,Kohl's,1197831,12/19/21,South,Oklahoma,Oklahoma City,Men's Street Footwear,$55.00 ,200,"$11,000 ","$4,620 ",42%,Outlet
,Kohl's,1197831,12/19/21,South,Oklahoma,Oklahoma City,Men's Athletic Footwear,$47.00 ,149,"$7,003 ","$2,661 ",38%,Outlet
,Kohl's,1197831,12/19/21,South,Oklahoma,Oklahoma City,Women's Street Footwear,$44.00 ,131,"$5,764 ","$2,594 ",45%,Outlet
,Kohl's,1197831,12/19/21,South,Oklahoma,Oklahoma City,Women's Athletic Footwear,$45.00 ,114,"$5,130 ","$2,309 ",45%,Outlet
,Kohl's,1197831,12/19/21,South,Oklahoma,Oklahoma City,Men's Apparel,$55.00 ,98,"$5,390 ","$2,156 ",40%,Outlet
,Kohl's,1197831,12/19/21,South,Oklahoma,Oklahoma City,Women's Apparel,$51.00 ,128,"$6,528 ","$2,807 ",43%,Outlet
,Kohl's,1197831,1/16/21,South,Oklahoma,Oklahoma City,Men's Street Footwear,$17.00 ,176,"$2,992 ","$1,137 ",38%,Outlet
,Kohl's,1197831,1/16/21,South,Oklahoma,Oklahoma City,Men's Athletic Footwear,$16.00 ,105,"$1,680 ",$638 ,38%,Outlet
,Kohl's,1197831,1/16/21,South,Oklahoma,Oklahoma City,Women's Street Footwear,$12.00 ,116,"$1,392 ",$557 ,40%,Outlet
,Kohl's,1197831,1/16/21,South,Oklahoma,Oklahoma City,Women's Athletic Footwear,$16.00 ,70,"$1,120 ",$448 ,40%,Outlet
,Kohl's,1197831,1/16/21,South,Oklahoma,Oklahoma City,Men's Apparel,$28.00 ,88,"$2,464 ","$1,010 ",41%,Outlet
,Kohl's,1197831,1/16/21,South,Oklahoma,Oklahoma City,Women's Apparel,$17.00 ,119,"$2,023 ",$749 ,37%,Outlet
,Kohl's,1197831,2/14/21,South,Oklahoma,Oklahoma City,Men's Street Footwear,$18.00 ,204,"$3,672 ","$1,469 ",40%,Outlet
,Kohl's,1197831,2/14/21,South,Oklahoma,Oklahoma City,Men's Athletic Footwear,$17.00 ,75,"$1,275 ",$523 ,41%,Outlet
,Kohl's,1197831,2/14/21,South,Oklahoma,Oklahoma City,Women's Street Footwear,$11.00 ,90,$990 ,$386 ,39%,Outlet
,Sports Direct,1185732,2/5/21,Northeast,Connecticut,Hartford,Women's Athletic Footwear,$24.00 ,39,$936 ,$309 ,33%,Outlet
,Sports Direct,1185732,2/5/21,Northeast,Connecticut,Hartford,Men's Apparel,$39.00 ,66,"$2,574 ",$952 ,37%,Outlet
,Sports Direct,1185732,2/5/21,Northeast,Connecticut,Hartford,Women's Apparel,$32.00 ,96,"$3,072 ","$1,198 ",39%,Outlet
,Sports Direct,1185732,3/3/21,Northeast,Connecticut,Hartford,Men's Street Footwear,$26.00 ,182,"$4,732 ","$2,035 ",43%,Outlet
,Sports Direct,1185732,3/3/21,Northeast,Connecticut,Hartford,Men's Athletic Footwear,$32.00 ,68,"$2,176 ",$979 ,45%,Outlet
,Sports Direct,1185732,3/3/21,Northeast,Connecticut,Hartford,Women's Street Footwear,$23.00 ,75,"$1,725 ",$552 ,32%,Outlet
,Sports Direct,1185732,3/3/21,Northeast,Connecticut,Hartford,Women's Athletic Footwear,$27.00 ,34,$918 ,$294 ,32%,Outlet
,Sports Direct,1185732,3/3/21,Northeast,Connecticut,Hartford,Men's Apparel,$39.00 ,53,"$2,067 ",$703 ,34%,Outlet
,Sports Direct,1185732,3/3/21,Northeast,Connecticut,Hartford,Women's Apparel,$29.00 ,85,"$2,465 ",$961 ,39%,Outlet
,Sports Direct,1185732,4/4/21,Northeast,Connecticut,Hartford,Men's Street Footwear,$28.00 ,155,"$4,340 ","$1,996 ",46%,Outlet
,Sports Direct,1185732,4/4/21,Northeast,Connecticut,Hartford,Men's Athletic Footwear,$30.00 ,64,"$1,920 ",$845 ,44%,Outlet
,Sports Direct,1185732,4/4/21,Northeast,Connecticut,Hartford,Women's Street Footwear,$20.00 ,64,"$1,280 ",$461 ,36%,Outlet
,Sports Direct,1185732,4/4/21,Northeast,Connecticut,Hartford,Women's Athletic Footwear,$26.00 ,41,"$1,066 ",$341 ,32%,Outlet
,Sports Direct,1185732,4/4/21,Northeast,Connecticut,Hartford,Men's Apparel,$37.00 ,40,"$1,480 ",$503 ,34%,Outlet
,Sports Direct,1185732,4/4/21,Northeast,Connecticut,Hartford,Women's Apparel,$26.00 ,94,"$2,444 ","$1,026 ",42%,Outlet
,Sports Direct,1185732,5/3/21,Northeast,Connecticut,Hartford,Men's Street Footwear,$40.00 ,191,"$7,640 ","$3,362 ",44%,Outlet
,Sports Direct,1185732,5/3/21,Northeast,Connecticut,Hartford,Men's Athletic Footwear,$35.00 ,83,"$2,905 ","$1,278 ",44%,Outlet
,Sports Direct,1185732,5/3/21,Northeast,Connecticut,Hartford,Women's Street Footwear,$32.00 ,83,"$2,656 ",$903 ,34%,Outlet
,Sports Direct,1185732,5/3/21,Northeast,Connecticut,Hartford,Women's Athletic Footwear,$32.00 ,74,"$2,368 ",$781 ,33%,Outlet
,Sports Direct,1185732,5/3/21,Northeast,Connecticut,Hartford,Men's Apparel,$37.00 ,83,"$3,071 ","$1,075 ",35%,Outlet
,Sports Direct,1185732,5/3/21,Northeast,Connecticut,Hartford,Women's Apparel,$41.00 ,128,"$5,248 ","$2,204 ",42%,Outlet
,Sports Direct,1185732,6/5/21,Northeast,Connecticut,Hartford,Men's Street Footwear,$40.00 ,206,"$8,240 ","$3,873 ",47%,Outlet
,Sports Direct,1185732,6/5/21,Northeast,Connecticut,Hartford,Men's Athletic Footwear,$38.00 ,124,"$4,712 ","$2,215 ",47%,Outlet
,Sports Direct,1185732,6/5/21,Northeast,Connecticut,Hartford,Women's Street Footwear,$35.00 ,96,"$3,360 ","$1,109 ",33%,Outlet
,Sports Direct,1185732,6/5/21,Northeast,Connecticut,Hartford,Women's Athletic Footwear,$35.00 ,85,"$2,975 ","$1,041 ",35%,Outlet
,Sports Direct,1185732,6/5/21,Northeast,Connecticut,Hartford,Men's Apparel,$36.00 ,91,"$3,276 ","$1,048 ",32%,Outlet
,Sports Direct,1185732,6/5/21,Northeast,Connecticut,Hartford,Women's Apparel,$39.00 ,128,"$4,992 ","$1,947 ",39%,Outlet
,Sports Direct,1185732,7/3/21,Northeast,Connecticut,Hartford,Men's Street Footwear,$42.00 ,195,"$8,190 ","$3,686 ",45%,Outlet
,Sports Direct,1185732,7/3/21,Northeast,Connecticut,Hartford,Men's Athletic Footwear,$38.00 ,120,"$4,560 ","$1,915 ",42%,Outlet
,Sports Direct,1185732,7/3/21,Northeast,Connecticut,Hartford,Women's Street Footwear,$29.00 ,111,"$3,219 ","$1,094 ",34%,Outlet
,Sports Direct,1185732,7/3/21,Northeast,Connecticut,Hartford,Women's Athletic Footwear,$34.00 ,94,"$3,196 ","$1,151 ",36%,Outlet
,Sports Direct,1185732,7/3/21,Northeast,Connecticut,Hartford,Men's Apparel,$43.00 ,93,"$3,999 ","$1,320 ",33%,Outlet
,Sports Direct,1185732,7/3/21,Northeast,Connecticut,Hartford,Women's Apparel,$40.00 ,152,"$6,080 ","$2,310 ",38%,Outlet
,Sports Direct,1185732,8/4/21,Northeast,Connecticut,Hartford,Men's Street Footwear,$40.00 ,194,"$7,760 ","$3,259 ",42%,Outlet
,Sports Direct,1185732,8/4/21,Northeast,Connecticut,Hartford,Men's Athletic Footwear,$34.00 ,128,"$4,352 ","$1,871 ",43%,Outlet
,Sports Direct,1185732,8/4/21,Northeast,Connecticut,Hartford,Women's Street Footwear,$36.00 ,107,"$3,852 ","$1,348 ",35%,Outlet
,Sports Direct,1185732,8/4/21,Northeast,Connecticut,Hartford,Women's Athletic Footwear,$32.00 ,72,"$2,304 ",$760 ,33%,Outlet
,Sports Direct,1185732,8/4/21,Northeast,Connecticut,Hartford,Men's Apparel,$43.00 ,62,"$2,666 ",$880 ,33%,Outlet
,Sports Direct,1185732,8/4/21,Northeast,Connecticut,Hartford,Women's Apparel,$44.00 ,124,"$5,456 ","$2,073 ",38%,Outlet
,Sports Direct,1185732,9/3/21,Northeast,Connecticut,Hartford,Men's Street Footwear,$43.00 ,170,"$7,310 ","$3,436 ",47%,Outlet
,Sports Direct,1185732,9/3/21,Northeast,Connecticut,Hartford,Men's Athletic Footwear,$40.00 ,93,"$3,720 ","$1,748 ",47%,Outlet
,Sports Direct,1185732,9/3/21,Northeast,Connecticut,Hartford,Women's Street Footwear,$33.00 ,64,"$2,112 ",$676 ,32%,Outlet
,Sports Direct,1185732,9/3/21,Northeast,Connecticut,Hartford,Women's Athletic Footwear,$30.00 ,58,"$1,740 ",$592 ,34%,Outlet
,Sports Direct,1185732,9/3/21,Northeast,Connecticut,Hartford,Men's Apparel,$41.00 ,58,"$2,378 ",$856 ,36%,Outlet
,Sports Direct,1185732,9/3/21,Northeast,Connecticut,Hartford,Women's Apparel,$45.00 ,83,"$3,735 ","$1,569 ",42%,Outlet
,Sports Direct,1185732,10/5/21,Northeast,Connecticut,Hartford,Men's Street Footwear,$46.00 ,153,"$7,038 ","$2,956 ",42%,Outlet
,Sports Direct,1185732,10/5/21,Northeast,Connecticut,Hartford,Men's Athletic Footwear,$39.00 ,94,"$3,666 ","$1,613 ",44%,Outlet
,Sports Direct,1185732,10/5/21,Northeast,Connecticut,Hartford,Women's Street Footwear,$36.00 ,61,"$2,196 ",$813 ,37%,Outlet
,Sports Direct,1185732,10/5/21,Northeast,Connecticut,Hartford,Women's Athletic Footwear,$43.00 ,45,"$1,935 ",$697 ,36%,Outlet
,Sports Direct,1185732,10/5/21,Northeast,Connecticut,Hartford,Men's Apparel,$50.00 ,45,"$2,250 ",$743 ,33%,Outlet
,Foot Locker,1185732,10/5/21,Northeast,Connecticut,Hartford,Women's Apparel,$46.00 ,94,"$4,324 ","$1,816 ",42%,Outlet
,Foot Locker,1185732,11/4/21,Northeast,Connecticut,Hartford,Men's Street Footwear,$51.00 ,149,"$7,599 ","$3,268 ",43%,Outlet
,Foot Locker,1185732,11/4/21,Northeast,Connecticut,Hartford,Men's Athletic Footwear,$37.00 ,105,"$3,885 ","$1,787 ",46%,Outlet
,Foot Locker,1185732,11/4/21,Northeast,Connecticut,Hartford,Women's Street Footwear,$36.00 ,103,"$3,708 ","$1,372 ",37%,Outlet
,Foot Locker,1185732,11/4/21,Northeast,Connecticut,Hartford,Women's Athletic Footwear,$39.00 ,83,"$3,237 ","$1,198 ",37%,Outlet
,Foot Locker,1185732,11/4/21,Northeast,Connecticut,Hartford,Men's Apparel,$44.00 ,88,"$3,872 ","$1,394 ",36%,Outlet
,Foot Locker,1185732,11/4/21,Northeast,Connecticut,Hartford,Women's Apparel,$52.00 ,116,"$6,032 ","$2,352 ",39%,Outlet
,Foot Locker,1185732,12/3/21,Northeast,Connecticut,Hartford,Men's Street Footwear,$45.00 ,173,"$7,785 ","$3,270 ",42%,Outlet
,Foot Locker,1185732,12/3/21,Northeast,Connecticut,Hartford,Men's Athletic Footwear,$37.00 ,131,"$4,847 ","$2,181 ",45%,Outlet
,Foot Locker,1185732,12/3/21,Northeast,Connecticut,Hartford,Women's Street Footwear,$43.00 ,116,"$4,988 ","$1,646 ",33%,Outlet
,Foot Locker,1185732,12/3/21,Northeast,Connecticut,Hartford,Women's Athletic Footwear,$38.00 ,96,"$3,648 ","$1,277 ",35%,Outlet
,Foot Locker,1185732,12/3/21,Northeast,Connecticut,Hartford,Men's Apparel,$42.00 ,99,"$4,158 ","$1,455 ",35%,Outlet
,Foot Locker,1185732,12/3/21,Northeast,Connecticut,Hartford,Women's Apparel,$52.00 ,120,"$6,240 ","$2,309 ",37%,Outlet
,Foot Locker,1185732,1/10/21,Northeast,Connecticut,Hartford,Men's Street Footwear,$23.00 ,149,"$3,427 ","$1,439 ",42%,Outlet
,Foot Locker,1185732,1/10/21,Northeast,Connecticut,Hartford,Men's Athletic Footwear,$28.00 ,79,"$2,212 ",$885 ,40%,Outlet
,Foot Locker,1185732,1/10/21,Northeast,Connecticut,Hartford,Women's Street Footwear,$19.00 ,72,"$1,368 ",$575 ,42%,Outlet
,Foot Locker,1185732,1/10/21,Northeast,Connecticut,Hartford,Women's Athletic Footwear,$24.00 ,24,$576 ,$265 ,46%,Outlet
,Foot Locker,1185732,1/10/21,Northeast,Connecticut,Hartford,Men's Apparel,$34.00 ,44,"$1,496 ",$539 ,36%,Outlet
,Foot Locker,1185732,1/10/21,Northeast,Connecticut,Hartford,Women's Apparel,$26.00 ,72,"$1,872 ",$880 ,47%,Outlet
,Foot Locker,1185732,2/8/21,Northeast,Connecticut,Hartford,Men's Street Footwear,$24.00 ,162,"$3,888 ","$1,555 ",40%,Outlet
,Foot Locker,1185732,2/8/21,Northeast,Connecticut,Hartford,Men's Athletic Footwear,$24.00 ,41,$984 ,$384 ,39%,Outlet
,Foot Locker,1185732,2/8/21,Northeast,Connecticut,Hartford,Women's Street Footwear,$18.00 ,53,$954 ,$410 ,43%,Outlet
,Foot Locker,1185732,2/8/21,Northeast,Rhode Island,Providence,Women's Athletic Footwear,$20.00 ,16,$320 ,$144 ,45%,Outlet
,Foot Locker,1185732,2/8/21,Northeast,Rhode Island,Providence,Men's Apparel,$34.00 ,40,"$1,360 ",$490 ,36%,Outlet
,Foot Locker,1185732,2/8/21,Northeast,Rhode Island,Providence,Women's Apparel,$27.00 ,77,"$2,079 ",$977 ,47%,Outlet
,Foot Locker,1185732,3/6/21,Northeast,Rhode Island,Providence,Men's Street Footwear,$26.00 ,156,"$4,056 ","$1,501 ",37%,Outlet
,Foot Locker,1185732,3/6/21,Northeast,Rhode Island,Providence,Men's Athletic Footwear,$27.00 ,45,"$1,215 ",$474 ,39%,Outlet
,Foot Locker,1185732,3/6/21,Northeast,Rhode Island,Providence,Women's Street Footwear,$17.00 ,56,$952 ,$447 ,47%,Outlet
,Foot Locker,1185732,3/6/21,Northeast,Rhode Island,Providence,Women's Athletic Footwear,$20.00 ,8,$160 ,$75 ,47%,Outlet
,Foot Locker,1185732,3/6/21,Northeast,Rhode Island,Providence,Men's Apparel,$33.00 ,25,$825 ,$297 ,36%,Outlet
,Foot Locker,1185732,3/6/21,Northeast,Rhode Island,Providence,Women's Apparel,$25.00 ,58,"$1,450 ",$638 ,44%,Outlet
,Foot Locker,1185732,4/7/21,Northeast,Rhode Island,Providence,Men's Street Footwear,$28.00 ,132,"$3,696 ","$1,552 ",42%,Outlet
,Foot Locker,1185732,4/7/21,Northeast,Rhode Island,Providence,Men's Athletic Footwear,$23.00 ,40,$920 ,$368 ,40%,Outlet
,Foot Locker,1185732,4/7/21,Northeast,Rhode Island,Providence,Women's Street Footwear,$16.00 ,44,$704 ,$296 ,42%,Outlet
,Foot Locker,1185732,4/7/21,Northeast,Rhode Island,Providence,Women's Athletic Footwear,$21.00 ,17,$357 ,$161 ,45%,Outlet
,Foot Locker,1185732,4/7/21,Northeast,Rhode Island,Providence,Men's Apparel,$33.00 ,15,$495 ,$158 ,32%,Outlet
,Foot Locker,1185732,4/7/21,Northeast,Rhode Island,Providence,Women's Apparel,$26.00 ,60,"$1,560 ",$686 ,44%,Outlet
,Foot Locker,1185732,5/6/21,Northeast,Rhode Island,Providence,Men's Street Footwear,$39.00 ,150,"$5,850 ","$2,399 ",41%,Outlet
,Foot Locker,1185732,5/6/21,Northeast,Rhode Island,Providence,Men's Athletic Footwear,$32.00 ,58,"$1,856 ",$687 ,37%,Outlet
,Foot Locker,1185732,5/6/21,Northeast,Rhode Island,Providence,Women's Street Footwear,$32.00 ,60,"$1,920 ",$806 ,42%,Outlet
,Foot Locker,1185732,5/6/21,Northeast,Rhode Island,Providence,Women's Athletic Footwear,$27.00 ,51,"$1,377 ",$633 ,46%,Outlet
,Foot Locker,1185732,5/6/21,Northeast,Rhode Island,Providence,Men's Apparel,$40.00 ,54,"$2,160 ",$799 ,37%,Outlet
,Foot Locker,1185732,5/6/21,Northeast,Rhode Island,Providence,Women's Apparel,$36.00 ,93,"$3,348 ","$1,473 ",44%,Outlet
,Foot Locker,1185732,6/8/21,Northeast,Rhode Island,Providence,Men's Street Footwear,$36.00 ,176,"$6,336 ","$2,534 ",40%,Outlet
,Foot Locker,1185732,6/8/21,Northeast,Rhode Island,Providence,Men's Athletic Footwear,$35.00 ,105,"$3,675 ","$1,433 ",39%,Outlet
,Foot Locker,1185732,6/8/21,Northeast,Rhode Island,Providence,Women's Street Footwear,$32.00 ,74,"$2,368 ",$995 ,42%,Outlet
,Foot Locker,1185732,6/8/21,Northeast,Rhode Island,Providence,Women's Athletic Footwear,$26.00 ,70,"$1,820 ",$837 ,46%,Outlet
,Foot Locker,1185732,6/8/21,Northeast,Rhode Island,Providence,Men's Apparel,$39.00 ,66,"$2,574 ",$901 ,35%,Outlet
,Foot Locker,1185732,6/8/21,Northeast,Rhode Island,Providence,Women's Apparel,$43.00 ,119,"$5,117 ","$2,303 ",45%,Outlet
,Foot Locker,1185732,7/6/21,Northeast,Rhode Island,Providence,Men's Street Footwear,$38.00 ,173,"$6,574 ","$2,498 ",38%,Outlet
,Foot Locker,1185732,7/6/21,Northeast,Rhode Island,Providence,Men's Athletic Footwear,$32.00 ,114,"$3,648 ","$1,350 ",37%,Outlet
,Foot Locker,1185732,7/6/21,Northeast,Rhode Island,Providence,Women's Street Footwear,$27.00 ,78,"$2,106 ",$948 ,45%,Outlet
,Foot Locker,1185732,7/6/21,Northeast,Rhode Island,Providence,Women's Athletic Footwear,$31.00 ,60,"$1,860 ",$856 ,46%,Outlet
,Foot Locker,1185732,7/6/21,Northeast,Rhode Island,Providence,Men's Apparel,$33.00 ,68,"$2,244 ",$763 ,34%,Outlet
,Foot Locker,1185732,7/6/21,Northeast,Rhode Island,Providence,Women's Apparel,$38.00 ,136,"$5,168 ","$2,171 ",42%,Outlet
,Foot Locker,1185732,8/7/21,Northeast,Rhode Island,Providence,Men's Street Footwear,$38.00 ,182,"$6,916 ","$2,836 ",41%,Outlet
,Foot Locker,1185732,8/7/21,Northeast,Rhode Island,Providence,Men's Athletic Footwear,$31.00 ,111,"$3,441 ","$1,308 ",38%,Outlet
,Foot Locker,1185732,8/7/21,Northeast,Rhode Island,Providence,Women's Street Footwear,$30.00 ,85,"$2,550 ","$1,097 ",43%,Outlet
,Foot Locker,1185732,8/7/21,Northeast,Rhode Island,Providence,Women's Athletic Footwear,$29.00 ,47,"$1,363 ",$586 ,43%,Outlet
,Foot Locker,1185732,8/7/21,Northeast,Rhode Island,Providence,Men's Apparel,$37.00 ,40,"$1,480 ",$533 ,36%,Outlet
,Foot Locker,1185732,8/7/21,Northeast,Rhode Island,Providence,Women's Apparel,$38.00 ,96,"$3,648 ","$1,715 ",47%,Outlet
,Foot Locker,1185732,9/6/21,Northeast,Rhode Island,Providence,Men's Street Footwear,$39.00 ,128,"$4,992 ","$2,097 ",42%,Outlet
,Foot Locker,1185732,9/6/21,Northeast,Rhode Island,Providence,Men's Athletic Footwear,$30.00 ,79,"$2,370 ",$877 ,37%,Outlet
,Foot Locker,1185732,9/6/21,Northeast,Rhode Island,Providence,Women's Street Footwear,$29.00 ,39,"$1,131 ",$486 ,43%,Outlet
,Foot Locker,1185732,9/6/21,Northeast,Rhode Island,Providence,Women's Athletic Footwear,$30.00 ,32,$960 ,$442 ,46%,Outlet
,Foot Locker,1185732,9/6/21,Northeast,Rhode Island,Providence,Men's Apparel,$34.00 ,33,"$1,122 ",$404 ,36%,Outlet
,Foot Locker,1185732,9/6/21,Northeast,Rhode Island,Providence,Women's Apparel,$41.00 ,64,"$2,624 ","$1,181 ",45%,Outlet
,Foot Locker,1185732,10/8/21,Northeast,Rhode Island,Providence,Men's Street Footwear,$37.00 ,113,"$4,181 ","$1,714 ",41%,Outlet
,Foot Locker,1185732,10/8/21,Northeast,Rhode Island,Providence,Men's Athletic Footwear,$38.00 ,68,"$2,584 ",$982 ,38%,Outlet
,Foot Locker,1185732,10/8/21,Northeast,Rhode Island,Providence,Women's Street Footwear,$40.00 ,30,"$1,200 ",$528 ,44%,Outlet
,Foot Locker,1185732,10/8/21,Northeast,Rhode Island,Providence,Women's Athletic Footwear,$39.00 ,23,$897 ,$404 ,45%,Outlet
,Foot Locker,1185732,10/8/21,Northeast,Rhode Island,Providence,Men's Apparel,$40.00 ,23,$920 ,$304 ,33%,Outlet
,Sports Direct,1185732,10/8/21,Northeast,Rhode Island,Providence,Women's Apparel,$47.00 ,66,"$3,102 ","$1,365 ",44%,Outlet
,Sports Direct,1185732,11/7/21,Northeast,Rhode Island,Providence,Men's Street Footwear,$40.00 ,105,"$4,200 ","$1,764 ",42%,Outlet
,Sports Direct,1185732,11/7/21,Northeast,Rhode Island,Providence,Men's Athletic Footwear,$40.00 ,74,"$2,960 ","$1,243 ",42%,Outlet
,Sports Direct,1185732,11/7/21,Northeast,Rhode Island,Providence,Women's Street Footwear,$37.00 ,68,"$2,516 ","$1,132 ",45%,Outlet
,Sports Direct,1185732,11/7/21,Northeast,Rhode Island,Providence,Women's Athletic Footwear,$36.00 ,68,"$2,448 ","$1,102 ",45%,Outlet
,Sports Direct,1185732,11/7/21,Northeast,Rhode Island,Providence,Men's Apparel,$43.00 ,61,"$2,623 ",$866 ,33%,Outlet
,Sports Direct,1185732,11/7/21,Northeast,Rhode Island,Providence,Women's Apparel,$46.00 ,83,"$3,818 ","$1,680 ",44%,Outlet
,Sports Direct,1185732,12/6/21,Northeast,Rhode Island,Providence,Men's Street Footwear,$48.00 ,160,"$7,680 ","$2,995 ",39%,Outlet
,Sports Direct,1185732,12/6/21,Northeast,Rhode Island,Providence,Men's Athletic Footwear,$37.00 ,102,"$3,774 ","$1,396 ",37%,Outlet
,Sports Direct,1185732,12/6/21,Northeast,Rhode Island,Providence,Women's Street Footwear,$40.00 ,88,"$3,520 ","$1,654 ",47%,Outlet
,Sports Direct,1185732,12/6/21,Northeast,Rhode Island,Providence,Women's Athletic Footwear,$34.00 ,77,"$2,618 ","$1,126 ",43%,Outlet
,Sports Direct,1185732,12/6/21,Northeast,Rhode Island,Providence,Men's Apparel,$41.00 ,74,"$3,034 ","$1,123 ",37%,Outlet
,Sports Direct,1185732,12/6/21,Northeast,Rhode Island,Providence,Women's Apparel,$51.00 ,111,"$5,661 ","$2,434 ",43%,Outlet
,Sports Direct,1185732,1/17/21,Northeast,Rhode Island,Providence,Men's Street Footwear,$28.00 ,140,"$3,920 ","$1,294 ",33%,Outlet
,Sports Direct,1185732,1/17/21,Northeast,Rhode Island,Providence,Men's Athletic Footwear,$28.00 ,88,"$2,464 ",$838 ,34%,Outlet
,Sports Direct,1185732,1/17/21,Northeast,Rhode Island,Providence,Women's Street Footwear,$22.00 ,75,"$1,650 ",$479 ,29%,Outlet
,Sports Direct,1185732,1/17/21,Northeast,Rhode Island,Providence,Women's Athletic Footwear,$25.00 ,33,$825 ,$256 ,31%,Outlet
,Sports Direct,1185732,1/17/21,Northeast,Rhode Island,Providence,Men's Apparel,$39.00 ,47,"$1,833 ",$587 ,32%,Outlet
,Sports Direct,1185732,1/17/21,Northeast,Rhode Island,Providence,Women's Apparel,$26.00 ,83,"$2,158 ",$734 ,34%,Outlet
,Sports Direct,1185732,2/15/21,Northeast,Rhode Island,Providence,Men's Street Footwear,$26.00 ,155,"$4,030 ","$1,491 ",37%,Outlet
,Sports Direct,1185732,2/15/21,Northeast,Rhode Island,Providence,Men's Athletic Footwear,$31.00 ,53,"$1,643 ",$575 ,35%,Outlet
,Sports Direct,1185732,2/15/21,Northeast,Rhode Island,Providence,Women's Street Footwear,$24.00 ,70,"$1,680 ",$487 ,29%,Outlet
,Sports Direct,1185732,2/15/21,Northeast,Massachusetts,Boston,Women's Athletic Footwear,$27.00 ,75,"$2,025 ",$648 ,32%,Outlet
,Sports Direct,1185732,2/15/21,Northeast,Massachusetts,Boston,Men's Apparel,$36.00 ,53,"$1,908 ",$515 ,27%,Outlet
,Sports Direct,1185732,2/15/21,Northeast,Massachusetts,Boston,Women's Apparel,$30.00 ,80,"$2,400 ",$768 ,32%,Outlet
,Sports Direct,1185732,3/13/21,Northeast,Massachusetts,Boston,Men's Street Footwear,$28.00 ,155,"$4,340 ","$1,476 ",34%,Outlet
,Sports Direct,1185732,3/13/21,Northeast,Massachusetts,Boston,Men's Athletic Footwear,$31.00 ,61,"$1,891 ",$643 ,34%,Outlet
,Sports Direct,1185732,3/13/21,Northeast,Massachusetts,Boston,Women's Street Footwear,$23.00 ,60,"$1,380 ",$442 ,32%,Outlet
,Sports Direct,1185732,3/13/21,Northeast,Massachusetts,Boston,Women's Athletic Footwear,$25.00 ,93,"$2,325 ",$651 ,28%,Outlet
,Sports Direct,1185732,3/13/21,Northeast,Massachusetts,Boston,Men's Apparel,$36.00 ,31,"$1,116 ",$335 ,30%,Outlet
,Sports Direct,1185732,3/13/21,Northeast,Massachusetts,Boston,Women's Apparel,$31.00 ,68,"$2,108 ",$780 ,37%,Outlet
,Sports Direct,1185732,4/14/21,Northeast,Massachusetts,Boston,Men's Street Footwear,$28.00 ,149,"$4,172 ","$1,377 ",33%,Outlet
,Sports Direct,1185732,4/14/21,Northeast,Massachusetts,Boston,Men's Athletic Footwear,$28.00 ,51,"$1,428 ",$514 ,36%,Outlet
,Sports Direct,1185732,4/14/21,Northeast,Massachusetts,Boston,Women's Street Footwear,$22.00 ,51,"$1,122 ",$348 ,31%,Outlet
,Sports Direct,1185732,4/14/21,Northeast,Massachusetts,Boston,Women's Athletic Footwear,$23.00 ,39,$897 ,$251 ,28%,Outlet
,Sports Direct,1185732,4/14/21,Northeast,Massachusetts,Boston,Men's Apparel,$33.00 ,44,"$1,452 ",$392 ,27%,Outlet
,Sports Direct,1185732,4/14/21,Northeast,Massachusetts,Boston,Women's Apparel,$30.00 ,94,"$2,820 ","$1,015 ",36%,Outlet
,Sports Direct,1185732,5/13/21,Northeast,Massachusetts,Boston,Men's Street Footwear,$41.00 ,173,"$7,093 ","$2,553 ",36%,Outlet
,Sports Direct,1185732,5/13/21,Northeast,Massachusetts,Boston,Men's Athletic Footwear,$34.00 ,68,"$2,312 ",$832 ,36%,Outlet
,Sports Direct,1185732,5/13/21,Northeast,Massachusetts,Boston,Women's Street Footwear,$30.00 ,68,"$2,040 ",$632 ,31%,Outlet
,Sports Direct,1185732,5/13/21,Northeast,Massachusetts,Boston,Women's Athletic Footwear,$32.00 ,54,"$1,728 ",$518 ,30%,Outlet
,Sports Direct,1185732,5/13/21,Northeast,Massachusetts,Boston,Men's Apparel,$39.00 ,60,"$2,340 ",$655 ,28%,Outlet
,Sports Direct,1185732,5/13/21,Northeast,Massachusetts,Boston,Women's Apparel,$43.00 ,104,"$4,472 ","$1,520 ",34%,Outlet
,Sports Direct,1185732,6/15/21,Northeast,Massachusetts,Boston,Men's Street Footwear,$39.00 ,196,"$7,644 ","$2,675 ",35%,Outlet
,Sports Direct,1185732,6/15/21,Northeast,Massachusetts,Boston,Men's Athletic Footwear,$36.00 ,114,"$4,104 ","$1,313 ",32%,Outlet
,Sports Direct,1185732,6/15/21,Northeast,Massachusetts,Boston,Women's Street Footwear,$36.00 ,75,"$2,700 ",$837 ,31%,Outlet
,Sports Direct,1185732,6/15/21,Northeast,Massachusetts,Boston,Women's Athletic Footwear,$34.00 ,72,"$2,448 ",$685 ,28%,Outlet
,Sports Direct,1185732,6/15/21,Northeast,Massachusetts,Boston,Men's Apparel,$39.00 ,74,"$2,886 ",$924 ,32%,Outlet
,Sports Direct,1185732,6/15/21,Northeast,Massachusetts,Boston,Women's Apparel,$47.00 ,120,"$5,640 ","$1,974 ",35%,Outlet
,Sports Direct,1185732,7/13/21,Northeast,Massachusetts,Boston,Men's Street Footwear,$37.00 ,180,"$6,660 ","$2,198 ",33%,Outlet
,Sports Direct,1185732,7/13/21,Northeast,Massachusetts,Boston,Men's Athletic Footwear,$36.00 ,105,"$3,780 ","$1,399 ",37%,Outlet
,Sports Direct,1185732,7/13/21,Northeast,Massachusetts,Boston,Women's Street Footwear,$32.00 ,88,"$2,816 ",$845 ,30%,Outlet
,Sports Direct,1185732,7/13/21,Northeast,Massachusetts,Boston,Women's Athletic Footwear,$34.00 ,77,"$2,618 ",$838 ,32%,Outlet
,Sports Direct,1185732,7/13/21,Northeast,Massachusetts,Boston,Men's Apparel,$41.00 ,80,"$3,280 ","$1,017 ",31%,Outlet
,Sports Direct,1185732,7/13/21,Northeast,Massachusetts,Boston,Women's Apparel,$41.00 ,132,"$5,412 ","$1,732 ",32%,Outlet
,Sports Direct,1185732,8/14/21,Northeast,Massachusetts,Boston,Men's Street Footwear,$40.00 ,196,"$7,840 ","$2,587 ",33%,Outlet
,Sports Direct,1185732,8/14/21,Northeast,Massachusetts,Boston,Men's Athletic Footwear,$33.00 ,112,"$3,696 ","$1,183 ",32%,Outlet
,Sports Direct,1185732,8/14/21,Northeast,Massachusetts,Boston,Women's Street Footwear,$29.00 ,85,"$2,465 ",$764 ,31%,Outlet
,Sports Direct,1185732,8/14/21,Northeast,Massachusetts,Boston,Women's Athletic Footwear,$31.00 ,58,"$1,798 ",$503 ,28%,Outlet
,Sports Direct,1185732,8/14/21,Northeast,Massachusetts,Boston,Men's Apparel,$40.00 ,51,"$2,040 ",$551 ,27%,Outlet
,Sports Direct,1185732,8/14/21,Northeast,Massachusetts,Boston,Women's Apparel,$46.00 ,98,"$4,508 ","$1,578 ",35%,Outlet
,Sports Direct,1185732,9/13/21,Northeast,Massachusetts,Boston,Men's Street Footwear,$36.00 ,153,"$5,508 ","$1,873 ",34%,Outlet
,Sports Direct,1185732,9/13/21,Northeast,Massachusetts,Boston,Men's Athletic Footwear,$35.00 ,88,"$3,080 ","$1,140 ",37%,Outlet
,Sports Direct,1185732,9/13/21,Northeast,Massachusetts,Boston,Women's Street Footwear,$30.00 ,47,"$1,410 ",$423 ,30%,Outlet
,Sports Direct,1185732,9/13/21,Northeast,Massachusetts,Boston,Women's Athletic Footwear,$34.00 ,39,"$1,326 ",$358 ,27%,Outlet
,Sports Direct,1185732,9/13/21,Northeast,Massachusetts,Boston,Men's Apparel,$39.00 ,41,"$1,599 ",$496 ,31%,Outlet
,Sports Direct,1185732,9/13/21,Northeast,Massachusetts,Boston,Women's Apparel,$41.00 ,77,"$3,157 ","$1,042 ",33%,Outlet
,Sports Direct,1185732,10/15/21,Northeast,Massachusetts,Boston,Men's Street Footwear,$40.00 ,132,"$5,280 ","$1,742 ",33%,Outlet
,Sports Direct,1185732,10/15/21,Northeast,Massachusetts,Boston,Men's Athletic Footwear,$37.00 ,68,"$2,516 ",$881 ,35%,Outlet
,Sports Direct,1185732,10/15/21,Northeast,Massachusetts,Boston,Women's Street Footwear,$41.00 ,38,"$1,558 ",$467 ,30%,Outlet
,Sports Direct,1185732,10/15/21,Northeast,Massachusetts,Boston,Women's Athletic Footwear,$38.00 ,32,"$1,216 ",$328 ,27%,Outlet
,Sports Direct,1185732,10/15/21,Northeast,Massachusetts,Boston,Men's Apparel,$51.00 ,34,"$1,734 ",$486 ,28%,Outlet
,Amazon,1185732,10/15/21,Northeast,Massachusetts,Boston,Women's Apparel,$51.00 ,68,"$3,468 ","$1,214 ",35%,Outlet
,Amazon,1185732,11/14/21,Northeast,Massachusetts,Boston,Men's Street Footwear,$49.00 ,120,"$5,880 ","$2,058 ",35%,Outlet
,Amazon,1185732,11/14/21,Northeast,Massachusetts,Boston,Men's Athletic Footwear,$40.00 ,102,"$4,080 ","$1,428 ",35%,Outlet
,Amazon,1185732,11/14/21,Northeast,Massachusetts,Boston,Women's Street Footwear,$44.00 ,91,"$4,004 ","$1,201 ",30%,Outlet
,Amazon,1185732,11/14/21,Northeast,Massachusetts,Boston,Women's Athletic Footwear,$42.00 ,83,"$3,486 ","$1,011 ",29%,Outlet
,Amazon,1185732,11/14/21,Northeast,Massachusetts,Boston,Men's Apparel,$50.00 ,78,"$3,900 ","$1,248 ",32%,Outlet
,Amazon,1185732,11/14/21,Northeast,Massachusetts,Boston,Women's Apparel,$48.00 ,123,"$5,904 ","$2,066 ",35%,Outlet
,Amazon,1185732,12/13/21,Northeast,Massachusetts,Boston,Men's Street Footwear,$51.00 ,178,"$9,078 ","$3,177 ",35%,Outlet
,Amazon,1185732,12/13/21,Northeast,Massachusetts,Boston,Men's Athletic Footwear,$37.00 ,113,"$4,181 ","$1,338 ",32%,Outlet
,Amazon,1185732,12/13/21,Northeast,Massachusetts,Boston,Women's Street Footwear,$36.00 ,112,"$4,032 ","$1,089 ",27%,Outlet
,Amazon,1185732,12/13/21,Northeast,Massachusetts,Boston,Women's Athletic Footwear,$43.00 ,105,"$4,515 ","$1,264 ",28%,Outlet
,Amazon,1185732,12/13/21,Northeast,Massachusetts,Boston,Men's Apparel,$52.00 ,90,"$4,680 ","$1,357 ",29%,Outlet
,Amazon,1185732,12/13/21,Northeast,Massachusetts,Boston,Women's Apparel,$51.00 ,128,"$6,528 ","$2,154 ",33%,Outlet
,Amazon,1185732,1/14/21,Northeast,Massachusetts,Boston,Men's Street Footwear,$35.00 ,179,"$6,265 ","$3,258 ",52%,Outlet
,Amazon,1185732,1/14/21,Northeast,Massachusetts,Boston,Men's Athletic Footwear,$36.00 ,107,"$3,852 ","$1,887 ",49%,Outlet
,Amazon,1185732,1/14/21,Northeast,Massachusetts,Boston,Women's Street Footwear,$27.00 ,101,"$2,727 ","$1,091 ",40%,Outlet
,Amazon,1185732,1/14/21,Northeast,Massachusetts,Boston,Women's Athletic Footwear,$29.00 ,53,"$1,537 ",$599 ,39%,Outlet
,Amazon,1185732,1/14/21,Northeast,Massachusetts,Boston,Men's Apparel,$37.00 ,70,"$2,590 ","$1,062 ",41%,Outlet
,Amazon,1185732,1/14/21,Northeast,Massachusetts,Boston,Women's Apparel,$34.00 ,104,"$3,536 ","$1,520 ",43%,Outlet
,Amazon,1185732,2/12/21,Northeast,Massachusetts,Boston,Men's Street Footwear,$33.00 ,184,"$6,072 ","$2,854 ",47%,Outlet
,Amazon,1185732,2/12/21,Northeast,Massachusetts,Boston,Men's Athletic Footwear,$33.00 ,72,"$2,376 ","$1,117 ",47%,Outlet
,Amazon,1185732,2/12/21,Northeast,Massachusetts,Boston,Women's Street Footwear,$25.00 ,85,"$2,125 ",$850 ,40%,Outlet
,Amazon,1185732,2/12/21,Northeast,Vermont,Burlington,Women's Athletic Footwear,$30.00 ,48,"$1,440 ",$547 ,38%,Outlet
,Amazon,1185732,2/12/21,Northeast,Vermont,Burlington,Men's Apparel,$36.00 ,68,"$2,448 ",$955 ,39%,Outlet
,Amazon,1185732,2/12/21,Northeast,Vermont,Burlington,Women's Apparel,$35.00 ,107,"$3,745 ","$1,760 ",47%,Outlet
,Amazon,1185732,3/10/21,Northeast,Vermont,Burlington,Men's Street Footwear,$35.00 ,185,"$6,475 ","$3,173 ",49%,Outlet
,Amazon,1185732,3/10/21,Northeast,Vermont,Burlington,Men's Athletic Footwear,$36.00 ,80,"$2,880 ","$1,440 ",50%,Outlet
,Amazon,1185732,3/10/21,Northeast,Vermont,Burlington,Women's Street Footwear,$23.00 ,85,"$1,955 ",$743 ,38%,Outlet
,Amazon,1185732,3/10/21,Northeast,Vermont,Burlington,Women's Athletic Footwear,$30.00 ,39,"$1,170 ",$468 ,40%,Outlet
,Amazon,1185732,3/10/21,Northeast,Vermont,Burlington,Men's Apparel,$36.00 ,56,"$2,016 ",$786 ,39%,Outlet
,Amazon,1185732,3/10/21,Northeast,Vermont,Burlington,Women's Apparel,$29.00 ,96,"$2,784 ","$1,281 ",46%,Outlet
,Amazon,1185732,4/11/21,Northeast,Vermont,Burlington,Men's Street Footwear,$30.00 ,168,"$5,040 ","$2,621 ",52%,Outlet
,Amazon,1185732,4/11/21,Northeast,Vermont,Burlington,Men's Athletic Footwear,$35.00 ,68,"$2,380 ","$1,119 ",47%,Outlet
,Amazon,1185732,4/11/21,Northeast,Vermont,Burlington,Women's Street Footwear,$25.00 ,74,"$1,850 ",$777 ,42%,Outlet
,Amazon,1185732,4/11/21,Northeast,Vermont,Burlington,Women's Athletic Footwear,$30.00 ,50,"$1,500 ",$600 ,40%,Outlet
,Amazon,1185732,4/11/21,Northeast,Vermont,Burlington,Men's Apparel,$41.00 ,53,"$2,173 ",$913 ,42%,Outlet
,Amazon,1185732,4/11/21,Northeast,Vermont,Burlington,Women's Apparel,$36.00 ,90,"$3,240 ","$1,426 ",44%,Outlet
,Amazon,1185732,5/10/21,Northeast,Vermont,Burlington,Men's Street Footwear,$48.00 ,177,"$8,496 ","$4,333 ",51%,Outlet
,Amazon,1185732,5/10/21,Northeast,Vermont,Burlington,Men's Athletic Footwear,$41.00 ,94,"$3,854 ","$1,966 ",51%,Outlet
,Amazon,1185732,5/10/21,Northeast,Vermont,Burlington,Women's Street Footwear,$37.00 ,96,"$3,552 ","$1,314 ",37%,Outlet
,Amazon,1185732,5/10/21,Northeast,Vermont,Burlington,Women's Athletic Footwear,$40.00 ,83,"$3,320 ","$1,328 ",40%,Outlet
,Amazon,1185732,5/10/21,Northeast,Vermont,Burlington,Men's Apparel,$46.00 ,91,"$4,186 ","$1,716 ",41%,Outlet
,Amazon,1185732,5/10/21,Northeast,Vermont,Burlington,Women's Apparel,$47.00 ,120,"$5,640 ","$2,594 ",46%,Outlet
,Amazon,1185732,6/12/21,Northeast,Vermont,Burlington,Men's Street Footwear,$47.00 ,195,"$9,165 ","$4,491 ",49%,Outlet
,Amazon,1185732,6/12/21,Northeast,Vermont,Burlington,Men's Athletic Footwear,$44.00 ,120,"$5,280 ","$2,640 ",50%,Outlet
,Amazon,1185732,6/12/21,Northeast,Vermont,Burlington,Women's Street Footwear,$35.00 ,104,"$3,640 ","$1,420 ",39%,Outlet
,Amazon,1185732,6/12/21,Northeast,Vermont,Burlington,Women's Athletic Footwear,$38.00 ,102,"$3,876 ","$1,550 ",40%,Outlet
,Amazon,1185732,6/12/21,Northeast,Vermont,Burlington,Men's Apparel,$44.00 ,105,"$4,620 ","$1,894 ",41%,Outlet
,Amazon,1185732,6/12/21,Northeast,Vermont,Burlington,Women's Apparel,$49.00 ,158,"$7,742 ","$3,484 ",45%,Outlet
,Amazon,1185732,7/10/21,Northeast,Vermont,Burlington,Men's Street Footwear,$45.00 ,209,"$9,405 ","$4,891 ",52%,Outlet
,Amazon,1185732,7/10/21,Northeast,Vermont,Burlington,Men's Athletic Footwear,$42.00 ,145,"$6,090 ","$3,045 ",50%,Outlet
,Amazon,1185732,7/10/21,Northeast,Vermont,Burlington,Women's Street Footwear,$33.00 ,109,"$3,597 ","$1,331 ",37%,Outlet
,Amazon,1185732,7/10/21,Northeast,Vermont,Burlington,Women's Athletic Footwear,$36.00 ,96,"$3,456 ","$1,452 ",42%,Outlet
,Amazon,1185732,7/10/21,Northeast,Vermont,Burlington,Men's Apparel,$39.00 ,114,"$4,446 ","$1,689 ",38%,Outlet
,Amazon,1185732,7/10/21,Northeast,Vermont,Burlington,Women's Apparel,$49.00 ,175,"$8,575 ","$4,030 ",47%,Outlet
,Amazon,1185732,8/11/21,Northeast,Vermont,Burlington,Men's Street Footwear,$42.00 ,215,"$9,030 ","$4,605 ",51%,Outlet
,Amazon,1185732,8/11/21,Northeast,Vermont,Burlington,Men's Athletic Footwear,$43.00 ,149,"$6,407 ","$3,332 ",52%,Outlet
,Amazon,1185732,8/11/21,Northeast,Vermont,Burlington,Women's Street Footwear,$34.00 ,116,"$3,944 ","$1,538 ",39%,Outlet
,Amazon,1185732,8/11/21,Northeast,Vermont,Burlington,Women's Athletic Footwear,$40.00 ,85,"$3,400 ","$1,428 ",42%,Outlet
,Amazon,1185732,8/11/21,Northeast,Vermont,Burlington,Men's Apparel,$43.00 ,72,"$3,096 ","$1,207 ",39%,Outlet
,Amazon,1185732,8/11/21,Northeast,Vermont,Burlington,Women's Apparel,$44.00 ,136,"$5,984 ","$2,573 ",43%,Outlet
,Amazon,1185732,9/10/21,Northeast,Vermont,Burlington,Men's Street Footwear,$44.00 ,179,"$7,876 ","$3,859 ",49%,Outlet
,Amazon,1185732,9/10/21,Northeast,Vermont,Burlington,Men's Athletic Footwear,$42.00 ,111,"$4,662 ","$2,378 ",51%,Outlet
,Amazon,1185732,9/10/21,Northeast,Vermont,Burlington,Women's Street Footwear,$40.00 ,72,"$2,880 ","$1,210 ",42%,Outlet
,Amazon,1185732,9/10/21,Northeast,Vermont,Burlington,Women's Athletic Footwear,$35.00 ,66,"$2,310 ",$924 ,40%,Outlet
,Amazon,1185732,9/10/21,Northeast,Vermont,Burlington,Men's Apparel,$48.00 ,68,"$3,264 ","$1,208 ",37%,Outlet
,Amazon,1185732,9/10/21,Northeast,Vermont,Burlington,Women's Apparel,$45.00 ,93,"$4,185 ","$1,925 ",46%,Outlet
,Amazon,1185732,10/12/21,Northeast,Vermont,Burlington,Men's Street Footwear,$44.00 ,157,"$6,908 ","$3,247 ",47%,Outlet
,Amazon,1185732,10/12/21,Northeast,Vermont,Burlington,Men's Athletic Footwear,$44.00 ,99,"$4,356 ","$2,134 ",49%,Outlet
,Amazon,1185732,10/12/21,Northeast,Vermont,Burlington,Women's Street Footwear,$40.00 ,66,"$2,640 ",$977 ,37%,Outlet
,Amazon,1185732,10/12/21,Northeast,Vermont,Burlington,Women's Athletic Footwear,$46.00 ,61,"$2,806 ","$1,038 ",37%,Outlet
,Amazon,1185732,10/12/21,Northeast,Vermont,Burlington,Men's Apparel,$55.00 ,58,"$3,190 ","$1,180 ",37%,Outlet
,West Gear,1185732,10/12/21,Northeast,Vermont,Burlington,Women's Apparel,$54.00 ,90,"$4,860 ","$2,236 ",46%,Outlet
,West Gear,1185732,11/11/21,Northeast,Vermont,Burlington,Men's Street Footwear,$54.00 ,140,"$7,560 ","$3,780 ",50%,Outlet
,West Gear,1185732,11/11/21,Northeast,Vermont,Burlington,Men's Athletic Footwear,$47.00 ,98,"$4,606 ","$2,257 ",49%,Outlet
,West Gear,1185732,11/11/21,Northeast,Vermont,Burlington,Women's Street Footwear,$46.00 ,102,"$4,692 ","$1,736 ",37%,Outlet
,Amazon,1185732,11/11/21,Northeast,Vermont,Burlington,Women's Athletic Footwear,$42.00 ,96,"$4,032 ","$1,572 ",39%,Outlet
,Amazon,1185732,11/11/21,Northeast,Vermont,Burlington,Men's Apparel,$50.00 ,91,"$4,550 ","$1,775 ",39%,Outlet
,Amazon,1185732,11/11/21,Northeast,Vermont,Burlington,Women's Apparel,$57.00 ,128,"$7,296 ","$3,429 ",47%,Outlet
,Amazon,1185732,12/10/21,Northeast,Vermont,Burlington,Men's Street Footwear,$48.00 ,186,"$8,928 ","$4,285 ",48%,Outlet
,Amazon,1185732,12/10/21,Northeast,Vermont,Burlington,Men's Athletic Footwear,$41.00 ,132,"$5,412 ","$2,760 ",51%,Outlet
,Amazon,1185732,12/10/21,Northeast,Vermont,Burlington,Women's Street Footwear,$44.00 ,131,"$5,764 ","$2,306 ",40%,Outlet
,Amazon,1185732,12/10/21,Northeast,Vermont,Burlington,Women's Athletic Footwear,$44.00 ,101,"$4,444 ","$1,866 ",42%,Outlet
,Amazon,1185732,12/10/21,Northeast,Vermont,Burlington,Men's Apparel,$48.00 ,104,"$4,992 ","$2,097 ",42%,Outlet
,Amazon,1185732,12/10/21,Northeast,Vermont,Burlington,Women's Apparel,$60.00 ,145,"$8,700 ","$4,089 ",47%,Outlet
,Amazon,1185732,1/21/21,Northeast,Vermont,Burlington,Men's Street Footwear,$34.00 ,173,"$5,882 ","$2,529 ",43%,Outlet
,Amazon,1185732,1/21/21,Northeast,Vermont,Burlington,Men's Athletic Footwear,$39.00 ,111,"$4,329 ","$1,861 ",43%,Outlet
,Amazon,1185732,1/21/21,Northeast,Vermont,Burlington,Women's Street Footwear,$28.00 ,101,"$2,828 ","$1,018 ",36%,Outlet
,Amazon,1185732,1/21/21,Northeast,Vermont,Burlington,Women's Athletic Footwear,$36.00 ,60,"$2,160 ",$691 ,32%,Outlet
,Amazon,1185732,1/21/21,Northeast,Vermont,Burlington,Men's Apparel,$43.00 ,74,"$3,182 ","$1,050 ",33%,Outlet
,Amazon,1185732,1/21/21,Northeast,Vermont,Burlington,Women's Apparel,$35.00 ,101,"$3,535 ","$1,414 ",40%,Outlet
,Amazon,1185732,2/19/21,Northeast,Vermont,Burlington,Men's Street Footwear,$34.00 ,186,"$6,324 ","$2,783 ",44%,Outlet
,Amazon,1185732,2/19/21,Northeast,Vermont,Burlington,Men's Athletic Footwear,$37.00 ,85,"$3,145 ","$1,352 ",43%,Outlet
,Amazon,1185732,2/19/21,Northeast,Vermont,Burlington,Women's Street Footwear,$31.00 ,96,"$2,976 ","$1,012 ",34%,Outlet
,Amazon,1185732,2/19/21,Northeast,New Hampshire,Manchester,Women's Athletic Footwear,$31.00 ,68,"$2,108 ",$717 ,34%,Outlet
,Amazon,1185732,2/19/21,Northeast,New Hampshire,Manchester,Men's Apparel,$41.00 ,96,"$3,936 ","$1,299 ",33%,Outlet
,Amazon,1185732,2/19/21,Northeast,New Hampshire,Manchester,Women's Apparel,$36.00 ,124,"$4,464 ","$1,786 ",40%,Outlet
,Amazon,1185732,3/17/21,Northeast,New Hampshire,Manchester,Men's Street Footwear,$39.00 ,188,"$7,332 ","$3,373 ",46%,Outlet
,Amazon,1185732,3/17/21,Northeast,New Hampshire,Manchester,Men's Athletic Footwear,$36.00 ,88,"$3,168 ","$1,457 ",46%,Outlet
,Amazon,1185732,3/17/21,Northeast,New Hampshire,Manchester,Women's Street Footwear,$32.00 ,105,"$3,360 ","$1,142 ",34%,Outlet
,Amazon,1185732,3/17/21,Northeast,New Hampshire,Manchester,Women's Athletic Footwear,$33.00 ,45,"$1,485 ",$549 ,37%,Outlet
,Amazon,1185732,3/17/21,Northeast,New Hampshire,Manchester,Men's Apparel,$47.00 ,60,"$2,820 ",$931 ,33%,Outlet
,Amazon,1185732,3/17/21,Northeast,New Hampshire,Manchester,Women's Apparel,$36.00 ,99,"$3,564 ","$1,354 ",38%,Outlet
,Amazon,1185732,4/18/21,Northeast,New Hampshire,Manchester,Men's Street Footwear,$33.00 ,187,"$6,171 ","$2,592 ",42%,Outlet
,Amazon,1185732,4/18/21,Northeast,New Hampshire,Manchester,Men's Athletic Footwear,$38.00 ,85,"$3,230 ","$1,357 ",42%,Outlet
,Amazon,1185732,4/18/21,Northeast,New Hampshire,Manchester,Women's Street Footwear,$26.00 ,80,"$2,080 ",$707 ,34%,Outlet
,Amazon,1185732,4/18/21,Northeast,New Hampshire,Manchester,Women's Athletic Footwear,$35.00 ,53,"$1,855 ",$594 ,32%,Outlet
,Amazon,1185732,4/18/21,Northeast,New Hampshire,Manchester,Men's Apparel,$40.00 ,61,"$2,440 ",$805 ,33%,Outlet
,Amazon,1185732,4/18/21,Northeast,New Hampshire,Manchester,Women's Apparel,$33.00 ,101,"$3,333 ","$1,233 ",37%,Outlet
,Amazon,1185732,5/17/21,Northeast,New Hampshire,Manchester,Men's Street Footwear,$47.00 ,196,"$9,212 ","$3,961 ",43%,Outlet
,Amazon,1185732,5/17/21,Northeast,New Hampshire,Manchester,Men's Athletic Footwear,$40.00 ,93,"$3,720 ","$1,600 ",43%,Outlet
,Amazon,1185732,5/17/21,Northeast,New Hampshire,Manchester,Women's Street Footwear,$42.00 ,101,"$4,242 ","$1,442 ",34%,Outlet
,Amazon,1185732,5/17/21,Northeast,New Hampshire,Manchester,Women's Athletic Footwear,$41.00 ,91,"$3,731 ","$1,269 ",34%,Outlet
,Amazon,1185732,5/17/21,Northeast,New Hampshire,Manchester,Men's Apparel,$52.00 ,90,"$4,680 ","$1,498 ",32%,Outlet
,Amazon,1185732,5/17/21,Northeast,New Hampshire,Manchester,Women's Apparel,$46.00 ,140,"$6,440 ","$2,512 ",39%,Outlet
,Amazon,1185732,6/19/21,Northeast,New Hampshire,Manchester,Men's Street Footwear,$44.00 ,216,"$9,504 ","$4,372 ",46%,Outlet
,Amazon,1185732,6/19/21,Northeast,New Hampshire,Manchester,Men's Athletic Footwear,$40.00 ,140,"$5,600 ","$2,632 ",47%,Outlet
,Amazon,1185732,6/19/21,Northeast,New Hampshire,Manchester,Women's Street Footwear,$43.00 ,109,"$4,687 ","$1,687 ",36%,Outlet
,Amazon,1185732,6/19/21,Northeast,New Hampshire,Manchester,Women's Athletic Footwear,$37.00 ,104,"$3,848 ","$1,308 ",34%,Outlet
,Amazon,1185732,6/19/21,Northeast,New Hampshire,Manchester,Men's Apparel,$47.00 ,114,"$5,358 ","$1,982 ",37%,Outlet
,Amazon,1185732,6/19/21,Northeast,New Hampshire,Manchester,Women's Apparel,$50.00 ,162,"$8,100 ","$3,402 ",42%,Outlet
,Amazon,1185732,7/17/21,Northeast,New Hampshire,Manchester,Men's Street Footwear,$49.00 ,224,"$10,976 ","$4,610 ",42%,Outlet
,Amazon,1185732,7/17/21,Northeast,New Hampshire,Manchester,Men's Athletic Footwear,$47.00 ,149,"$7,003 ","$3,081 ",44%,Outlet
,Amazon,1185732,7/17/21,Northeast,New Hampshire,Manchester,Women's Street Footwear,$37.00 ,128,"$4,736 ","$1,705 ",36%,Outlet
,Amazon,1185732,7/17/21,Northeast,New Hampshire,Manchester,Women's Athletic Footwear,$39.00 ,107,"$4,173 ","$1,461 ",35%,Outlet
,Amazon,1185732,7/17/21,Northeast,New Hampshire,Manchester,Men's Apparel,$47.00 ,119,"$5,593 ","$2,069 ",37%,Outlet
,Amazon,1185732,7/17/21,Northeast,New Hampshire,Manchester,Women's Apparel,$47.00 ,163,"$7,661 ","$3,064 ",40%,Outlet
,Amazon,1185732,8/18/21,Northeast,New Hampshire,Manchester,Men's Street Footwear,$48.00 ,203,"$9,744 ","$4,482 ",46%,Outlet
,Amazon,1185732,8/18/21,Northeast,New Hampshire,Manchester,Men's Athletic Footwear,$39.00 ,135,"$5,265 ","$2,475 ",47%,Outlet
,Amazon,1185732,8/18/21,Northeast,New Hampshire,Manchester,Women's Street Footwear,$39.00 ,113,"$4,407 ","$1,542 ",35%,Outlet
,Amazon,1185732,8/18/21,Northeast,New Hampshire,Manchester,Women's Athletic Footwear,$42.00 ,88,"$3,696 ","$1,183 ",32%,Outlet
,Amazon,1185732,8/18/21,Northeast,New Hampshire,Manchester,Men's Apparel,$45.00 ,80,"$3,600 ","$1,188 ",33%,Outlet
,Amazon,1185732,8/18/21,Northeast,New Hampshire,Manchester,Women's Apparel,$46.00 ,145,"$6,670 ","$2,468 ",37%,Outlet
,Amazon,1185732,9/17/21,Northeast,New Hampshire,Manchester,Men's Street Footwear,$51.00 ,193,"$9,843 ","$4,331 ",44%,Outlet
,Amazon,1185732,9/17/21,Northeast,New Hampshire,Manchester,Men's Athletic Footwear,$43.00 ,116,"$4,988 ","$2,095 ",42%,Outlet
,Amazon,1185732,9/17/21,Northeast,New Hampshire,Manchester,Women's Street Footwear,$43.00 ,78,"$3,354 ","$1,107 ",33%,Outlet
,Amazon,1185732,9/17/21,Northeast,New Hampshire,Manchester,Women's Athletic Footwear,$41.00 ,74,"$3,034 ","$1,123 ",37%,Outlet
,Amazon,1185732,9/17/21,Northeast,New Hampshire,Manchester,Men's Apparel,$48.00 ,70,"$3,360 ","$1,210 ",36%,Outlet
,Amazon,1185732,9/17/21,Northeast,New Hampshire,Manchester,Women's Apparel,$53.00 ,104,"$5,512 ","$2,039 ",37%,Outlet
,Foot Locker,1185732,10/19/21,Northeast,New Hampshire,Manchester,Men's Street Footwear,$52.00 ,162,"$8,424 ","$3,538 ",42%,Outlet
,Foot Locker,1185732,10/19/21,Northeast,New Hampshire,Manchester,Men's Athletic Footwear,$44.00 ,99,"$4,356 ","$1,917 ",44%,Outlet
,Foot Locker,1185732,10/19/21,Northeast,New Hampshire,Manchester,Women's Street Footwear,$52.00 ,60,"$3,120 ","$1,030 ",33%,Outlet
,Foot Locker,1185732,10/19/21,Northeast,New Hampshire,Manchester,Women's Athletic Footwear,$44.00 ,61,"$2,684 ",$859 ,32%,Outlet
,Foot Locker,1185732,10/19/21,Northeast,New Hampshire,Manchester,Men's Apparel,$50.00 ,58,"$2,900 ",$928 ,32%,Outlet
,Foot Locker,1185732,10/19/21,Northeast,New Hampshire,Manchester,Women's Apparel,$64.00 ,90,"$5,760 ","$2,246 ",39%,Outlet
,Foot Locker,1185732,11/18/21,Northeast,New Hampshire,Manchester,Men's Street Footwear,$59.00 ,149,"$8,791 ","$3,780 ",43%,Outlet
,Foot Locker,1185732,11/18/21,Northeast,New Hampshire,Manchester,Men's Athletic Footwear,$42.00 ,114,"$4,788 ","$2,059 ",43%,Outlet
,Foot Locker,1185732,11/18/21,Northeast,New Hampshire,Manchester,Women's Street Footwear,$51.00 ,114,"$5,814 ","$2,035 ",35%,Outlet
,Foot Locker,1185732,11/18/21,Northeast,New Hampshire,Manchester,Women's Athletic Footwear,$43.00 ,114,"$4,902 ","$1,667 ",34%,Outlet
,Foot Locker,1185732,11/18/21,Northeast,New Hampshire,Manchester,Men's Apparel,$59.00 ,96,"$5,664 ","$1,926 ",34%,Outlet
,Foot Locker,1185732,11/18/21,Northeast,New Hampshire,Manchester,Women's Apparel,$61.00 ,120,"$7,320 ","$3,001 ",41%,Outlet
,Foot Locker,1185732,12/17/21,Northeast,New Hampshire,Manchester,Men's Street Footwear,$49.00 ,200,"$9,800 ","$4,606 ",47%,Outlet
,Foot Locker,1185732,12/17/21,Northeast,New Hampshire,Manchester,Men's Athletic Footwear,$49.00 ,128,"$6,272 ","$2,634 ",42%,Outlet
,Foot Locker,1185732,12/17/21,Northeast,New Hampshire,Manchester,Women's Street Footwear,$47.00 ,128,"$6,016 ","$2,166 ",36%,Outlet
,Foot Locker,1185732,12/17/21,Northeast,New Hampshire,Manchester,Women's Athletic Footwear,$49.00 ,116,"$5,684 ","$1,989 ",35%,Outlet
,Foot Locker,1185732,12/17/21,Northeast,New Hampshire,Manchester,Men's Apparel,$50.00 ,123,"$6,150 ","$2,276 ",37%,Outlet
,Foot Locker,1185732,12/17/21,Northeast,New Hampshire,Manchester,Women's Apparel,$61.00 ,144,"$8,784 ","$3,514 ",40%,Outlet
,Foot Locker,1185732,1/24/21,Northeast,New Hampshire,Manchester,Men's Street Footwear,$36.00 ,165,"$5,940 ","$2,198 ",37%,Outlet
,Foot Locker,1185732,1/24/21,Northeast,New Hampshire,Manchester,Men's Athletic Footwear,$36.00 ,93,"$3,348 ","$1,339 ",40%,Outlet
,Foot Locker,1185732,1/24/21,Northeast,New Hampshire,Manchester,Women's Street Footwear,$35.00 ,99,"$3,465 ",$936 ,27%,Outlet
,Foot Locker,1185732,1/24/21,Northeast,New Hampshire,Manchester,Women's Athletic Footwear,$33.00 ,51,"$1,683 ",$471 ,28%,Outlet
,Foot Locker,1185732,1/24/21,Northeast,New Hampshire,Manchester,Men's Apparel,$50.00 ,64,"$3,200 ",$896 ,28%,Outlet
,Foot Locker,1185732,1/24/21,Northeast,New Hampshire,Manchester,Women's Apparel,$41.00 ,105,"$4,305 ","$1,378 ",32%,Outlet
,Foot Locker,1185732,2/22/21,Northeast,New Hampshire,Manchester,Men's Street Footwear,$41.00 ,184,"$7,544 ","$2,791 ",37%,Outlet
,Foot Locker,1185732,2/22/21,Northeast,New Hampshire,Manchester,Men's Athletic Footwear,$42.00 ,70,"$2,940 ","$1,235 ",42%,Outlet
,Foot Locker,1185732,2/22/21,Northeast,New Hampshire,Manchester,Women's Street Footwear,$29.00 ,83,"$2,407 ",$650 ,27%,Outlet